Created:October-13-2022 
Coverage:23 
N:20 
NUM-IONS:92 
NSTEPS:15000 
WRITE-PERIODICITY:100 
epsilon:1.71 
0  25 
-8  1 
21  13 
12  -20 
19  39 
32  -21 
-12  16 
23  22 
11  58 
36  13 
-7  6 
-14  6 
19  35 
18  -20 
-19  -30 
8  12 
15  25 
12  8 
16  26 
17  -16 
-27  24 
10  -4 
27  5 
23  -7 
-15  21 
2  44 
16  -20 
2  22 
7  23 
-22  27 
-21  -13 
36  9 
3  25 
24  11 
26  -29 
-9  -27 
-18  -1 
-10  -15 
-5  -5 
8  10 
80  13 
29  3 
34  2 
26  -6 
0  3 
5  23 
28  14 
7  20 
28  0 
7  13 
19  5 
-16  23 
6  5 
0  2 
1  -8 
21  -17 
36  16 
-21  18 
-6  5 
17  17 
17  14 
14  -3 
17  9 
14  29 
11  4 
21  11 
3  40 
2  -5 
5  26 
-3  1 
7  16 
17  28 
-18  6 
34  7 
9  -3 
4  22 
27  15 
-34  3 
12  37 
3  18 
-13  30 
-44  44 
12  13 
22  11 
10  12 
7  18 
30  11 
14  4 
7  39 
25  -20 
-21  4 
-1  20 
0  27 
-11  0 
24  11 
11  -18 
19  36 
32  -19 
-13  14 
25  22 
12  59 
34  9 
-7  8 
-15  6 
19  35 
22  -18 
-21  -33 
9  10 
15  22 
14  8 
15  23 
17  -20 
-29  24 
13  -6 
28  1 
22  -5 
-16  20 
1  42 
14  -18 
-1  18 
12  28 
-18  27 
-17  -13 
37  8 
2  24 
18  10 
33  -34 
-12  -26 
-18  -2 
-10  -14 
-2  -9 
7  13 
81  11 
29  3 
38  3 
22  -7 
1  3 
6  23 
22  14 
6  17 
28  0 
8  8 
19  5 
-17  22 
2  6 
1  -2 
5  -11 
20  -17 
36  16 
-22  20 
-4  6 
16  13 
18  17 
10  -4 
20  5 
11  34 
12  5 
22  11 
2  39 
3  -9 
11  28 
-5  -1 
5  17 
16  28 
-21  8 
35  8 
10  -2 
6  20 
26  14 
-32  4 
11  36 
4  19 
-14  27 
-44  44 
6  15 
25  14 
12  11 
7  19 
30  13 
13  3 
7  38 
23  -22 
-21  4 
-1  20 
-3  24 
-10  2 
23  12 
11  -24 
24  35 
31  -18 
-8  10 
24  22 
13  60 
33  6 
-6  7 
-18  6 
19  35 
23  -18 
-23  -32 
11  11 
12  22 
14  8 
18  20 
15  -21 
-27  22 
14  -6 
28  0 
20  -4 
-21  16 
1  39 
14  -18 
-1  18 
12  31 
-15  26 
-11  -16 
38  9 
2  27 
22  11 
29  -38 
-12  -24 
-18  -1 
-13  -17 
1  -9 
9  10 
81  10 
32  0 
38  3 
26  -6 
2  1 
5  23 
20  14 
5  14 
23  0 
12  8 
15  5 
-14  23 
2  4 
1  3 
5  -15 
22  -18 
36  16 
-21  20 
-4  6 
16  14 
14  17 
14  -9 
20  5 
9  32 
11  4 
21  13 
1  38 
6  -11 
8  32 
-4  0 
11  14 
15  28 
-21  8 
36  10 
10  -2 
5  17 
27  17 
-37  5 
8  35 
2  17 
-14  26 
-44  42 
10  12 
25  22 
11  8 
7  19 
29  15 
14  5 
7  33 
24  -22 
-21  5 
5  18 
-4  28 
-8  -3 
20  8 
11  -29 
24  38 
31  -15 
-6  11 
23  22 
12  61 
33  6 
-6  8 
-15  5 
17  37 
20  -18 
-23  -30 
9  12 
12  22 
15  7 
18  20 
16  -20 
-21  25 
13  -6 
28  1 
20  -4 
-21  16 
0  37 
15  -20 
0  18 
12  28 
-18  24 
-11  -17 
36  10 
1  27 
20  11 
31  -38 
-8  -21 
-21  -2 
-14  -17 
0  -8 
11  8 
80  13 
32  0 
39  2 
21  -10 
0  3 
7  18 
21  11 
11  19 
22  -5 
13  8 
18  3 
-14  26 
4  0 
2  2 
6  -19 
21  -17 
38  17 
-20  19 
-8  3 
14  14 
14  17 
7  -9 
16  6 
9  30 
11  4 
23  12 
2  38 
10  -9 
10  32 
-5  2 
7  13 
17  28 
-20  7 
38  9 
11  -4 
1  15 
27  17 
-38  6 
10  33 
1  13 
-15  26 
-44  45 
12  12 
27  20 
6  10 
12  16 
28  16 
14  5 
6  34 
21  -22 
-23  5 
3  18 
-6  29 
-5  0 
21  9 
11  -27 
25  38 
27  -16 
-4  14 
25  21 
10  62 
33  6 
-6  7 
-17  7 
16  36 
20  -17 
-19  -28 
12  10 
10  16 
15  7 
18  26 
14  -18 
-21  25 
14  -6 
28  1 
18  4 
-23  17 
2  37 
16  -20 
1  18 
14  28 
-18  26 
-12  -16 
38  9 
3  26 
21  7 
32  -39 
-10  -22 
-21  -2 
-15  -17 
4  -7 
13  8 
76  10 
32  -3 
39  4 
19  -13 
2  4 
9  17 
20  7 
11  22 
23  -7 
17  8 
12  0 
-16  31 
0  2 
4  2 
3  -20 
21  -27 
34  17 
-22  20 
-7  3 
14  10 
15  16 
11  -8 
12  4 
10  33 
11  4 
20  13 
1  42 
5  -7 
12  33 
-5  1 
9  12 
18  30 
-18  10 
35  12 
12  -4 
-1  16 
27  18 
-37  5 
12  31 
1  11 
-17  30 
-44  46 
9  10 
30  15 
9  8 
9  18 
31  14 
14  5 
4  29 
22  -21 
-20  5 
4  20 
-7  32 
-4  0 
24  10 
8  -26 
22  38 
26  -14 
-9  16 
28  24 
9  63 
33  6 
-6  9 
-17  6 
20  37 
22  -21 
-20  -29 
11  11 
10  18 
15  8 
16  30 
16  -16 
-21  24 
13  -6 
28  1 
19  5 
-23  17 
1  40 
17  -15 
1  15 
14  27 
-17  25 
-15  -15 
40  7 
10  22 
20  9 
33  -37 
-13  -22 
-21  -2 
-14  -15 
0  -7 
10  6 
77  9 
34  -3 
34  2 
21  -12 
2  6 
9  17 
18  6 
13  22 
22  -5 
16  8 
14  0 
-18  31 
0  2 
5  3 
1  -17 
20  -26 
27  19 
-15  22 
-11  0 
11  8 
16  15 
9  -8 
2  4 
10  33 
12  5 
21  12 
0  43 
7  -7 
9  31 
-5  -1 
6  11 
17  28 
-21  7 
36  11 
15  -4 
-1  16 
22  22 
-36  6 
12  31 
1  13 
-18  33 
-45  45 
9  10 
28  16 
10  14 
11  22 
31  14 
18  5 
3  35 
25  -23 
-20  5 
5  21 
-4  34 
-2  0 
22  14 
2  -27 
27  39 
24  -10 
-11  18 
33  23 
9  63 
33  6 
-6  10 
-16  8 
22  36 
25  -23 
-16  -27 
9  10 
11  19 
10  8 
16  30 
19  -16 
-22  21 
13  -6 
32  1 
20  5 
-24  16 
3  38 
15  -20 
0  22 
12  28 
-18  24 
-14  -15 
40  12 
7  24 
19  10 
34  -38 
-12  -24 
-21  -2 
-14  -14 
0  -9 
15  3 
70  11 
30  -4 
39  5 
23  -8 
2  6 
9  17 
14  8 
12  20 
29  -8 
18  9 
11  2 
-19  28 
1  -1 
6  3 
1  -17 
21  -29 
27  18 
-19  20 
-14  0 
11  8 
17  17 
7  -12 
5  6 
11  34 
11  5 
21  10 
1  42 
8  -6 
3  31 
-5  2 
11  12 
12  30 
-22  7 
34  7 
19  -4 
5  22 
23  22 
-37  5 
8  31 
-2  14 
-18  31 
-46  45 
11  13 
26  14 
12  17 
12  19 
29  15 
19  2 
0  36 
25  -22 
-25  4 
5  23 
-6  31 
-6  2 
25  17 
0  -29 
28  40 
26  -15 
-11  17 
32  24 
11  62 
33  6 
-6  10 
-17  7 
23  38 
29  -20 
-14  -29 
9  8 
8  21 
8  11 
17  28 
18  -15 
-22  20 
15  -4 
32  0 
20  5 
-24  15 
1  40 
16  -20 
2  21 
12  27 
-17  25 
-14  -13 
41  12 
8  25 
14  7 
32  -39 
-12  -24 
-18  -2 
-14  -14 
0  -8 
16  8 
67  13 
32  -4 
35  0 
22  -9 
2  4 
12  19 
14  9 
10  18 
33  -8 
16  10 
11  1 
-22  29 
5  1 
6  3 
0  -17 
18  -30 
27  20 
-21  18 
-16  2 
9  10 
17  17 
8  -8 
0  6 
10  36 
9  3 
21  8 
3  42 
8  -6 
4  29 
-4  2 
7  15 
11  31 
-21  4 
39  5 
18  -2 
5  22 
22  22 
-30  6 
10  33 
-4  14 
-19  31 
-49  44 
7  10 
25  15 
12  17 
13  19 
33  14 
13  3 
1  39 
25  -20 
-24  6 
2  26 
-10  30 
-4  2 
27  18 
2  -32 
27  39 
23  -14 
-11  17 
35  23 
13  63 
33  6 
-8  12 
-17  5 
21  42 
32  -23 
-17  -27 
9  8 
8  21 
7  10 
20  29 
20  -17 
-25  24 
23  -8 
28  -4 
19  7 
-21  15 
2  36 
17  -19 
2  22 
13  28 
-14  26 
-12  -16 
42  18 
6  23 
14  9 
32  -38 
-11  -28 
-13  -3 
-15  -19 
-1  -2 
14  8 
67  11 
32  -4 
33  -4 
27  -7 
1  3 
7  20 
15  8 
10  18 
31  -7 
17  8 
11  2 
-22  29 
5  2 
5  6 
-2  -20 
19  -30 
29  18 
-25  16 
-18  6 
10  14 
18  17 
9  -10 
-2  5 
11  34 
9  3 
20  7 
2  40 
8  0 
9  35 
3  -2 
8  14 
9  31 
-24  6 
39  5 
12  1 
5  23 
18  22 
-30  6 
10  33 
1  13 
-19  30 
-46  45 
8  12 
21  8 
12  19 
16  14 
33  14 
17  0 
0  42 
21  -22 
-21  0 
3  24 
-14  29 
-4  4 
29  17 
2  -34 
27  35 
23  -8 
-10  18 
36  22 
10  66 
33  6 
-12  14 
-17  6 
19  38 
32  -23 
-18  -21 
10  8 
7  17 
11  11 
19  36 
20  -18 
-26  23 
21  0 
21  -7 
19  8 
-19  18 
3  34 
16  -14 
1  22 
14  29 
-15  26 
-11  -17 
47  19 
7  23 
15  8 
32  -37 
-8  -30 
-15  -2 
-16  -18 
0  1 
13  10 
71  8 
38  -3 
37  -3 
27  -7 
3  5 
3  15 
18  9 
11  12 
31  -7 
16  10 
13  -1 
-23  28 
12  1 
7  5 
-5  -15 
20  -33 
28  21 
-24  16 
-17  7 
10  16 
19  10 
6  -6 
-1  4 
10  33 
4  6 
19  5 
5  37 
7  0 
8  35 
6  1 
1  11 
9  30 
-24  9 
34  2 
12  -1 
5  22 
13  23 
-29  4 
11  34 
2  11 
-19  30 
-47  44 
0  11 
22  13 
13  16 
16  13 
33  14 
11  -4 
-2  40 
22  -25 
-25  -1 
1  23 
-9  28 
-9  4 
29  17 
6  -35 
27  40 
22  -10 
-10  18 
36  20 
10  65 
32  8 
-12  16 
-19  1 
19  35 
31  -21 
-22  -20 
12  4 
7  13 
7  11 
20  34 
20  -17 
-26  22 
20  -2 
21  -8 
20  5 
-18  18 
5  32 
15  -15 
1  20 
13  30 
-7  26 
-11  -17 
43  20 
3  25 
17  8 
32  -40 
-12  -32 
-20  2 
-17  -16 
1  3 
14  9 
74  8 
36  2 
36  -4 
23  -11 
8  4 
0  17 
20  9 
9  12 
28  -6 
12  11 
13  -3 
-21  30 
10  2 
12  1 
0  -14 
22  -41 
28  21 
-23  17 
-15  14 
12  17 
21  10 
6  -6 
-2  4 
10  32 
3  12 
19  4 
7  37 
-1  0 
8  35 
9  2 
2  11 
10  36 
-25  8 
33  -1 
12  2 
2  24 
11  22 
-34  6 
11  31 
1  11 
-13  28 
-43  45 
1  13 
27  15 
10  13 
17  14 
32  16 
14  -3 
-1  38 
23  -22 
-25  -1 
4  23 
-9  32 
-8  4 
28  14 
13  -27 
26  36 
20  -6 
-10  18 
38  27 
6  66 
34  8 
-13  8 
-16  2 
17  34 
32  -23 
-29  -16 
14  5 
10  16 
7  10 
24  35 
23  -18 
-23  25 
19  -2 
21  -8 
21  7 
-19  18 
2  35 
12  -18 
2  19 
10  33 
-11  28 
-11  -18 
49  20 
5  23 
16  8 
32  -40 
-13  -31 
-15  2 
-19  -17 
1  0 
9  9 
74  9 
36  2 
33  -6 
21  -10 
10  6 
0  16 
21  6 
6  14 
30  -6 
12  10 
21  -9 
-24  30 
12  1 
11  1 
-6  -17 
23  -40 
29  18 
-24  14 
-20  19 
13  16 
19  8 
2  -6 
3  7 
12  31 
3  9 
19  5 
7  38 
4  -2 
8  36 
8  0 
-4  6 
11  34 
-24  9 
32  -1 
11  5 
2  24 
11  22 
-35  6 
6  30 
-6  14 
-8  28 
-47  43 
3  14 
24  9 
10  12 
18  17 
34  17 
15  -4 
2  38 
23  -22 
-23  4 
6  23 
-9  31 
-7  6 
22  13 
10  -27 
25  40 
21  -7 
-8  15 
37  28 
6  63 
34  7 
-14  6 
-15  -3 
17  36 
30  -24 
-24  -19 
14  2 
11  14 
7  11 
19  28 
22  -18 
-22  27 
27  -2 
21  -8 
21  7 
-20  19 
-2  37 
13  -17 
2  18 
7  30 
-15  25 
-11  -17 
52  19 
4  23 
16  6 
29  -46 
-19  -32 
-19  -1 
-18  -21 
1  -2 
14  9 
71  8 
29  -2 
33  -6 
23  -14 
10  6 
-1  16 
20  5 
4  15 
27  -5 
10  8 
23  -13 
-24  30 
10  -2 
12  -2 
-4  -20 
20  -38 
27  20 
-24  16 
-19  23 
12  17 
21  10 
3  -7 
0  3 
12  31 
3  12 
19  4 
8  36 
3  -2 
9  37 
12  2 
-3  5 
9  32 
-22  9 
35  -1 
5  4 
5  26 
12  20 
-37  5 
6  34 
-1  15 
-9  32 
-42  40 
2  15 
24  11 
9  15 
19  18 
34  17 
14  -5 
1  35 
24  -21 
-20  6 
7  17 
-15  25 
-7  6 
26  8 
6  -29 
22  38 
24  -5 
-13  15 
37  29 
5  63 
37  8 
-14  6 
-15  -3 
18  37 
21  -29 
-24  -18 
9  3 
9  12 
12  12 
20  25 
25  -19 
-24  24 
27  -2 
24  -12 
23  7 
-24  14 
-3  37 
14  -15 
3  18 
9  27 
-11  20 
-16  -16 
57  22 
1  28 
19  4 
30  -49 
-15  -34 
-18  2 
-18  -19 
-1  -4 
14  7 
74  8 
28  -1 
33  -6 
23  -15 
15  8 
2  16 
18  7 
7  13 
30  -4 
10  12 
23  -14 
-24  30 
12  -1 
11  2 
-3  -20 
21  -40 
28  21 
-26  17 
-20  22 
11  16 
18  11 
9  -9 
1  3 
11  34 
1  9 
16  6 
10  35 
1  -2 
7  37 
14  2 
1  7 
13  32 
-20  9 
32  1 
5  2 
8  24 
12  22 
-38  4 
10  33 
6  14 
-9  31 
-42  40 
2  19 
19  15 
9  18 
19  18 
32  16 
16  -4 
1  33 
22  -25 
-21  9 
4  20 
-15  26 
-5  8 
23  6 
11  -32 
22  39 
22  -4 
-14  16 
41  33 
4  62 
39  11 
-10  6 
-17  0 
17  37 
22  -29 
-25  -21 
3  5 
12  11 
14  7 
14  24 
21  -20 
-26  23 
25  -3 
25  -11 
28  15 
-26  14 
-2  37 
16  -18 
3  22 
4  29 
-11  20 
-21  -10 
54  25 
1  30 
19  4 
29  -50 
-11  -37 
-17  7 
-21  -24 
1  -1 
14  8 
77  8 
27  0 
33  -6 
24  -12 
8  8 
5  18 
16  8 
7  13 
28  -4 
12  8 
22  -14 
-24  30 
12  0 
12  -3 
-6  -18 
25  -37 
28  20 
-26  17 
-20  22 
10  14 
23  12 
11  -9 
1  3 
8  37 
2  15 
16  6 
10  36 
-2  0 
7  37 
12  2 
-4  9 
17  34 
-24  5 
31  4 
0  -1 
8  24 
12  21 
-38  4 
9  37 
6  14 
-6  29 
-45  41 
-1  20 
19  15 
11  22 
19  18 
32  16 
18  -7 
6  31 
23  -30 
-22  9 
7  19 
-15  27 
-10  12 
21  7 
8  -29 
25  40 
25  -7 
-16  18 
48  36 
5  61 
38  9 
-14  5 
-18  -3 
12  40 
24  -27 
-23  -20 
2  6 
5  12 
14  11 
13  26 
21  -22 
-29  21 
22  -1 
24  -10 
29  10 
-20  11 
-3  36 
12  -19 
5  22 
14  27 
-11  17 
-19  -10 
56  26 
1  31 
14  2 
31  -49 
-15  -34 
-14  6 
-21  -25 
3  2 
16  10 
79  7 
28  0 
33  -6 
19  -16 
12  8 
6  21 
16  8 
10  16 
28  -5 
12  11 
22  -9 
-25  33 
9  0 
12  -3 
0  -15 
25  -37 
28  21 
-28  15 
-18  22 
7  12 
23  15 
11  -6 
0  3 
10  38 
1  13 
20  7 
9  32 
-5  -1 
10  33 
12  4 
-1  11 
15  36 
-23  5 
33  5 
-1  -1 
6  23 
12  22 
-38  0 
14  39 
9  14 
-7  33 
-47  39 
5  17 
21  15 
9  21 
22  18 
31  18 
20  -1 
3  32 
22  -30 
-19  12 
7  17 
-18  22 
-13  10 
26  6 
7  -29 
22  41 
32  -8 
-15  17 
47  37 
-2  60 
37  16 
-10  5 
-19  0 
12  37 
32  -32 
-24  -19 
8  4 
6  14 
14  8 
13  26 
19  -24 
-28  21 
18  -2 
23  -14 
30  6 
-18  15 
-5  32 
13  -21 
5  23 
14  27 
-11  17 
-19  -8 
60  25 
1  27 
12  0 
31  -48 
-17  -35 
-15  6 
-21  -25 
1  3 
15  8 
81  10 
28  1 
32  -4 
19  -15 
9  12 
7  19 
25  9 
10  16 
29  -5 
13  10 
23  -8 
-23  37 
11  2 
11  -3 
2  -14 
23  -38 
29  22 
-26  17 
-20  22 
7  15 
19  18 
11  -9 
0  3 
12  39 
4  13 
19  7 
7  33 
-4  0 
12  31 
12  5 
-3  8 
18  37 
-27  2 
36  4 
0  8 
6  23 
12  22 
-37  0 
11  33 
6  13 
-6  29 
-43  41 
1  18 
20  13 
9  23 
23  18 
30  18 
22  -4 
4  35 
21  -29 
-17  11 
7  18 
-24  21 
-8  11 
33  3 
11  -29 
20  37 
36  -10 
-15  17 
46  41 
-6  65 
37  14 
-15  7 
-15  3 
13  36 
28  -29 
-28  -16 
8  8 
4  13 
14  7 
13  26 
26  -24 
-29  22 
19  -2 
21  -9 
32  5 
-18  15 
-5  32 
12  -18 
3  22 
14  28 
-12  16 
-19  -7 
59  25 
-3  29 
9  -3 
28  -45 
-17  -34 
-18  6 
-17  -25 
0  3 
17  5 
83  11 
28  0 
29  -8 
19  -14 
5  9 
11  19 
30  13 
9  14 
26  -6 
10  16 
22  -6 
-24  36 
15  4 
12  -3 
0  -15 
27  -37 
33  22 
-26  17 
-19  22 
8  14 
20  16 
13  -8 
0  2 
14  42 
4  15 
23  5 
7  33 
-2  0 
13  30 
13  4 
-4  13 
16  34 
-28  -1 
36  6 
4  10 
6  23 
10  22 
-38  2 
11  34 
2  11 
-3  37 
-41  44 
1  20 
19  15 
9  23 
23  18 
29  22 
24  -1 
3  33 
19  -30 
-19  12 
7  18 
-24  20 
-10  14 
35  2 
11  -29 
21  38 
36  -11 
-17  13 
44  38 
-7  63 
35  12 
-20  11 
-17  5 
15  34 
37  -29 
-29  -16 
9  10 
12  11 
12  8 
13  26 
27  -21 
-31  22 
17  2 
23  -8 
30  6 
-18  13 
-4  34 
11  -22 
5  23 
14  28 
-13  15 
-19  -9 
57  21 
-6  29 
9  -3 
31  -47 
-27  -28 
-19  8 
-19  -30 
2  1 
14  3 
81  12 
28  1 
29  -8 
17  -15 
-1  10 
7  18 
27  10 
17  16 
25  -6 
8  15 
22  -3 
-22  37 
16  2 
12  -4 
2  -14 
25  -35 
32  22 
-30  18 
-20  23 
8  16 
19  16 
12  -8 
2  -2 
18  40 
3  14 
22  8 
7  33 
-3  0 
16  35 
15  -1 
-9  14 
16  36 
-29  2 
39  5 
5  6 
6  23 
9  20 
-37  2 
8  34 
3  15 
0  37 
-44  48 
1  15 
19  15 
14  25 
23  18 
28  24 
22  2 
1  33 
16  -30 
-20  14 
8  20 
-31  18 
-13  17 
39  0 
12  -29 
19  38 
35  -21 
-17  14 
42  39 
-4  65 
39  13 
-19  10 
-16  5 
16  35 
37  -31 
-28  -20 
7  11 
14  11 
9  10 
13  26 
27  -22 
-29  25 
20  2 
23  -9 
37  8 
-18  15 
-4  36 
10  -22 
5  22 
16  28 
-13  16 
-19  -9 
57  21 
-6  29 
11  -6 
28  -50 
-36  -29 
-21  10 
-18  -34 
5  3 
12  1 
81  13 
31  2 
27  -10 
14  -15 
-2  10 
3  18 
30  13 
20  16 
29  -8 
12  12 
26  -4 
-25  33 
16  0 
10  -4 
1  -14 
26  -35 
35  21 
-29  17 
-20  23 
8  14 
22  21 
11  -9 
1  3 
22  42 
4  23 
23  8 
8  31 
-7  -1 
11  39 
14  0 
-9  13 
17  36 
-27  3 
39  4 
6  6 
6  23 
9  23 
-35  6 
6  34 
3  12 
2  36 
-48  48 
1  15 
19  15 
12  24 
22  18 
29  25 
27  6 
0  34 
16  -31 
-15  9 
8  20 
-27  19 
-8  13 
47  -2 
13  -28 
19  38 
32  -20 
-15  14 
48  40 
2  70 
37  8 
-19  12 
-12  5 
16  33 
37  -31 
-27  -17 
11  9 
14  9 
10  12 
15  28 
32  -18 
-23  23 
19  0 
23  -8 
40  12 
-19  20 
-5  36 
8  -19 
5  20 
14  31 
-6  19 
-19  -7 
56  21 
-8  27 
6  -9 
32  -48 
-39  -29 
-21  7 
-20  -38 
3  5 
12  1 
81  10 
33  0 
23  -7 
16  -18 
2  11 
3  18 
31  14 
22  19 
32  -9 
11  11 
26  -6 
-30  33 
16  0 
12  -4 
-1  -16 
25  -37 
35  21 
-28  17 
-21  19 
10  18 
21  19 
9  -10 
1  2 
22  40 
10  28 
24  11 
12  28 
-6  2 
17  40 
14  4 
-12  14 
16  36 
-29  4 
36  6 
9  8 
4  22 
9  23 
-34  5 
2  35 
1  23 
-2  40 
-51  47 
3  15 
19  15 
16  24 
21  18 
34  25 
28  4 
2  34 
14  -33 
-16  7 
10  22 
-29  14 
-9  11 
47  -3 
10  -30 
17  37 
32  -18 
-16  20 
47  39 
1  69 
38  7 
-21  11 
-14  5 
16  30 
41  -29 
-26  -18 
15  8 
14  7 
3  11 
16  23 
31  -19 
-21  24 
22  -5 
24  -7 
39  15 
-21  20 
-7  34 
8  -19 
7  18 
12  31 
-8  21 
-21  -4 
62  18 
-7  26 
10  -2 
27  -51 
-38  -29 
-18  6 
-20  -38 
-1  7 
12  5 
76  8 
33  2 
24  -11 
16  -19 
2  10 
8  16 
28  11 
22  19 
29  -8 
5  12 
22  -6 
-30  33 
13  0 
10  -4 
-1  -15 
29  -42 
36  22 
-28  16 
-21  19 
12  20 
21  18 
12  -3 
-2  3 
25  34 
9  30 
20  14 
12  28 
-5  -1 
15  42 
16  0 
-10  11 
18  37 
-29  2 
36  6 
7  11 
2  21 
5  22 
-34  6 
0  37 
0  23 
-2  40 
-52  48 
-1  18 
19  10 
11  24 
22  16 
30  26 
25  3 
6  34 
13  -32 
-11  3 
8  20 
-30  13 
-11  10 
49  -2 
10  -28 
16  40 
29  -17 
-17  18 
45  42 
1  72 
39  7 
-26  8 
-16  2 
17  28 
46  -27 
-28  -16 
13  8 
14  9 
4  13 
15  25 
31  -19 
-18  26 
22  -5 
23  -6 
39  15 
-21  16 
-7  30 
11  -18 
13  16 
11  31 
-9  19 
-20  -3 
62  18 
-7  26 
10  -2 
25  -54 
-39  -30 
-17  5 
-18  -39 
3  7 
14  5 
74  7 
33  -1 
22  -7 
14  -18 
0  7 
8  16 
32  13 
20  19 
28  -12 
9  7 
26  -6 
-19  33 
12  2 
12  -1 
0  -18 
25  -43 
35  22 
-26  17 
-20  18 
13  14 
22  17 
12  -4 
-5  -1 
25  38 
9  29 
20  12 
8  30 
-5  1 
18  40 
20  0 
-8  11 
18  34 
-33  -1 
39  8 
9  12 
3  22 
5  24 
-32  4 
-1  38 
1  23 
-5  40 
-48  47 
9  20 
21  11 
13  20 
29  17 
30  26 
26  3 
12  32 
18  -30 
-8  8 
8  21 
-32  14 
-13  10 
49  -3 
6  -30 
19  45 
29  -17 
-16  18 
45  43 
0  71 
46  3 
-26  8 
-17  2 
12  31 
47  -27 
-28  -17 
16  8 
13  16 
1  12 
16  25 
32  -21 
-18  26 
22  -2 
21  -7 
42  16 
-21  16 
-1  35 
11  -18 
16  24 
15  32 
-7  19 
-19  -5 
63  18 
-7  26 
10  -4 
23  -53 
-39  -29 
-14  6 
-18  -41 
3  5 
20  5 
75  7 
32  0 
29  -5 
14  -21 
-1  7 
8  16 
30  13 
21  18 
30  -10 
3  12 
30  -8 
-20  33 
13  2 
13  3 
2  -20 
25  -43 
35  21 
-26  17 
-19  23 
18  17 
23  20 
10  -2 
-5  -1 
20  39 
9  31 
20  12 
11  31 
-5  0 
19  40 
21  2 
-9  15 
16  35 
-35  2 
39  4 
9  12 
6  27 
2  22 
-29  5 
-1  38 
0  23 
-4  42 
-49  48 
7  18 
16  10 
12  22 
27  17 
30  26 
32  5 
12  30 
18  -30 
-6  7 
9  22 
-31  15 
-13  8 
47  -1 
2  -25 
19  47 
25  -15 
-11  20 
42  44 
3  72 
43  2 
-23  8 
-13  -2 
12  31 
47  -29 
-29  -18 
18  9 
10  12 
1  11 
19  24 
32  -21 
-17  24 
22  -4 
18  -13 
41  12 
-21  16 
-1  35 
9  -18 
19  28 
13  34 
-8  17 
-18  -7 
64  16 
-5  23 
11  -6 
26  -55 
-39  -27 
-9  4 
-21  -42 
6  7 
21  8 
76  10 
36  -6 
28  -6 
16  -20 
0  8 
7  15 
29  7 
22  21 
30  -10 
4  11 
34  -9 
-25  32 
12  1 
14  5 
2  -21 
25  -37 
34  22 
-26  17 
-20  17 
16  15 
22  17 
10  -2 
-2  -3 
23  38 
9  34 
21  10 
8  32 
-1  5 
16  42 
25  1 
-9  18 
16  33 
-35  -3 
38  3 
9  12 
5  22 
-1  20 
-28  5 
0  43 
1  22 
-4  43 
-47  46 
9  17 
14  9 
12  22 
27  17 
30  26 
28  4 
12  36 
15  -24 
-8  8 
9  23 
-33  13 
-9  11 
47  -1 
5  -26 
19  48 
23  -15 
-12  20 
37  44 
4  70 
42  4 
-28  8 
-13  -2 
5  29 
49  -28 
-31  -20 
18  9 
10  16 
2  11 
20  25 
32  -24 
-15  18 
26  -4 
13  -8 
40  14 
-21  15 
-4  33 
12  -18 
19  27 
13  34 
-8  21 
-18  -7 
66  14 
-6  24 
12  -8 
25  -54 
-43  -27 
-7  3 
-21  -42 
6  6 
21  13 
80  13 
35  -2 
27  -10 
15  -21 
2  5 
2  15 
32  10 
22  17 
29  -10 
1  11 
34  -11 
-25  33 
16  6 
14  5 
3  -22 
25  -35 
37  21 
-28  11 
-18  19 
14  14 
23  15 
14  2 
-2  -3 
22  41 
13  36 
21  12 
10  33 
-1  4 
19  45 
21  -2 
-12  21 
16  34 
-35  -3 
41  3 
11  14 
0  16 
-2  20 
-30  5 
2  46 
4  19 
-3  45 
-47  46 
9  18 
9  9 
12  19 
28  17 
31  24 
23  7 
9  34 
16  -24 
-4  8 
9  23 
-31  15 
-6  7 
48  0 
6  -29 
16  48 
22  -14 
-12  22 
36  46 
6  74 
42  2 
-31  14 
-13  -2 
2  30 
50  -29 
-28  -23 
18  9 
8  16 
1  12 
19  24 
31  -28 
-18  24 
22  -5 
12  -9 
42  11 
-21  15 
-4  34 
11  -18 
20  27 
11  36 
-7  24 
-15  -3 
63  18 
-4  19 
9  -7 
26  -57 
-45  -27 
-11  2 
-21  -42 
5  6 
21  11 
83  15 
32  1 
29  -8 
12  -18 
-1  7 
3  13 
26  10 
18  18 
27  -9 
2  14 
31  -9 
-30  36 
16  5 
14  5 
4  -20 
25  -35 
41  23 
-27  12 
-18  18 
13  16 
21  13 
16  2 
-2  -3 
27  39 
12  39 
23  12 
8  34 
1  2 
20  45 
22  -1 
-11  24 
16  36 
-36  -5 
40  3 
10  13 
1  20 
-2  27 
-34  6 
4  46 
-2  16 
-3  41 
-47  46 
9  18 
9  8 
11  18 
29  17 
31  24 
21  8 
8  35 
17  -23 
-4  9 
9  23 
-33  15 
-10  10 
45  0 
7  -30 
14  48 
26  -14 
-9  19 
35  39 
5  72 
45  1 
-28  16 
-14  -9 
2  31 
52  -30 
-28  -23 
16  9 
8  14 
1  10 
20  23 
30  -27 
-18  28 
20  -7 
11  -9 
42  14 
-21  16 
-2  30 
7  -20 
18  26 
9  31 
-11  23 
-18  -5 
68  21 
-2  17 
8  -10 
26  -57 
-44  -30 
-7  -4 
-22  -40 
3  6 
21  11 
83  14 
31  2 
28  -7 
15  -18 
0  5 
1  12 
30  8 
17  17 
29  -10 
3  12 
28  -8 
-27  39 
14  2 
17  3 
5  -17 
33  -38 
43  22 
-33  8 
-17  18 
14  17 
20  14 
16  0 
2  -2 
27  38 
12  39 
25  17 
7  39 
2  1 
19  45 
22  2 
-10  26 
16  36 
-36  0 
40  2 
9  14 
-1  19 
-1  27 
-33  3 
5  46 
-4  19 
-3  42 
-47  48 
11  21 
11  8 
9  17 
24  19 
31  24 
16  5 
9  35 
13  -26 
-5  8 
6  25 
-33  11 
-11  3 
48  0 
6  -27 
14  48 
30  -18 
-6  17 
34  42 
8  74 
46  3 
-31  17 
-13  -7 
1  31 
44  -22 
-28  -23 
17  8 
12  12 
1  10 
20  23 
31  -26 
-16  31 
21  -7 
6  -8 
45  13 
-21  15 
-2  29 
7  -20 
20  27 
11  33 
-8  25 
-17  -5 
68  21 
-4  14 
10  -7 
25  -55 
-48  -30 
-4  -10 
-22  -40 
3  12 
18  7 
81  18 
33  2 
29  -8 
13  -17 
-1  6 
2  11 
30  8 
19  16 
27  -10 
4  15 
31  -9 
-28  41 
15  -1 
18  5 
5  -17 
31  -38 
43  22 
-30  12 
-17  20 
12  11 
19  18 
12  0 
2  -1 
27  39 
16  42 
26  16 
2  38 
5  -3 
21  47 
25  0 
-11  24 
16  36 
-38  -3 
42  -5 
9  8 
2  16 
-1  27 
-33  3 
6  46 
-2  17 
-2  46 
-48  48 
12  22 
11  8 
6  25 
26  14 
31  24 
14  3 
7  37 
13  -26 
-6  11 
3  25 
-30  13 
-13  4 
49  1 
7  -30 
14  47 
32  -18 
-8  16 
35  42 
15  79 
46  6 
-30  18 
-13  -7 
1  31 
45  -23 
-21  -24 
16  8 
11  13 
1  10 
27  26 
31  -26 
-18  31 
26  -6 
2  -10 
48  10 
-22  17 
-2  30 
7  -22 
24  28 
11  31 
-5  28 
-19  -8 
68  21 
-3  16 
6  -9 
22  -56 
-51  -26 
-3  -12 
-19  -42 
3  12 
18  9 
83  22 
37  5 
30  -10 
12  -20 
5  6 
4  13 
33  8 
18  14 
26  -13 
3  13 
32  -10 
-28  39 
13  0 
21  7 
6  -17 
31  -39 
43  18 
-29  8 
-12  20 
16  14 
23  20 
11  -2 
0  2 
24  39 
20  43 
29  17 
7  40 
10  -4 
19  45 
23  6 
-10  26 
16  36 
-39  -5 
41  -7 
8  8 
2  15 
-1  27 
-26  2 
5  43 
-1  18 
-1  44 
-50  48 
13  22 
8  11 
11  24 
25  14 
39  22 
7  -1 
8  36 
13  -26 
-6  8 
2  26 
-31  11 
-15  5 
49  3 
4  -31 
15  48 
33  -17 
-8  17 
32  40 
16  85 
48  4 
-34  20 
-12  -8 
3  31 
45  -23 
-15  -19 
16  10 
4  11 
-2  11 
25  27 
29  -27 
-17  26 
26  -6 
2  -9 
47  13 
-22  17 
2  30 
1  -22 
21  31 
12  30 
-6  27 
-20  -10 
68  21 
-4  18 
7  -10 
22  -56 
-52  -24 
-3  -12 
-17  -42 
9  8 
21  10 
82  22 
38  5 
28  -6 
11  -21 
6  6 
11  13 
36  8 
15  12 
25  -14 
3  12 
34  -9 
-27  40 
18  6 
19  7 
6  -17 
32  -39 
42  18 
-27  12 
-10  18 
18  9 
23  14 
12  -1 
1  3 
25  42 
20  39 
25  18 
3  42 
11  -6 
20  45 
22  6 
-9  25 
16  32 
-38  0 
41  -8 
9  7 
-4  16 
-6  23 
-31  -2 
5  43 
-4  20 
-1  44 
-48  48 
11  24 
12  11 
14  25 
21  13 
37  20 
9  -3 
11  36 
13  -26 
-11  12 
3  25 
-34  6 
-13  -2 
52  1 
5  -34 
14  49 
36  -14 
-7  16 
33  42 
16  82 
50  6 
-31  17 
-12  -6 
8  31 
45  -23 
-17  -22 
15  8 
0  9 
-3  16 
27  28 
29  -26 
-21  27 
27  -3 
4  -5 
42  11 
-19  18 
3  31 
-1  -25 
21  32 
11  33 
-5  30 
-20  -7 
68  21 
-5  19 
9  -10 
22  -54 
-51  -22 
-3  -12 
-18  -42 
12  8 
22  10 
81  23 
34  2 
30  -5 
11  -22 
5  7 
14  8 
37  10 
16  16 
26  -15 
-1  16 
32  -9 
-22  37 
16  10 
19  8 
3  -18 
29  -37 
41  15 
-30  8 
-10  18 
16  8 
26  14 
11  -1 
0  -5 
26  43 
15  42 
27  20 
5  44 
10  -7 
19  44 
20  8 
-7  23 
22  34 
-38  -3 
41  -7 
4  8 
-4  19 
-8  19 
-27  -6 
5  43 
-1  25 
-2  45 
-51  52 
12  24 
16  11 
14  27 
22  19 
38  20 
8  -4 
10  36 
16  -26 
-9  14 
3  25 
-35  5 
-13  -2 
47  -1 
9  -37 
12  48 
38  -17 
-16  11 
32  45 
12  82 
51  5 
-31  17 
-12  -9 
9  32 
50  -22 
-18  -18 
16  10 
-2  9 
-4  15 
27  33 
29  -29 
-18  26 
27  -3 
1  -8 
42  11 
-15  17 
9  30 
-1  -25 
21  33 
10  34 
-6  28 
-22  -10 
68  21 
-5  19 
12  -9 
23  -55 
-52  -24 
0  -15 
-15  -38 
12  4 
23  12 
82  19 
36  0 
28  0 
12  -20 
5  6 
12  7 
34  11 
16  16 
24  -10 
-9  13 
34  -13 
-23  37 
19  10 
17  8 
5  -17 
31  -36 
42  15 
-33  10 
-5  13 
19  7 
22  14 
12  -4 
0  -1 
28  44 
13  46 
31  22 
3  42 
14  -8 
13  40 
21  10 
-8  21 
20  34 
-36  -1 
43  -11 
5  9 
-3  21 
-10  16 
-26  -6 
6  43 
-1  25 
-4  46 
-43  49 
10  26 
19  11 
17  27 
22  20 
39  24 
0  2 
8  34 
16  -26 
-10  13 
2  24 
-35  3 
-7  -1 
48  1 
9  -37 
14  48 
32  -20 
-19  12 
34  45 
14  82 
55  2 
-31  18 
-12  -12 
9  30 
46  -19 
-18  -21 
16  8 
-2  9 
-6  17 
27  33 
30  -29 
-17  25 
27  -1 
0  -10 
48  11 
-18  15 
8  30 
-4  -24 
25  38 
8  36 
-5  28 
-19  -10 
68  20 
-8  22 
9  -9 
18  -56 
-53  -25 
-1  -15 
-20  -42 
13  3 
18  10 
85  20 
36  2 
19  -5 
10  -24 
5  6 
9  8 
33  6 
17  17 
23  -8 
-9  14 
34  -13 
-22  37 
21  9 
17  8 
5  -18 
30  -38 
42  18 
-33  10 
-4  14 
19  7 
16  11 
12  -4 
-1  -2 
22  46 
11  48 
31  21 
0  43 
12  -9 
16  40 
21  8 
-9  22 
20  32 
-36  -1 
44  -12 
9  12 
-7  20 
-8  17 
-34  -4 
6  43 
-6  23 
-4  46 
-44  50 
10  26 
16  13 
16  29 
22  22 
38  23 
0  2 
10  39 
15  -28 
-6  9 
2  21 
-37  6 
-8  -1 
48  0 
10  -38 
13  52 
30  -22 
-19  11 
36  45 
12  82 
53  5 
-31  17 
-11  -12 
6  31 
48  -24 
-20  -23 
15  12 
-4  10 
-8  16 
28  31 
31  -28 
-14  25 
29  -5 
1  -8 
50  11 
-18  16 
11  31 
-9  -26 
22  37 
11  35 
-8  28 
-21  -13 
67  17 
-8  20 
4  -9 
19  -56 
-52  -26 
-1  -15 
-21  -44 
17  1 
15  8 
82  19 
35  0 
19  -5 
13  -26 
9  3 
4  8 
32  12 
17  17 
23  -13 
-10  13 
33  -14 
-22  37 
21  10 
13  8 
8  -16 
29  -38 
40  13 
-37  10 
-10  16 
22  4 
16  15 
10  -6 
2  -2 
22  46 
10  50 
28  21 
0  42 
12  -9 
16  42 
21  8 
-9  22 
25  34 
-32  -5 
43  -9 
9  12 
-11  18 
-9  16 
-34  -6 
3  42 
-7  23 
-4  46 
-44  56 
11  24 
15  13 
16  28 
25  23 
35  19 
3  -2 
14  42 
18  -27 
-9  13 
5  17 
-38  -1 
-10  2 
47  0 
12  -40 
12  51 
31  -19 
-17  9 
35  39 
13  83 
56  6 
-32  14 
-8  -12 
7  30 
50  -24 
-24  -20 
17  14 
-4  10 
-6  19 
31  28 
33  -28 
-17  25 
29  -6 
-3  -4 
47  11 
-15  14 
11  34 
-11  -27 
21  38 
7  35 
-6  28 
-18  -13 
67  17 
-6  17 
1  -8 
18  -57 
-52  -28 
-1  -15 
-27  -41 
19  0 
14  9 
80  23 
38  0 
19  -5 
18  -25 
9  4 
3  11 
32  10 
17  17 
24  -17 
-10  10 
33  -14 
-22  37 
20  11 
14  7 
12  -15 
24  -36 
41  11 
-31  10 
-11  18 
26  6 
22  15 
13  -6 
-1  -1 
23  52 
8  56 
28  20 
3  42 
16  -8 
16  42 
13  8 
-9  22 
26  34 
-30  -9 
41  -7 
6  10 
-11  17 
-9  16 
-38  -2 
1  43 
-5  24 
-6  45 
-44  56 
10  26 
17  13 
17  28 
28  24 
32  22 
2  0 
11  44 
15  -27 
-13  13 
5  23 
-39  3 
-11  0 
41  -2 
7  -41 
8  50 
32  -15 
-20  13 
35  39 
14  85 
56  6 
-32  16 
-8  -10 
0  31 
50  -24 
-25  -18 
14  9 
-2  9 
-7  22 
31  33 
29  -30 
-19  28 
29  -8 
-1  -5 
47  10 
-18  15 
8  34 
-8  -29 
20  38 
11  39 
-8  28 
-19  -9 
69  17 
-6  17 
3  -10 
21  -61 
-58  -26 
-1  -15 
-26  -44 
21  -7 
14  8 
79  18 
33  -1 
18  -3 
15  -27 
9  3 
4  11 
33  10 
16  10 
26  -14 
-18  11 
33  -14 
-24  39 
20  9 
14  7 
8  -16 
19  -33 
43  11 
-29  14 
-9  16 
31  8 
25  14 
10  -10 
3  -2 
18  46 
7  57 
28  20 
2  42 
18  -10 
12  39 
14  10 
-9  22 
30  34 
-30  -7 
42  -2 
6  14 
-10  18 
-10  19 
-33  -2 
-3  40 
-2  20 
-4  42 
-44  54 
6  25 
9  15 
17  28 
29  29 
32  21 
0  -3 
11  43 
13  -26 
-13  13 
5  23 
-37  2 
-12  1 
42  -1 
3  -42 
8  48 
31  -15 
-19  11 
36  41 
11  84 
56  6 
-29  14 
-9  -9 
1  30 
50  -24 
-26  -17 
14  7 
-3  8 
-6  25 
31  33 
24  -31 
-18  26 
27  -10 
-1  -4 
50  8 
-16  10 
6  33 
-10  -28 
26  39 
10  38 
-9  27 
-18  -16 
69  17 
-4  14 
3  -8 
22  -62 
-58  -23 
-1  -16 
-21  -45 
23  -5 
14  8 
75  19 
33  2 
18  -3 
16  -24 
9  3 
8  12 
32  12 
16  9 
23  -15 
-17  11 
33  -14 
-22  40 
22  11 
14  9 
5  -14 
19  -33 
48  20 
-28  11 
-8  16 
29  7 
21  12 
7  -7 
6  -4 
21  53 
7  57 
28  14 
0  42 
20  -6 
12  37 
11  12 
-2  26 
24  35 
-30  -10 
41  -2 
8  16 
-13  18 
-18  22 
-33  -1 
-4  42 
3  20 
0  45 
-44  53 
6  26 
9  12 
22  29 
32  28 
32  22 
-1  -2 
11  42 
15  -26 
-14  14 
4  22 
-39  3 
-12  -4 
44  -1 
3  -42 
6  50 
31  -16 
-20  11 
36  42 
14  82 
57  4 
-28  11 
-13  -10 
0  29 
52  -23 
-28  -18 
16  8 
-6  8 
-6  23 
31  34 
31  -28 
-17  25 
29  -8 
1  -3 
49  7 
-19  10 
9  35 
-9  -27 
25  43 
10  36 
-6  27 
-18  -9 
73  16 
1  11 
2  -7 
22  -61 
-59  -22 
-1  -15 
-21  -44 
22  -5 
18  0 
75  19 
32  1 
20  -1 
17  -23 
11  2 
9  10 
38  9 
16  10 
22  -19 
-16  8 
33  -14 
-24  46 
23  12 
14  9 
5  -18 
17  -35 
47  19 
-30  14 
-9  17 
28  12 
20  12 
4  -10 
1  1 
22  57 
4  55 
28  14 
0  42 
21  -8 
10  38 
10  13 
2  26 
25  37 
-25  -8 
38  -3 
6  14 
-13  18 
-20  23 
-32  0 
-7  43 
1  22 
-1  44 
-44  54 
10  26 
9  14 
19  35 
32  28 
32  19 
-5  2 
13  45 
18  -26 
-13  13 
2  22 
-41  -4 
-11  -3 
47  0 
2  -42 
5  52 
31  -15 
-26  11 
35  40 
12  82 
58  3 
-29  12 
-13  -10 
2  26 
51  -24 
-29  -18 
21  11 
-6  8 
-9  24 
30  36 
27  -29 
-14  25 
32  -12 
-1  -5 
52  7 
-16  8 
3  35 
-9  -29 
25  46 
9  36 
-4  28 
-22  -10 
72  16 
0  11 
-1  -13 
28  -60 
-56  -22 
0  -17 
-19  -42 
27  -7 
15  1 
75  19 
28  1 
23  -2 
17  -23 
10  6 
1  10 
38  9 
15  8 
25  -23 
-10  8 
33  -14 
-23  45 
22  11 
16  10 
9  -16 
19  -36 
45  23 
-26  9 
-13  17 
30  13 
21  12 
6  -13 
2  2 
19  59 
0  54 
28  16 
-2  40 
21  -7 
7  39 
9  12 
-1  25 
23  34 
-28  -5 
39  -2 
6  14 
-14  16 
-20  22 
-33  -2 
-4  42 
5  20 
-8  44 
-42  57 
14  22 
13  19 
16  35 
37  28 
32  20 
-10  -2 
20  40 
14  -26 
-15  14 
4  22 
-44  -6 
-13  -1 
43  2 
3  -42 
4  54 
31  -16 
-23  14 
36  40 
12  76 
53  3 
-31  7 
-13  -10 
-2  29 
52  -23 
-28  -18 
21  13 
-4  2 
-9  22 
30  36 
24  -30 
-18  26 
32  -15 
0  -4 
49  8 
-15  15 
9  37 
-8  -29 
27  45 
8  34 
-4  28 
-24  -11 
74  17 
1  10 
-4  -14 
29  -60 
-53  -25 
0  -18 
-18  -42 
27  -7 
12  0 
74  20 
28  0 
23  -6 
17  -23 
10  6 
3  12 
41  7 
14  8 
21  -22 
-11  9 
38  -17 
-26  45 
22  11 
19  16 
8  -19 
19  -36 
45  23 
-25  8 
-13  17 
25  14 
20  12 
6  -14 
5  2 
23  60 
-2  47 
30  13 
-4  41 
23  -7 
5  37 
9  12 
-1  25 
20  37 
-27  -6 
42  4 
6  14 
-9  13 
-20  23 
-34  -2 
3  37 
2  22 
-6  42 
-42  57 
12  24 
12  21 
13  39 
37  28 
31  21 
-8  -1 
18  40 
17  -24 
-18  15 
1  22 
-49  -9 
-15  0 
43  5 
3  -42 
12  51 
35  -19 
-27  14 
30  38 
10  76 
56  2 
-30  12 
-15  -3 
-2  29 
51  -24 
-26  -18 
18  10 
-2  3 
-8  25 
30  34 
29  -29 
-19  27 
24  -11 
2  -7 
49  10 
-10  13 
14  35 
-11  -32 
23  46 
8  34 
-8  28 
-19  -8 
75  12 
1  8 
-6  -15 
29  -57 
-49  -26 
0  -18 
-20  -42 
27  -7 
13  0 
73  16 
23  0 
24  -5 
19  -25 
9  7 
7  8 
42  6 
14  8 
21  -22 
-13  10 
39  -15 
-27  43 
21  11 
21  21 
9  -23 
19  -36 
45  22 
-21  7 
-13  17 
22  11 
22  15 
8  -16 
7  -1 
23  62 
-3  48 
28  12 
-1  40 
23  -8 
2  38 
11  9 
0  25 
19  38 
-31  -8 
45  1 
5  14 
-12  10 
-18  22 
-36  0 
2  39 
1  19 
-2  45 
-46  57 
5  26 
11  25 
11  42 
37  20 
26  26 
-8  1 
21  43 
21  -27 
-17  13 
2  21 
-47  -12 
-15  1 
42  6 
4  -41 
16  48 
39  -15 
-27  14 
30  38 
8  74 
56  2 
-29  11 
-16  -4 
-4  30 
51  -24 
-23  -15 
21  13 
-4  6 
-8  25 
26  34 
30  -30 
-20  25 
24  -7 
5  0 
47  13 
-8  8 
17  37 
-6  -30 
22  44 
12  31 
-6  27 
-18  -10 
72  17 
2  11 
-7  -15 
28  -59 
-48  -24 
-1  -20 
-21  -44 
26  -8 
13  -4 
69  17 
15  -1 
21  -8 
18  -24 
7  8 
7  10 
44  3 
15  8 
21  -22 
-16  8 
33  -17 
-26  42 
18  3 
20  22 
11  -26 
15  -35 
45  17 
-20  9 
-13  20 
24  11 
24  15 
12  -16 
7  -1 
22  62 
0  52 
29  7 
-1  44 
21  -9 
2  35 
13  10 
-4  24 
20  37 
-29  -12 
41  -1 
3  12 
-17  13 
-19  22 
-38  -2 
2  39 
-1  18 
-2  49 
-46  57 
5  26 
11  25 
9  43 
38  20 
25  23 
-8  1 
21  43 
20  -26 
-18  14 
2  21 
-44  -12 
-12  -4 
46  5 
-1  -38 
17  49 
43  -15 
-24  16 
32  40 
8  74 
50  -4 
-33  15 
-20  -3 
-2  31 
49  -25 
-21  -15 
23  14 
-4  6 
-6  25 
25  34 
31  -32 
-20  25 
26  -4 
3  2 
47  13 
-5  8 
17  36 
-6  -33 
22  44 
11  34 
-6  30 
-15  -11 
72  19 
1  13 
-7  -17 
29  -57 
-46  -23 
-5  -18 
-21  -42 
29  -13 
16  -6 
70  18 
15  0 
24  -11 
17  -23 
7  10 
13  10 
45  2 
16  10 
21  -23 
-19  12 
34  -18 
-26  43 
16  0 
20  22 
13  -24 
19  -36 
45  17 
-20  8 
-13  14 
19  8 
21  11 
12  -16 
7  -8 
22  58 
6  54 
28  12 
0  44 
21  -10 
-1  40 
9  13 
-7  22 
23  38 
-30  -12 
44  -2 
9  11 
-17  12 
-18  22 
-38  -1 
7  38 
0  18 
2  46 
-44  55 
6  26 
10  26 
7  43 
36  22 
25  23 
-9  2 
20  43 
20  -29 
-21  16 
2  21 
-44  -12 
-5  -4 
47  8 
-6  -37 
20  47 
41  -13 
-20  23 
33  40 
10  73 
51  -2 
-35  17 
-18  -1 
-3  28 
50  -28 
-18  -9 
22  15 
-4  5 
-6  25 
23  35 
30  -30 
-21  24 
27  -1 
3  2 
51  13 
-8  12 
14  29 
-5  -32 
22  44 
8  36 
-5  33 
-13  -7 
72  20 
2  13 
-8  -18 
31  -59 
-46  -23 
-7  -21 
-20  -41 
31  -9 
14  -6 
70  19 
15  -1 
27  -10 
17  -23 
8  14 
9  11 
45  0 
18  9 
21  -20 
-19  11 
29  -17 
-27  46 
17  4 
21  23 
12  -21 
20  -35 
44  20 
-19  13 
-13  17 
19  8 
21  9 
11  -16 
12  -10 
21  58 
7  54 
24  13 
-5  41 
21  -8 
-4  40 
9  8 
-12  20 
24  39 
-29  -6 
42  2 
14  10 
-9  12 
-17  18 
-29  -1 
7  38 
2  18 
3  46 
-44  56 
6  25 
8  24 
6  43 
33  23 
25  22 
-8  1 
20  42 
20  -31 
-21  18 
2  20 
-42  -11 
-8  -3 
50  6 
-4  -38 
16  44 
39  -15 
-20  22 
37  40 
12  67 
53  -6 
-36  18 
-17  0 
-1  27 
49  -29 
-20  -9 
22  15 
-1  10 
-4  26 
30  36 
30  -27 
-29  25 
28  1 
1  2 
49  15 
-8  16 
16  28 
-8  -29 
26  43 
8  36 
1  32 
-12  -5 
72  19 
1  11 
-11  -17 
33  -54 
-46  -26 
-7  -21 
-18  -40 
31  -9 
16  -10 
67  18 
15  -1 
28  -10 
16  -25 
9  14 
3  15 
45  -3 
13  8 
22  -16 
-19  10 
32  -18 
-26  49 
20  5 
21  23 
12  -22 
15  -35 
40  19 
-17  11 
-9  14 
18  7 
24  8 
11  -16 
16  -7 
23  67 
6  54 
24  14 
-4  40 
20  -11 
-6  45 
7  10 
-13  20 
25  43 
-31  -10 
39  0 
11  13 
-10  11 
-19  18 
-30  -2 
7  37 
2  19 
3  46 
-42  57 
11  32 
6  26 
5  46 
31  22 
27  23 
-12  0 
23  45 
24  -30 
-21  15 
2  18 
-44  -11 
-8  -3 
50  6 
-9  -41 
16  41 
39  -15 
-18  22 
41  38 
7  69 
54  -6 
-33  17 
-20  2 
-1  24 
55  -28 
-20  -11 
22  13 
-1  11 
-4  26 
30  38 
25  -26 
-34  26 
28  0 
3  2 
49  18 
-4  16 
18  29 
-3  -26 
25  43 
9  40 
1  33 
-12  -6 
76  22 
2  11 
-9  -17 
34  -55 
-45  -24 
-8  -20 
-16  -38 
30  -7 
14  -13 
67  20 
13  0 
28  -10 
16  -26 
6  11 
5  15 
44  -2 
13  6 
22  -16 
-13  10 
32  -18 
-24  48 
17  8 
20  23 
14  -23 
14  -38 
39  16 
-14  13 
-6  10 
14  3 
23  11 
11  -16 
17  -10 
19  67 
1  50 
25  17 
-2  47 
16  -10 
-7  43 
7  11 
-15  18 
25  42 
-33  -7 
40  -4 
16  13 
-8  11 
-13  18 
-31  -3 
5  41 
3  20 
1  47 
-42  57 
11  31 
12  25 
2  46 
33  22 
29  23 
-12  1 
25  46 
21  -28 
-21  15 
2  15 
-45  -12 
-2  -5 
50  6 
-5  -41 
18  40 
39  -16 
-17  22 
41  43 
4  70 
57  -3 
-33  17 
-20  2 
0  25 
55  -24 
-17  -8 
26  14 
-3  8 
-6  25 
31  33 
27  -25 
-34  27 
28  0 
4  2 
51  19 
-2  16 
12  37 
-1  -25 
26  43 
14  39 
0  38 
-18  -4 
74  22 
1  13 
-7  -17 
37  -53 
-45  -26 
-8  -21 
-17  -40 
30  -7 
13  -10 
65  26 
16  -4 
32  -8 
17  -25 
9  10 
10  16 
41  2 
13  6 
22  -16 
-14  15 
28  -16 
-21  47 
14  8 
20  23 
14  -23 
16  -40 
36  14 
-13  13 
-11  9 
16  2 
20  13 
12  -15 
12  -12 
20  67 
1  52 
25  14 
-4  50 
16  -12 
-9  44 
11  17 
-18  22 
25  41 
-26  -10 
43  -2 
16  9 
-10  14 
-14  19 
-31  -3 
7  39 
1  20 
2  46 
-39  51 
11  31 
5  23 
2  45 
33  20 
32  20 
-12  1 
27  45 
21  -22 
-18  19 
2  15 
-46  -10 
-1  -5 
50  6 
-3  -39 
19  40 
39  -15 
-17  18 
40  45 
1  71 
59  -4 
-34  14 
-22  5 
-1  24 
52  -21 
-17  -9 
29  10 
-4  8 
-6  23 
27  28 
27  -22 
-35  23 
28  0 
7  -1 
52  16 
-15  14 
12  33 
4  -27 
25  42 
11  39 
-1  38 
-15  -3 
71  24 
7  13 
-7  -17 
35  -53 
-46  -25 
-4  -20 
-20  -44 
35  -7 
14  -9 
66  25 
15  -4 
31  -8 
13  -26 
8  16 
12  17 
43  2 
13  6 
22  -14 
-14  17 
25  -15 
-18  53 
14  8 
20  23 
14  -23 
16  -34 
36  15 
-14  16 
-8  11 
15  -1 
23  7 
6  -14 
14  -13 
19  67 
2  51 
22  20 
-2  49 
16  -10 
-12  42 
9  22 
-18  22 
22  38 
-32  -12 
42  -1 
23  12 
-13  17 
-12  14 
-31  -2 
7  40 
3  26 
3  45 
-39  52 
9  31 
4  22 
2  50 
32  21 
36  22 
-13  4 
25  47 
20  -18 
-18  21 
5  9 
-47  -8 
-1  2 
50  6 
-12  -39 
18  40 
40  -13 
-16  19 
39  47 
3  72 
57  -3 
-29  11 
-26  5 
-3  25 
53  -21 
-16  -5 
28  14 
-6  8 
-7  23 
27  28 
28  -20 
-35  21 
29  -1 
9  0 
52  17 
-13  15 
7  30 
3  -25 
24  41 
9  37 
1  38 
-18  -4 
71  23 
9  10 
-9  -18 
32  -52 
-45  -24 
-4  -21 
-20  -41 
34  -6 
14  -11 
69  23 
16  -6 
32  -9 
13  -26 
7  17 
14  17 
40  2 
16  3 
19  -12 
-13  18 
27  -15 
-18  59 
13  10 
21  23 
9  -22 
13  -34 
37  14 
-14  16 
-3  13 
14  -1 
24  9 
6  -14 
14  -13 
17  68 
1  51 
22  22 
0  53 
16  -12 
-8  41 
15  21 
-16  20 
17  35 
-30  -12 
42  -2 
19  15 
-15  17 
-14  15 
-29  -2 
10  38 
2  26 
-1  44 
-39  53 
11  34 
5  23 
3  45 
32  19 
39  18 
-14  3 
25  46 
16  -20 
-20  23 
10  13 
-51  -10 
-8  5 
51  4 
-13  -42 
25  40 
40  -15 
-19  19 
39  47 
7  70 
58  -3 
-31  8 
-27  6 
-2  22 
52  -19 
-21  -4 
22  19 
-4  9 
-6  22 
32  30 
26  -19 
-38  20 
22  -2 
11  3 
53  16 
-13  15 
18  33 
1  -30 
22  42 
12  37 
1  40 
-17  -8 
72  20 
9  9 
-8  -18 
28  -47 
-44  -24 
-2  -20 
-17  -47 
33  -3 
14  -11 
68  21 
17  -6 
33  -6 
14  -26 
8  20 
17  17 
43  5 
13  3 
24  -11 
-11  18 
29  -18 
-20  58 
19  10 
20  23 
11  -24 
9  -33 
36  13 
-18  14 
-3  8 
11  -2 
26  10 
6  -14 
16  -12 
17  67 
4  55 
23  22 
0  52 
16  -10 
-9  42 
18  23 
-19  23 
14  37 
-26  -13 
40  -1 
17  16 
-13  17 
-14  14 
-31  -3 
10  38 
2  24 
-1  45 
-38  51 
8  36 
5  23 
2  46 
36  20 
39  18 
-14  3 
25  46 
20  -18 
-20  20 
8  12 
-51  -8 
-10  6 
51  4 
-9  -46 
22  38 
40  -15 
-21  18 
39  47 
4  69 
59  -4 
-31  7 
-27  8 
-6  23 
53  -17 
-21  -5 
21  19 
-9  8 
-8  20 
35  31 
25  -17 
-42  20 
25  2 
10  5 
57  17 
-18  15 
15  28 
-3  -28 
20  38 
12  36 
2  36 
-19  -8 
72  21 
8  12 
-5  -20 
29  -43 
-48  -23 
-4  -20 
-20  -47 
34  2 
17  -12 
68  21 
18  -10 
33  -6 
17  -26 
8  20 
19  20 
44  2 
16  6 
23  -8 
-9  21 
33  -18 
-20  57 
16  10 
21  22 
13  -22 
9  -25 
34  8 
-17  17 
-6  7 
14  0 
27  13 
7  -17 
12  -12 
18  69 
1  50 
24  20 
1  51 
19  -12 
-11  43 
16  21 
-19  23 
14  37 
-33  -10 
41  -2 
16  16 
-13  17 
-14  14 
-31  0 
10  36 
2  24 
-1  45 
-34  53 
8  34 
3  22 
2  46 
36  19 
43  18 
-14  3 
26  46 
16  -18 
-18  19 
9  10 
-49  -6 
-10  6 
52  8 
-12  -46 
22  39 
40  -15 
-21  18 
34  45 
-1  67 
53  -6 
-29  4 
-26  9 
1  28 
52  -18 
-21  -4 
23  22 
-9  8 
-9  18 
33  32 
26  -17 
-46  22 
25  0 
5  5 
54  17 
-18  21 
16  30 
2  -30 
22  40 
10  33 
7  38 
-20  -9 
73  19 
9  10 
-9  -21 
30  -42 
-48  -24 
-2  -17 
-20  -46 
36  6 
19  -15 
68  21 
18  -11 
34  -6 
17  -29 
7  16 
13  23 
47  8 
18  0 
23  -8 
-11  23 
32  -19 
-17  55 
21  13 
22  24 
12  -21 
5  -23 
34  11 
-16  15 
-3  9 
12  0 
28  16 
7  -17 
15  -12 
17  68 
7  53 
23  18 
1  52 
27  -9 
-10  39 
15  19 
-18  22 
12  37 
-29  -8 
40  2 
13  16 
-13  20 
-14  14 
-32  0 
10  36 
3  27 
-1  44 
-37  53 
7  37 
5  22 
1  46 
35  22 
42  18 
-18  3 
23  45 
13  -18 
-20  19 
1  11 
-53  -6 
-10  6 
47  8 
-8  -49 
25  37 
39  -16 
-18  19 
34  45 
-2  67 
56  -5 
-29  4 
-28  8 
3  27 
54  -17 
-19  -3 
22  22 
-9  8 
-8  21 
30  33 
28  -16 
-44  26 
21  -2 
6  6 
54  17 
-18  20 
22  31 
-5  -27 
19  38 
11  38 
7  39 
-19  -9 
72  25 
8  14 
-8  -23 
31  -41 
-50  -24 
-4  -15 
-16  -47 
39  5 
17  -15 
71  22 
17  -11 
34  -9 
16  -32 
4  19 
13  24 
42  4 
18  0 
27  -5 
-11  23 
33  -17 
-24  56 
24  11 
19  27 
12  -21 
3  -22 
34  8 
-18  15 
-6  9 
12  0 
27  20 
6  -17 
22  -10 
9  67 
9  52 
26  14 
-4  54 
29  -10 
-10  38 
17  21 
-20  22 
8  36 
-29  -6 
40  3 
19  15 
-12  20 
-13  13 
-35  3 
9  37 
3  25 
-4  42 
-39  53 
7  38 
1  27 
-2  43 
35  20 
40  18 
-21  -4 
25  46 
14  -18 
-18  18 
3  12 
-54  -6 
-13  6 
51  8 
-13  -52 
25  38 
36  -16 
-19  18 
34  43 
-1  70 
51  -6 
-30  5 
-26  9 
3  25 
57  -15 
-21  0 
20  18 
-9  10 
-8  17 
29  35 
25  -17 
-44  26 
22  -6 
6  7 
54  17 
-18  26 
20  34 
-2  -30 
24  32 
12  36 
7  39 
-23  -6 
73  23 
4  15 
-7  -24 
33  -38 
-52  -24 
-2  -20 
-22  -46 
40  5 
19  -13 
71  22 
17  -12 
34  -10 
16  -30 
2  21 
18  29 
42  7 
18  -4 
29  -3 
-11  23 
31  -16 
-25  56 
21  10 
13  26 
12  -21 
2  -23 
36  8 
-19  13 
-5  8 
11  -2 
28  20 
1  -18 
21  -8 
7  70 
10  51 
22  15 
-3  57 
31  -9 
-13  35 
16  21 
-20  22 
8  35 
-29  -3 
40  3 
20  17 
-12  21 
-13  13 
-37  -2 
10  38 
9  27 
-4  42 
-39  51 
10  34 
6  26 
-1  44 
35  19 
42  19 
-24  -4 
24  42 
13  -20 
-17  11 
12  13 
-54  -6 
-12  4 
54  10 
-14  -53 
27  39 
36  -11 
-18  20 
32  44 
3  67 
50  -2 
-21  5 
-26  9 
3  25 
60  -13 
-18  -1 
22  22 
-4  12 
-7  14 
34  36 
27  -15 
-41  27 
22  -4 
5  6 
54  17 
-18  26 
23  26 
7  -30 
24  28 
10  36 
7  37 
-29  -6 
72  25 
3  15 
-4  -27 
33  -43 
-48  -28 
-1  -20 
-19  -47 
40  5 
20  -11 
71  21 
14  -12 
31  -8 
16  -30 
2  18 
16  28 
42  4 
18  -3 
30  -6 
-10  22 
35  -12 
-25  56 
21  10 
13  26 
14  -20 
2  -19 
34  7 
-17  11 
-8  10 
16  2 
28  21 
0  -18 
17  -12 
6  72 
15  53 
22  15 
-3  56 
34  -9 
-20  38 
15  21 
-19  23 
8  34 
-29  -1 
45  3 
19  18 
-10  19 
-19  12 
-37  0 
9  37 
9  27 
-4  40 
-36  49 
9  32 
4  19 
-1  44 
35  19 
43  22 
-22  -11 
25  42 
14  -21 
-19  11 
5  17 
-54  -6 
-9  1 
51  13 
-14  -54 
29  43 
33  -8 
-21  18 
31  45 
3  65 
51  -1 
-19  10 
-26  9 
-2  25 
58  -11 
-18  -3 
20  23 
-8  14 
-10  13 
32  37 
24  -20 
-39  31 
19  -4 
5  6 
56  16 
-21  27 
22  24 
7  -30 
27  33 
10  36 
7  39 
-29  -6 
72  21 
0  12 
3  -29 
34  -43 
-53  -29 
-6  -18 
-18  -44 
39  5 
21  -8 
73  23 
9  -13 
32  -9 
16  -31 
0  13 
17  28 
40  2 
16  -6 
25  -3 
-8  20 
32  -8 
-23  56 
16  10 
13  26 
16  -20 
2  -22 
34  7 
-17  12 
-11  10 
13  -1 
22  21 
3  -22 
14  -12 
3  74 
19  55 
21  18 
-2  56 
32  -4 
-13  37 
18  20 
-20  16 
8  36 
-23  2 
48  0 
18  17 
-6  19 
-16  13 
-35  2 
9  34 
8  28 
-4  42 
-34  47 
11  29 
7  20 
0  45 
36  21 
42  22 
-24  -12 
26  45 
12  -21 
-21  8 
7  18 
-55  -6 
-9  4 
53  12 
-14  -53 
29  43 
33  -6 
-18  17 
32  45 
2  66 
51  -6 
-19  12 
-26  8 
-4  26 
56  -12 
-19  -5 
19  20 
-10  13 
-10  12 
31  35 
23  -18 
-38  31 
19  -5 
5  6 
54  17 
-20  29 
23  25 
9  -30 
27  33 
10  38 
8  41 
-31  -8 
71  22 
0  12 
4  -27 
34  -40 
-49  -32 
-8  -18 
-16  -45 
39  5 
21  -7 
74  22 
11  -7 
27  -10 
13  -33 
0  14 
21  27 
40  2 
17  -3 
26  6 
-8  21 
38  -11 
-26  54 
18  7 
13  26 
17  -22 
1  -21 
32  8 
-17  12 
-10  8 
13  -1 
22  19 
1  -17 
14  -13 
6  74 
18  57 
22  18 
-4  56 
32  -3 
-18  35 
17  21 
-19  18 
6  30 
-25  5 
49  -3 
19  18 
0  23 
-18  14 
-35  2 
10  36 
8  34 
-5  39 
-32  47 
9  28 
8  20 
0  45 
36  20 
46  23 
-25  -12 
30  46 
12  -20 
-23  5 
3  14 
-57  -6 
-8  5 
51  11 
-11  -50 
26  43 
33  -6 
-16  12 
30  46 
2  64 
47  -1 
-21  7 
-23  8 
-4  24 
54  -13 
-14  -10 
16  22 
-11  12 
-13  11 
31  30 
20  -21 
-40  31 
18  -4 
1  7 
53  19 
-23  29 
22  26 
7  -30 
22  31 
10  38 
7  38 
-34  -6 
68  21 
0  14 
5  -24 
35  -41 
-54  -29 
-8  -18 
-15  -42 
39  4 
18  -9 
69  25 
12  -9 
28  -8 
14  -31 
1  13 
21  28 
33  2 
17  -3 
25  6 
-11  23 
38  -11 
-27  50 
20  8 
13  23 
17  -26 
1  -21 
32  8 
-20  7 
-8  9 
12  -4 
20  16 
2  -24 
16  -12 
6  80 
19  58 
25  17 
-4  55 
32  -3 
-17  38 
18  20 
-24  16 
10  32 
-31  11 
47  -3 
19  19 
2  19 
-15  15 
-40  2 
10  33 
13  32 
-4  40 
-27  47 
10  30 
12  19 
-1  45 
34  22 
42  22 
-24  -10 
34  48 
12  -20 
-35  7 
3  15 
-52  -5 
-9  4 
51  12 
-14  -49 
26  43 
32  -3 
-21  8 
30  46 
2  64 
47  -3 
-21  7 
-25  8 
-1  22 
54  -11 
-11  -11 
12  20 
-9  14 
-13  13 
32  30 
20  -21 
-39  33 
16  -4 
0  5 
52  19 
-24  29 
22  26 
7  -30 
24  28 
10  38 
6  34 
-37  -9 
68  21 
0  9 
9  -25 
35  -41 
-56  -29 
-8  -18 
-14  -41 
39  4 
18  -11 
68  24 
8  0 
32  -7 
12  -29 
-1  10 
24  23 
34  4 
17  -3 
26  6 
-11  22 
37  -12 
-19  48 
21  6 
14  25 
14  -30 
-1  -24 
31  5 
-27  3 
-11  7 
10  -6 
19  15 
2  -22 
18  -13 
7  80 
21  58 
24  18 
-3  54 
39  -2 
-13  38 
18  20 
-26  16 
11  33 
-30  10 
48  -6 
20  23 
0  22 
-19  12 
-39  3 
11  31 
9  32 
-4  40 
-27  46 
8  32 
12  21 
-1  45 
34  22 
45  22 
-24  -10 
35  54 
11  -23 
-39  19 
3  14 
-50  -7 
-8  5 
48  10 
-11  -50 
29  45 
33  -4 
-22  9 
30  46 
2  64 
47  -1 
-19  13 
-24  8 
-2  25 
52  -10 
-11  -12 
12  16 
-10  16 
-13  13 
35  33 
20  -23 
-39  31 
13  -6 
-1  5 
52  20 
-25  28 
20  23 
1  -31 
29  27 
9  37 
3  33 
-36  -7 
68  21 
0  9 
12  -23 
36  -38 
-52  -36 
-7  -16 
-13  -40 
39  4 
16  -10 
67  24 
12  -1 
29  -9 
8  -29 
1  7 
22  25 
34  2 
14  -3 
23  7 
-9  19 
37  -19 
-16  50 
21  8 
14  25 
14  -33 
-2  -23 
32  1 
-27  6 
-8  8 
16  -6 
19  18 
5  -20 
19  -13 
9  83 
25  56 
27  18 
0  56 
36  0 
-12  40 
19  20 
-29  16 
7  31 
-29  10 
45  1 
20  22 
2  18 
-23  8 
-39  3 
7  30 
6  28 
-4  46 
-23  42 
3  32 
12  22 
0  45 
33  25 
46  23 
-21  -10 
35  55 
11  -22 
-38  19 
3  5 
-50  -7 
-5  5 
48  14 
-11  -48 
28  41 
28  -4 
-22  9 
26  46 
4  71 
47  -3 
-19  13 
-25  7 
-4  20 
49  -10 
-12  -13 
5  22 
-9  11 
-14  14 
36  35 
23  -22 
-38  33 
13  -6 
-1  5 
52  21 
-26  29 
20  23 
3  -33 
32  27 
10  38 
5  33 
-39  -8 
68  20 
1  10 
14  -26 
34  -32 
-51  -31 
-5  -19 
-13  -41 
39  4 
16  -10 
64  23 
13  3 
35  -8 
9  -23 
5  9 
22  24 
35  -1 
16  -4 
25  6 
-8  20 
37  -13 
-22  50 
23  12 
18  25 
15  -32 
-4  -29 
34  2 
-27  6 
-11  7 
16  -6 
22  18 
5  -23 
20  -13 
11  82 
24  58 
25  21 
2  55 
34  1 
-18  39 
18  17 
-29  10 
7  30 
-34  11 
42  -3 
23  22 
1  18 
-24  8 
-39  3 
3  31 
8  30 
-4  44 
-19  42 
3  40 
13  24 
0  45 
32  24 
45  24 
-23  -11 
32  62 
12  -21 
-40  20 
2  6 
-50  -8 
-4  6 
47  13 
-8  -49 
29  42 
29  -3 
-24  9 
25  46 
4  69 
47  -3 
-20  13 
-26  9 
-3  21 
47  -10 
-14  -9 
6  23 
-11  12 
-12  16 
38  37 
25  -23 
-30  34 
13  -6 
-2  7 
55  22 
-26  28 
20  22 
-1  -35 
29  30 
10  38 
-1  35 
-39  -8 
73  19 
-9  13 
10  -24 
30  -31 
-57  -28 
-8  -20 
-13  -41 
37  5 
16  -10 
62  24 
12  2 
34  -10 
9  -21 
2  10 
21  20 
38  0 
10  -7 
23  5 
-9  21 
35  -12 
-18  46 
27  15 
14  22 
16  -28 
-6  -29 
33  3 
-27  6 
-10  11 
16  -4 
22  16 
4  -20 
19  -12 
16  84 
19  58 
33  22 
1  53 
32  -1 
-24  34 
12  21 
-29  11 
12  37 
-34  16 
43  0 
23  22 
3  18 
-21  10 
-40  3 
0  31 
13  30 
-5  44 
-15  43 
1  38 
12  25 
0  45 
34  23 
46  26 
-22  -11 
29  63 
8  -19 
-39  22 
3  6 
-49  -12 
-6  5 
52  16 
-8  -49 
29  42 
31  -1 
-22  14 
26  46 
9  69 
47  0 
-19  10 
-27  8 
-7  20 
47  -10 
-19  -9 
6  23 
-7  10 
-5  16 
38  37 
25  -23 
-29  33 
16  -10 
0  7 
52  20 
-25  28 
23  22 
3  -33 
31  34 
10  38 
-1  35 
-39  -7 
76  20 
-8  12 
8  -26 
29  -32 
-59  -28 
-4  -18 
-12  -40 
36  6 
16  -12 
63  25 
12  -1 
34  -11 
8  -19 
1  15 
22  21 
40  -2 
9  -8 
26  11 
-8  22 
34  -13 
-18  46 
22  17 
14  22 
16  -26 
-6  -32 
35  0 
-27  6 
-10  13 
16  -5 
24  15 
4  -20 
20  -15 
22  84 
22  58 
31  23 
1  58 
33  -1 
-26  37 
13  14 
-32  11 
12  37 
-33  17 
40  3 
22  19 
6  20 
-22  9 
-39  3 
2  31 
10  34 
-5  39 
-15  42 
3  38 
11  22 
0  49 
37  22 
51  25 
-20  -7 
27  63 
9  -23 
-35  20 
2  2 
-48  -12 
-1  5 
53  19 
-11  -52 
29  43 
36  -6 
-21  15 
26  46 
10  73 
42  -4 
-18  15 
-28  4 
-8  20 
37  -6 
-20  -9 
6  23 
-6  7 
-8  16 
42  38 
25  -23 
-29  34 
18  -11 
-1  7 
48  21 
-23  28 
23  22 
7  -32 
29  35 
12  37 
-5  32 
-39  -7 
76  20 
-8  11 
7  -27 
28  -28 
-54  -26 
-3  -17 
-8  -41 
36  4 
15  -12 
65  26 
12  2 
34  -11 
6  -19 
-1  16 
23  18 
39  -2 
9  -10 
28  6 
-9  22 
38  -13 
-16  53 
21  10 
12  21 
11  -29 
-6  -32 
38  0 
-29  4 
-12  15 
14  -8 
13  10 
7  -23 
22  -13 
22  84 
21  60 
30  22 
3  60 
36  1 
-26  37 
13  14 
-33  10 
10  36 
-33  19 
40  3 
22  20 
8  20 
-24  10 
-38  -1 
11  32 
13  32 
-4  38 
-15  44 
1  38 
15  19 
-4  48 
41  21 
54  25 
-17  -8 
23  65 
9  -23 
-36  18 
1  2 
-46  -12 
-1  4 
51  18 
-16  -52 
30  38 
36  -4 
-21  15 
26  47 
11  68 
42  -2 
-16  12 
-27  8 
-11  16 
41  -9 
-20  -7 
3  22 
-8  8 
-5  15 
37  41 
23  -27 
-32  36 
17  -12 
3  12 
48  21 
-24  30 
22  22 
2  -27 
29  34 
12  37 
1  33 
-38  -10 
73  22 
-11  10 
9  -29 
34  -30 
-55  -27 
-6  -15 
-8  -38 
36  6 
15  -12 
59  28 
13  3 
32  -9 
7  -17 
6  14 
27  18 
39  -2 
7  -12 
24  10 
-3  24 
39  -13 
-20  51 
20  10 
12  21 
10  -26 
-6  -31 
38  3 
-35  4 
-16  13 
16  -5 
13  6 
7  -21 
25  -14 
26  86 
22  55 
31  22 
4  62 
38  0 
-28  36 
13  14 
-34  11 
9  37 
-31  18 
41  3 
20  22 
5  23 
-25  12 
-35  -2 
7  31 
19  36 
-3  37 
-18  44 
2  37 
14  20 
-4  49 
39  20 
52  24 
-18  -9 
23  66 
15  -21 
-36  20 
2  0 
-44  -10 
-1  4 
52  21 
-20  -55 
32  36 
31  -8 
-23  17 
27  45 
12  71 
44  -1 
-16  11 
-26  9 
-9  13 
44  -10 
-19  -10 
4  22 
-8  8 
-4  16 
35  39 
21  -27 
-30  34 
15  -12 
2  11 
48  21 
-24  28 
21  22 
3  -22 
27  38 
11  38 
-5  32 
-39  -13 
78  22 
-12  11 
9  -30 
31  -24 
-53  -27 
-4  -15 
-8  -40 
30  6 
11  -9 
60  33 
11  2 
33  -8 
12  -18 
8  16 
27  19 
39  -2 
10  -8 
22  10 
-1  27 
38  -11 
-17  45 
24  8 
7  20 
8  -28 
-6  -32 
41  3 
-38  4 
-18  16 
17  -7 
19  5 
6  -26 
24  -16 
26  83 
28  55 
32  24 
5  62 
37  1 
-30  33 
11  14 
-34  10 
8  40 
-29  19 
40  2 
20  23 
6  27 
-26  11 
-37  -8 
9  31 
19  36 
-2  37 
-15  43 
2  39 
16  20 
-11  47 
40  17 
51  24 
-19  -8 
22  67 
11  -19 
-38  22 
2  -2 
-44  -10 
-4  6 
55  19 
-21  -56 
32  36 
33  -14 
-20  16 
26  46 
14  69 
45  3 
-17  13 
-29  11 
-8  13 
46  -13 
-19  -12 
3  22 
-9  5 
-3  17 
35  40 
24  -25 
-30  33 
17  -11 
1  13 
48  20 
-26  28 
22  22 
5  -23 
30  36 
14  37 
-8  32 
-38  -9 
80  22 
-12  9 
9  -28 
36  -18 
-52  -24 
-2  -13 
-10  -42 
30  6 
9  -12 
60  38 
14  2 
30  -10 
9  -17 
7  15 
22  14 
42  -1 
11  -11 
23  12 
7  25 
38  -11 
-17  46 
24  10 
7  18 
7  -29 
-4  -32 
40  5 
-38  4 
-17  15 
19  -5 
18  3 
7  -27 
25  -14 
27  83 
29  53 
32  19 
5  62 
33  3 
-29  34 
8  12 
-33  10 
8  41 
-28  21 
41  3 
20  23 
5  24 
-23  8 
-38  -10 
4  32 
18  36 
-2  37 
-14  43 
2  35 
18  20 
-11  47 
39  18 
51  24 
-19  -8 
23  65 
12  -18 
-39  22 
1  -1 
-47  -12 
0  5 
54  22 
-21  -56 
31  38 
35  -12 
-23  16 
25  43 
11  68 
45  2 
-17  12 
-30  14 
-17  13 
47  -10 
-20  -12 
2  22 
-6  5 
-4  14 
38  40 
23  -25 
-31  29 
16  -14 
0  9 
47  18 
-28  28 
22  24 
3  -20 
30  36 
12  36 
-15  29 
-39  -8 
81  23 
-10  13 
6  -29 
36  -20 
-51  -23 
2  -14 
-11  -42 
30  6 
2  -9 
56  36 
11  5 
17  -12 
8  -16 
8  14 
20  14 
41  -7 
12  -9 
21  10 
3  22 
36  -12 
-17  45 
26  10 
5  21 
9  -30 
-6  -33 
38  3 
-40  7 
-19  18 
19  -4 
18  5 
5  -25 
25  -13 
26  86 
25  54 
32  22 
5  60 
32  0 
-30  30 
9  12 
-29  11 
8  40 
-29  22 
40  3 
20  22 
5  26 
-24  10 
-40  -7 
3  38 
19  35 
-2  37 
-14  43 
2  41 
16  25 
-6  48 
42  19 
53  26 
-20  -9 
23  66 
8  -19 
-41  18 
2  -5 
-46  -13 
-1  4 
56  21 
-24  -56 
33  42 
34  -11 
-22  17 
26  45 
12  72 
43  0 
-21  8 
-29  14 
-20  13 
50  -7 
-18  -14 
3  22 
-6  3 
-7  12 
41  41 
22  -25 
-33  31 
14  -15 
-1  7 
47  18 
-28  28 
22  24 
2  -21 
32  37 
13  36 
-11  29 
-39  -7 
81  23 
-12  16 
5  -26 
33  -17 
-53  -27 
1  -11 
-11  -41 
32  4 
2  -10 
55  33 
11  4 
13  -11 
9  -10 
12  16 
19  15 
41  -9 
16  -6 
20  12 
4  22 
35  -12 
-17  45 
23  12 
2  20 
11  -27 
-7  -33 
41  0 
-41  5 
-16  15 
19  -4 
18  7 
8  -26 
21  -10 
26  86 
28  55 
29  23 
2  62 
32  2 
-32  32 
9  12 
-29  11 
7  39 
-25  19 
40  3 
20  22 
5  26 
-24  10 
-42  -11 
1  38 
26  34 
-4  36 
-15  41 
1  42 
20  25 
-4  46 
46  16 
53  26 
-24  -7 
24  69 
8  -20 
-40  19 
3  -2 
-46  -10 
-1  4 
54  21 
-26  -56 
32  41 
34  -9 
-23  17 
23  45 
12  68 
44  2 
-16  9 
-30  12 
-20  12 
50  -12 
-19  -15 
6  18 
-8  0 
-9  11 
30  38 
23  -26 
-32  31 
14  -15 
3  7 
47  19 
-26  28 
22  24 
1  -20 
33  36 
16  36 
-9  34 
-34  -3 
82  22 
-8  16 
5  -23 
34  -18 
-53  -30 
1  -11 
-9  -38 
31  5 
-1  -13 
49  38 
10  6 
14  -11 
6  -14 
10  16 
17  14 
41  -8 
16  -9 
21  13 
9  23 
36  -6 
-18  46 
23  12 
5  22 
9  -33 
-3  -35 
42  -5 
-40  5 
-18  10 
24  -2 
20  11 
11  -22 
22  -9 
20  87 
23  58 
32  19 
4  59 
32  4 
-31  31 
10  13 
-30  15 
8  40 
-25  19 
40  3 
16  22 
5  26 
-24  10 
-43  -12 
0  39 
27  31 
-3  31 
-13  43 
3  42 
18  25 
-3  43 
48  16 
56  25 
-23  -7 
23  69 
8  -19 
-41  18 
0  -3 
-47  -10 
-1  4 
54  22 
-31  -58 
30  38 
37  -12 
-22  17 
26  46 
16  69 
45  2 
-17  12 
-31  14 
-13  10 
47  -15 
-15  -13 
7  17 
-9  2 
-10  12 
28  34 
21  -22 
-30  28 
13  -18 
4  15 
47  19 
-26  28 
23  22 
3  -22 
31  33 
14  35 
-8  37 
-35  -3 
80  23 
-8  16 
5  -25 
35  -19 
-52  -30 
-4  -16 
-8  -38 
35  5 
1  -12 
48  35 
10  6 
12  -13 
4  -9 
10  16 
19  16 
41  -7 
9  -10 
23  10 
12  23 
30  -7 
-15  46 
22  11 
4  19 
9  -33 
-5  -41 
43  -6 
-47  4 
-14  16 
21  -1 
21  10 
9  -23 
21  -9 
23  85 
21  63 
34  21 
8  61 
32  4 
-33  33 
11  12 
-29  14 
8  40 
-22  20 
40  2 
17  18 
5  23 
-23  10 
-43  -3 
2  41 
26  34 
-4  34 
-14  43 
0  37 
16  22 
-7  43 
49  12 
51  25 
-24  -10 
32  65 
9  -17 
-39  22 
2  -1 
-44  -7 
-1  4 
57  24 
-31  -60 
29  37 
36  -11 
-22  17 
26  47 
14  67 
44  0 
-19  11 
-34  14 
-8  10 
51  -12 
-14  -14 
7  18 
-4  2 
-14  16 
30  36 
22  -18 
-31  31 
11  -18 
2  15 
47  17 
-26  29 
20  20 
7  -21 
28  34 
16  34 
-12  39 
-40  -1 
80  23 
-8  17 
8  -24 
36  -19 
-49  -30 
-1  -13 
-5  -41 
31  4 
3  -15 
47  36 
14  8 
15  -12 
4  -5 
9  19 
21  12 
42  -9 
9  -10 
25  13 
14  22 
29  -7 
-15  41 
25  8 
3  18 
10  -29 
-9  -39 
38  -11 
-49  7 
-15  17 
22  1 
16  10 
10  -22 
17  -12 
18  87 
22  64 
32  19 
8  61 
32  5 
-33  30 
9  12 
-30  13 
8  40 
-22  20 
40  2 
19  20 
5  20 
-27  14 
-44  -4 
1  43 
27  31 
-1  35 
-14  43 
-1  36 
13  20 
-8  41 
52  11 
53  26 
-25  -8 
32  62 
9  -18 
-45  22 
2  -2 
-47  -10 
-6  5 
51  24 
-32  -59 
29  37 
35  -12 
-17  18 
29  43 
13  66 
43  2 
-17  12 
-38  11 
-6  9 
51  -8 
-14  -14 
6  19 
-6  2 
-19  11 
31  34 
22  -18 
-29  31 
12  -23 
1  18 
47  19 
-26  28 
20  22 
7  -20 
27  37 
17  36 
-11  34 
-40  -1 
81  23 
-8  16 
8  -26 
37  -23 
-44  -30 
-2  -15 
-4  -42 
36  6 
4  -12 
45  37 
12  1 
18  -11 
2  -5 
7  18 
18  10 
43  -9 
7  -9 
27  13 
16  25 
25  -11 
-16  43 
30  10 
0  16 
12  -29 
-8  -40 
40  -11 
-48  8 
-16  22 
22  -2 
15  13 
11  -22 
16  -12 
21  93 
22  59 
36  21 
8  60 
30  6 
-31  32 
6  10 
-30  13 
7  35 
-25  19 
40  3 
18  20 
3  20 
-27  14 
-44  -4 
0  45 
30  32 
-2  37 
-14  43 
-1  35 
12  19 
-9  43 
56  15 
51  28 
-24  -7 
32  62 
9  -15 
-47  23 
0  -3 
-51  -12 
-2  5 
52  20 
-29  -59 
29  37 
32  -12 
-15  18 
29  43 
14  71 
44  9 
-18  13 
-39  10 
-9  5 
52  -3 
-13  -17 
5  22 
-4  1 
-17  7 
31  34 
22  -18 
-30  30 
12  -24 
2  20 
49  18 
-26  30 
21  23 
8  -19 
27  40 
17  35 
-12  36 
-39  -2 
80  22 
-12  14 
10  -24 
36  -27 
-42  -31 
-6  -15 
-9  -38 
36  6 
0  -8 
45  37 
12  -1 
19  -10 
7  -1 
8  20 
21  13 
44  -5 
2  -9 
25  13 
14  22 
22  -6 
-18  46 
29  14 
4  18 
11  -29 
-5  -40 
37  -6 
-50  12 
-15  23 
22  -2 
16  10 
11  -22 
14  -12 
23  92 
19  60 
36  20 
10  58 
28  4 
-37  33 
6  10 
-31  12 
10  33 
-25  19 
38  0 
17  25 
5  20 
-24  15 
-44  -4 
0  45 
31  32 
-3  37 
-14  43 
1  37 
13  20 
-6  47 
59  16 
53  32 
-25  -7 
32  61 
3  -15 
-48  24 
-1  -2 
-53  -10 
1  8 
51  19 
-26  -64 
29  37 
32  -12 
-15  23 
29  43 
14  68 
51  8 
-18  18 
-38  10 
-9  4 
53  -4 
-15  -14 
7  20 
0  3 
-17  7 
30  34 
21  -22 
-28  31 
10  -24 
-1  15 
48  21 
-30  32 
23  26 
6  -17 
25  42 
14  37 
-8  36 
-33  -7 
79  20 
-20  17 
13  -26 
38  -31 
-41  -29 
-6  -18 
-8  -39 
35  2 
7  -4 
44  39 
10  -2 
15  -12 
7  -3 
7  18 
22  11 
45  -3 
1  -10 
20  9 
16  24 
23  -5 
-17  45 
31  14 
0  20 
13  -28 
-5  -39 
36  -6 
-51  10 
-18  21 
27  -1 
16  10 
12  -20 
17  -12 
21  91 
18  60 
37  21 
8  60 
26  6 
-36  30 
3  12 
-39  13 
8  36 
-25  19 
39  5 
19  24 
6  11 
-25  16 
-44  -4 
0  45 
30  30 
-3  37 
-19  43 
3  38 
12  19 
-5  43 
57  15 
54  30 
-24  -5 
31  62 
2  -14 
-52  24 
-2  -3 
-56  -9 
0  8 
50  16 
-29  -65 
30  38 
35  -12 
-15  21 
31  42 
19  70 
49  7 
-20  21 
-34  6 
-6  2 
51  -6 
-14  -12 
11  19 
0  3 
-12  0 
23  30 
19  -21 
-32  34 
9  -25 
-2  15 
49  23 
-31  30 
22  26 
5  -14 
22  42 
12  37 
-8  36 
-37  -7 
81  18 
-19  10 
13  -26 
37  -26 
-40  -26 
-6  -17 
-8  -38 
37  1 
7  -8 
45  37 
12  -1 
14  -11 
7  -3 
7  18 
21  8 
45  0 
3  -5 
25  10 
15  21 
22  -5 
-17  45 
30  13 
1  15 
16  -26 
-8  -39 
34  -9 
-51  8 
-17  18 
27  -1 
17  8 
12  -20 
16  -12 
23  92 
22  58 
37  20 
9  57 
35  2 
-39  33 
6  10 
-39  11 
8  36 
-25  19 
40  5 
19  24 
7  10 
-26  17 
-40  -1 
2  44 
35  32 
-4  36 
-20  42 
2  39 
8  21 
-2  45 
58  9 
49  32 
-27  -4 
31  58 
3  -9 
-53  25 
-2  -3 
-64  -12 
6  8 
51  14 
-28  -68 
30  38 
36  -10 
-17  22 
33  45 
18  70 
50  13 
-18  13 
-39  0 
-3  0 
52  0 
-17  -15 
7  20 
0  -1 
-13  -2 
19  36 
19  -22 
-34  36 
9  -25 
-3  9 
48  25 
-31  28 
20  22 
2  -16 
24  42 
12  36 
-10  36 
-34  -3 
80  18 
-18  11 
14  -27 
39  -25 
-39  -29 
0  -15 
-9  -35 
36  1 
9  -10 
43  38 
12  -1 
13  -10 
11  -1 
11  11 
19  7 
41  3 
3  -8 
25  6 
15  19 
26  -6 
-24  46 
29  13 
1  13 
16  -26 
-8  -38 
37  -3 
-46  7 
-14  20 
27  -3 
14  9 
11  -18 
13  -14 
21  92 
24  59 
36  25 
9  57 
36  2 
-38  35 
12  11 
-39  10 
8  36 
-27  22 
42  6 
13  28 
12  8 
-32  14 
-38  -2 
5  44 
31  33 
-4  33 
-21  40 
1  38 
7  19 
-1  45 
57  8 
51  32 
-28  1 
28  61 
0  -9 
-54  23 
-2  -3 
-67  -10 
5  6 
48  11 
-31  -68 
27  38 
38  -10 
-16  22 
36  41 
21  70 
49  10 
-18  16 
-41  -4 
-9  -1 
51  2 
-14  -17 
7  20 
0  2 
-14  -6 
19  35 
20  -24 
-37  30 
9  -23 
-4  8 
52  19 
-31  28 
16  25 
1  -17 
24  38 
11  36 
-12  35 
-35  2 
80  17 
-23  5 
15  -24 
38  -29 
-40  -31 
-1  -14 
-9  -36 
37  2 
11  -9 
47  39 
13  -4 
13  -6 
10  -4 
7  8 
14  8 
43  0 
3  -6 
26  5 
16  22 
23  -8 
-24  46 
32  17 
7  9 
16  -25 
-9  -35 
37  -3 
-45  8 
-10  13 
27  -3 
16  16 
10  -14 
13  -14 
15  93 
25  58 
34  24 
11  58 
36  0 
-33  33 
9  7 
-39  11 
8  34 
-25  19 
40  5 
12  28 
9  9 
-29  12 
-40  -2 
5  43 
31  34 
-6  30 
-19  38 
3  38 
14  22 
-2  40 
58  9 
52  31 
-26  3 
28  60 
1  -13 
-53  23 
-2  -3 
-66  -13 
1  11 
44  9 
-34  -70 
27  38 
39  -10 
-17  22 
39  38 
21  72 
51  14 
-15  21 
-40  -8 
-11  3 
52  2 
-15  -17 
0  19 
0  2 
-12  1 
22  35 
22  -24 
-37  32 
4  -22 
-4  8 
50  18 
-34  29 
19  28 
1  -19 
25  42 
12  40 
-13  37 
-35  -3 
83  18 
-21  5 
15  -24 
36  -30 
-37  -35 
-2  -10 
-9  -36 
36  2 
12  -8 
47  39 
9  0 
16  -6 
7  -4 
8  8 
14  8 
40  3 
7  -7 
24  2 
15  19 
21  -7 
-21  44 
31  16 
10  12 
10  -24 
-9  -38 
37  -4 
-43  9 
-11  10 
30  -6 
13  14 
10  -14 
14  -18 
15  95 
22  64 
36  20 
12  56 
37  1 
-32  34 
12  8 
-38  10 
9  39 
-26  17 
42  5 
13  28 
7  10 
-26  14 
-39  -2 
2  42 
28  36 
-7  30 
-18  38 
0  37 
13  22 
-1  40 
57  5 
50  31 
-27  0 
26  66 
0  -15 
-52  20 
-3  -3 
-66  -13 
4  10 
44  9 
-35  -68 
27  40 
37  -11 
-18  17 
38  37 
21  72 
42  15 
-15  20 
-39  -9 
-8  2 
53  3 
-14  -17 
0  17 
5  2 
-12  1 
22  39 
26  -24 
-38  31 
5  -22 
0  7 
52  17 
-41  27 
20  25 
3  -28 
29  43 
17  37 
-13  37 
-35  -3 
83  18 
-19  10 
13  -26 
37  -32 
-33  -37 
-7  -10 
-9  -36 
33  -4 
9  -10 
47  39 
10  -1 
11  -9 
10  -9 
4  8 
11  5 
44  2 
3  -9 
23  5 
18  20 
21  -7 
-21  45 
28  15 
8  19 
8  -20 
-9  -42 
37  -4 
-44  8 
-10  13 
30  -8 
16  14 
9  -12 
9  -18 
13  92 
19  68 
35  22 
8  54 
36  2 
-31  34 
9  9 
-44  10 
10  38 
-24  16 
42  6 
15  28 
8  12 
-24  15 
-38  2 
0  41 
32  28 
-6  29 
-16  33 
-1  36 
13  19 
-1  38 
56  6 
52  31 
-28  1 
25  66 
-6  -18 
-51  17 
-1  -5 
-65  -12 
0  11 
49  10 
-39  -69 
23  38 
40  -8 
-20  22 
38  37 
21  73 
43  12 
-17  22 
-42  -11 
-6  2 
56  -6 
-15  -17 
2  16 
4  0 
-11  2 
22  39 
21  -25 
-36  36 
-2  -20 
4  9 
50  16 
-41  29 
19  24 
7  -30 
32  42 
17  34 
-14  34 
-35  -3 
82  18 
-15  9 
13  -26 
38  -33 
-33  -41 
-8  -9 
-8  -39 
31  -1 
11  -7 
42  35 
10  -2 
10  -9 
8  -8 
6  3 
13  2 
42  4 
5  -6 
22  6 
19  20 
16  -12 
-24  46 
28  16 
7  17 
8  -19 
-10  -38 
33  -5 
-46  7 
-9  14 
31  -12 
12  20 
13  -12 
8  -20 
13  90 
21  72 
35  25 
9  54 
40  5 
-30  32 
6  5 
-44  10 
12  39 
-24  16 
41  10 
19  27 
16  13 
-26  14 
-39  2 
2  42 
34  29 
-1  25 
-11  35 
1  38 
7  18 
-1  38 
54  5 
50  33 
-25  -1 
30  66 
-3  -20 
-51  17 
-1  -4 
-61  -12 
5  14 
49  11 
-39  -69 
22  42 
41  -8 
-19  23 
39  38 
25  72 
42  11 
-15  22 
-44  -12 
-9  4 
58  -3 
-15  -15 
3  22 
6  -4 
-8  2 
21  38 
21  -21 
-38  38 
-1  -18 
-1  10 
47  10 
-39  33 
14  22 
9  -28 
31  42 
15  35 
-15  36 
-38  -5 
86  14 
-16  13 
13  -26 
41  -33 
-33  -43 
-10  -10 
-7  -37 
31  -1 
13  -14 
39  35 
9  -2 
8  -12 
10  -7 
5  3 
12  0 
40  5 
3  -8 
19  7 
18  20 
16  -10 
-26  45 
28  16 
5  21 
8  -19 
-11  -37 
30  -4 
-47  8 
-9  17 
28  -10 
13  20 
9  -10 
10  -18 
12  91 
21  70 
35  20 
10  58 
39  5 
-30  32 
4  6 
-46  11 
11  36 
-33  18 
40  14 
20  33 
8  14 
-28  10 
-40  2 
2  37 
35  28 
-1  24 
-13  35 
-4  42 
7  19 
4  40 
56  6 
48  31 
-25  -1 
27  63 
-3  -20 
-52  20 
4  -1 
-61  -13 
11  14 
52  16 
-42  -71 
19  38 
41  -9 
-17  22 
38  37 
27  73 
46  10 
-15  20 
-44  -12 
-8  2 
55  -4 
-14  -17 
6  19 
7  0 
-8  -1 
19  35 
20  -21 
-36  39 
-5  -21 
3  15 
54  15 
-39  40 
13  22 
8  -32 
34  42 
16  32 
-15  37 
-36  -7 
90  20 
-16  9 
8  -26 
42  -34 
-33  -41 
-7  -4 
-11  -40 
29  -2 
13  -14 
36  34 
10  -2 
6  -9 
10  -6 
5  3 
14  -1 
38  0 
0  -9 
21  13 
15  21 
15  -12 
-20  45 
20  13 
8  21 
4  -18 
-9  -38 
32  -3 
-48  8 
-9  18 
31  -12 
12  20 
9  -11 
8  -20 
14  90 
21  70 
34  25 
13  57 
35  5 
-33  31 
0  3 
-46  8 
13  39 
-31  17 
43  18 
22  35 
6  14 
-29  11 
-40  2 
2  38 
33  28 
-1  25 
-12  36 
-3  41 
11  19 
1  38 
53  5 
49  30 
-27  0 
29  63 
-4  -20 
-55  21 
2  2 
-59  -8 
10  10 
51  16 
-42  -71 
23  38 
45  -11 
-14  16 
39  36 
26  74 
49  9 
-17  20 
-44  -4 
-6  4 
52  -3 
-15  -15 
7  19 
7  -2 
-12  1 
20  36 
22  -19 
-36  46 
-5  -19 
3  14 
55  9 
-38  35 
17  28 
8  -30 
33  40 
16  28 
-16  39 
-43  -11 
92  21 
-16  11 
6  -29 
40  -33 
-33  -43 
-10  -4 
-9  -35 
30  -2 
13  -14 
37  37 
12  0 
9  -10 
8  -6 
5  2 
18  0 
40  -2 
1  -10 
21  11 
16  21 
14  -11 
-24  42 
21  13 
8  20 
5  -14 
-8  -37 
32  -4 
-51  7 
-11  18 
27  -7 
8  22 
8  -12 
10  -18 
14  92 
23  72 
36  26 
14  57 
38  3 
-31  32 
1  3 
-45  12 
12  39 
-31  17 
45  20 
20  32 
8  11 
-28  13 
-42  -3 
-1  35 
27  29 
-1  24 
-18  30 
-6  42 
9  22 
2  39 
52  5 
50  33 
-29  2 
23  68 
-4  -20 
-60  22 
0  3 
-58  -5 
8  12 
50  10 
-44  -71 
22  39 
46  -9 
-15  17 
38  40 
20  78 
47  10 
-15  22 
-43  -4 
-6  5 
49  -2 
-17  -15 
10  18 
3  -2 
-12  1 
22  38 
20  -18 
-41  47 
-2  -17 
6  14 
56  8 
-39  38 
17  29 
8  -26 
31  42 
14  29 
-15  40 
-44  -4 
96  22 
-17  11 
9  -30 
39  -35 
-32  -40 
-11  -5 
-6  -37 
32  -4 
13  -14 
39  36 
9  3 
11  -6 
10  -6 
5  3 
21  -1 
42  1 
3  -8 
26  7 
17  20 
16  -10 
-27  43 
22  17 
7  17 
6  -14 
-13  -37 
32  -3 
-48  8 
-4  20 
27  -7 
6  23 
4  -12 
12  -19 
12  91 
21  71 
36  26 
13  54 
40  5 
-30  33 
3  0 
-44  11 
12  40 
-31  17 
47  19 
22  31 
11  11 
-30  15 
-41  -5 
-4  34 
29  29 
1  30 
-19  33 
-5  45 
9  22 
0  40 
51  4 
54  37 
-25  -1 
25  66 
-6  -18 
-61  24 
3  2 
-61  -2 
14  8 
52  11 
-44  -72 
24  38 
48  -10 
-15  17 
44  40 
23  82 
44  13 
-15  23 
-43  -3 
-7  4 
49  -3 
-17  -15 
11  19 
3  -2 
-6  0 
23  32 
22  -18 
-43  48 
1  -18 
4  9 
53  10 
-38  35 
14  30 
10  -27 
30  46 
2  31 
-20  43 
-44  -6 
95  19 
-14  16 
1  -30 
39  -35 
-33  -42 
-9  -9 
-8  -38 
33  -4 
13  -14 
42  38 
11  2 
16  -5 
8  -6 
4  8 
25  1 
41  3 
1  -8 
18  7 
15  20 
9  -10 
-27  43 
25  18 
7  17 
5  -15 
-15  -34 
34  -3 
-46  7 
-6  22 
26  -10 
2  24 
5  -9 
12  -20 
9  91 
21  73 
43  27 
11  56 
36  6 
-31  32 
8  1 
-40  9 
15  36 
-29  13 
44  15 
18  29 
6  11 
-34  12 
-40  -1 
-7  34 
28  32 
1  31 
-17  33 
-8  44 
16  20 
-2  40 
53  7 
53  40 
-24  2 
27  65 
-8  -21 
-60  22 
5  2 
-61  -2 
14  8 
51  12 
-46  -73 
22  38 
52  -12 
-16  16 
42  41 
25  78 
45  9 
-14  23 
-42  0 
-6  5 
48  0 
-14  -14 
12  19 
1  -7 
-10  -4 
27  34 
22  -16 
-43  48 
3  -18 
7  9 
52  11 
-34  41 
20  36 
9  -26 
30  46 
1  31 
-26  42 
-43  -3 
101  18 
-12  14 
1  -30 
39  -35 
-36  -42 
-6  -11 
-8  -39 
32  -3 
13  -14 
42  35 
12  2 
20  -2 
11  -6 
0  2 
22  -3 
42  2 
-2  -4 
12  4 
17  20 
9  -10 
-24  44 
28  19 
5  17 
6  -20 
-15  -34 
34  -3 
-45  8 
-9  17 
30  -8 
2  26 
4  -10 
15  -21 
7  90 
18  69 
43  27 
12  56 
40  5 
-29  33 
8  1 
-36  5 
15  34 
-27  9 
46  14 
16  28 
11  11 
-34  5 
-35  2 
-4  34 
27  35 
2  31 
-22  30 
-9  42 
16  20 
1  41 
49  7 
51  41 
-25  0 
27  66 
-10  -22 
-61  20 
5  3 
-61  -2 
14  8 
52  11 
-44  -70 
23  38 
47  -10 
-18  11 
38  43 
22  76 
45  13 
-8  28 
-39  3 
-4  6 
46  1 
-14  -17 
19  25 
2  -10 
-8  -4 
31  32 
22  -16 
-46  47 
4  -20 
13  10 
51  11 
-36  39 
18  37 
10  -27 
30  46 
2  35 
-24  42 
-41  -5 
101  20 
-11  18 
3  -26 
40  -35 
-39  -42 
-11  -8 
-11  -38 
37  -3 
13  -14 
46  36 
11  4 
22  -1 
11  -7 
-7  4 
23  -8 
41  2 
-5  -7 
14  3 
15  22 
14  -10 
-21  47 
32  20 
8  16 
7  -25 
-17  -34 
34  -3 
-45  8 
-9  16 
26  -6 
1  28 
-1  -12 
15  -21 
8  91 
17  69 
43  22 
10  58 
38  5 
-27  36 
8  1 
-31  3 
13  34 
-25  12 
47  13 
16  31 
14  9 
-35  6 
-35  1 
-4  36 
29  30 
1  30 
-22  30 
-10  42 
13  23 
0  42 
49  8 
51  45 
-28  -3 
26  66 
-8  -18 
-64  20 
5  3 
-57  0 
11  14 
52  11 
-46  -71 
22  34 
49  -8 
-17  11 
32  37 
18  70 
47  10 
-11  30 
-38  6 
-4  2 
46  -4 
-14  -17 
17  24 
-2  -11 
-10  -1 
31  31 
22  -16 
-46  54 
7  -23 
5  14 
46  14 
-41  38 
22  39 
15  -27 
30  46 
5  38 
-28  39 
-41  -4 
101  23 
-11  17 
1  -27 
40  -35 
-36  -40 
-17  -7 
-11  -38 
39  -6 
13  -14 
47  33 
14  5 
22  2 
8  -4 
-8  2 
23  -8 
45  3 
-4  -4 
6  5 
20  18 
8  -13 
-26  47 
31  19 
11  16 
8  -26 
-13  -34 
34  -3 
-43  9 
-8  21 
22  -5 
1  31 
-1  -13 
19  -25 
14  91 
15  68 
43  22 
12  56 
39  5 
-24  41 
9  3 
-33  -2 
16  34 
-23  14 
44  11 
21  32 
14  10 
-35  2 
-35  0 
-4  33 
33  34 
2  31 
-24  28 
-9  42 
16  20 
0  43 
46  13 
52  40 
-29  -2 
25  66 
-5  -21 
-63  20 
3  6 
-60  -5 
12  12 
43  11 
-44  -72 
22  35 
52  -4 
-17  12 
30  38 
21  70 
42  14 
-10  33 
-37  5 
-7  2 
47  -2 
-15  -14 
22  26 
-4  -9 
-11  -3 
31  33 
22  -16 
-43  57 
8  -19 
8  16 
49  9 
-39  38 
22  38 
15  -28 
32  43 
5  40 
-28  39 
-41  -4 
101  23 
-10  16 
0  -26 
38  -31 
-37  -38 
-17  -6 
-9  -38 
41  -9 
13  -14 
47  30 
14  5 
24  2 
8  -6 
-3  5 
22  -11 
44  6 
-4  -4 
7  5 
18  20 
4  -11 
-29  48 
32  20 
3  15 
9  -25 
-14  -37 
33  -4 
-40  7 
-9  21 
23  -2 
2  31 
-1  -13 
19  -25 
9  92 
18  64 
40  23 
12  55 
39  5 
-30  42 
9  3 
-33  -1 
16  34 
-24  15 
41  13 
16  29 
6  10 
-35  2 
-40  -4 
-3  34 
34  37 
1  32 
-30  28 
-9  44 
16  22 
-1  44 
51  11 
54  42 
-28  2 
26  66 
-5  -19 
-65  20 
5  3 
-61  -2 
9  10 
41  6 
-45  -68 
19  35 
47  0 
-17  15 
33  40 
21  67 
39  16 
-12  35 
-40  6 
-8  1 
43  -7 
-15  -14 
17  28 
-5  -12 
-11  2 
30  31 
22  -16 
-42  57 
10  -22 
11  17 
52  11 
-34  34 
25  42 
14  -30 
35  45 
-8  39 
-27  39 
-38  -5 
101  23 
-9  14 
1  -29 
28  -32 
-37  -38 
-12  -4 
-7  -37 
41  -10 
13  -14 
46  32 
11  4 
22  -2 
10  -7 
-1  5 
14  -12 
46  5 
-3  -3 
7  6 
17  20 
3  -8 
-26  49 
31  18 
2  11 
8  -26 
-14  -37 
32  -3 
-36  8 
-9  22 
22  -1 
1  32 
-4  -14 
17  -26 
4  95 
15  59 
42  22 
8  50 
40  5 
-32  44 
9  3 
-31  -3 
16  33 
-27  14 
40  14 
17  35 
7  10 
-35  5 
-40  3 
-11  27 
32  38 
6  30 
-33  28 
-5  40 
18  20 
-1  44 
51  11 
54  42 
-28  2 
22  66 
-7  -18 
-62  23 
4  2 
-62  0 
11  11 
46  6 
-46  -71 
18  35 
48  1 
-19  10 
36  40 
27  73 
43  15 
-12  34 
-40  14 
-8  0 
46  -6 
-15  -18 
17  28 
-5  -12 
-11  3 
32  35 
21  -18 
-42  58 
4  -21 
12  17 
49  11 
-33  37 
21  38 
9  -28 
42  38 
-8  39 
-29  42 
-36  -7 
103  13 
-5  13 
-4  -30 
27  -30 
-38  -44 
-14  -5 
-4  -39 
48  -13 
13  -14 
49  30 
11  5 
28  0 
9  -3 
-4  5 
14  -12 
45  6 
-2  -3 
5  5 
14  25 
4  -12 
-28  48 
33  16 
-1  10 
12  -24 
-14  -37 
28  -4 
-39  13 
-8  21 
19  -2 
2  31 
-4  -14 
17  -31 
6  89 
18  62 
44  18 
10  51 
40  5 
-31  42 
10  2 
-33  -1 
16  34 
-24  16 
44  11 
17  34 
8  12 
-37  5 
-37  -2 
-8  30 
30  38 
8  35 
-29  28 
0  42 
23  22 
-1  44 
52  11 
60  43 
-28  2 
22  66 
-4  -18 
-65  25 
2  4 
-65  0 
11  14 
45  6 
-46  -72 
16  36 
48  1 
-20  10 
42  41 
27  73 
40  13 
-14  36 
-38  11 
-6  2 
49  -6 
-14  -17 
16  28 
-3  -12 
-16  8 
32  37 
21  -17 
-43  56 
4  -21 
19  16 
53  16 
-33  39 
22  37 
9  -33 
42  39 
-11  37 
-28  40 
-37  -7 
103  14 
-7  14 
-4  -30 
22  -26 
-36  -45 
-19  -8 
0  -38 
47  -12 
14  -17 
50  33 
12  5 
27  0 
11  -4 
-2  3 
15  -12 
41  4 
-5  -4 
6  6 
12  21 
10  -10 
-33  50 
34  17 
-4  9 
12  -24 
-4  -42 
29  -10 
-39  11 
-11  23 
19  -2 
1  33 
-7  -14 
19  -30 
0  87 
23  58 
45  18 
8  52 
36  6 
-32  40 
12  3 
-33  -2 
20  36 
-22  17 
42  13 
18  40 
7  11 
-38  6 
-38  -4 
-4  34 
28  36 
10  36 
-26  27 
5  42 
20  18 
-1  44 
48  14 
55  39 
-27  3 
19  67 
-8  -18 
-66  25 
2  5 
-65  1 
9  15 
47  5 
-47  -68 
18  37 
48  1 
-18  14 
45  38 
25  74 
36  9 
-17  32 
-37  11 
-8  4 
47  -5 
-15  -17 
16  30 
-8  -13 
-16  11 
32  37 
25  -23 
-43  57 
1  -20 
19  15 
51  18 
-31  40 
21  38 
5  -34 
42  42 
-12  34 
-28  42 
-34  -4 
102  7 
-9  12 
-3  -32 
22  -24 
-36  -45 
-19  -10 
3  -38 
49  -10 
16  -14 
49  37 
13  3 
28  0 
10  -2 
-4  0 
14  -12 
42  -1 
-4  -4 
5  5 
11  21 
10  -7 
-31  52 
34  17 
1  13 
11  -26 
-4  -38 
32  -12 
-33  11 
-11  23 
19  -2 
6  34 
-7  -14 
15  -32 
2  86 
27  58 
42  15 
6  51 
37  1 
-29  42 
12  1 
-33  -1 
22  38 
-17  18 
40  17 
18  40 
8  15 
-37  6 
-39  -9 
-4  34 
27  33 
12  36 
-27  28 
5  42 
19  16 
-2  47 
46  10 
55  39 
-34  3 
19  67 
-9  -21 
-65  22 
2  4 
-68  0 
5  17 
50  6 
-44  -70 
17  36 
45  3 
-18  14 
41  42 
29  75 
36  6 
-17  33 
-39  12 
-9  5 
45  -7 
-13  -14 
17  29 
-1  -13 
-19  13 
33  36 
23  -18 
-45  52 
0  -18 
17  13 
52  17 
-29  36 
25  38 
7  -30 
41  43 
-12  36 
-28  41 
-38  -5 
97  5 
-6  7 
-3  -32 
19  -22 
-38  -43 
-17  -8 
6  -37 
49  -10 
18  -15 
48  34 
15  0 
28  0 
10  -2 
-6  5 
15  -12 
42  2 
-1  -5 
8  4 
11  22 
12  -10 
-31  52 
36  14 
1  10 
9  -26 
-9  -36 
29  -12 
-31  11 
-7  23 
23  0 
12  31 
-7  -14 
14  -32 
-2  86 
29  57 
40  13 
9  49 
36  4 
-29  41 
16  1 
-33  -3 
20  39 
-18  18 
41  18 
16  40 
5  14 
-37  5 
-42  -11 
-6  29 
23  34 
11  34 
-29  28 
2  46 
23  18 
-1  48 
47  15 
55  39 
-38  -1 
19  65 
-8  -21 
-67  24 
2  4 
-69  4 
2  18 
50  6 
-48  -69 
17  37 
43  7 
-17  18 
41  40 
31  76 
38  5 
-25  33 
-38  11 
-8  1 
48  -6 
-21  -19 
16  30 
-1  -13 
-17  12 
34  37 
26  -17 
-49  51 
1  -22 
16  16 
52  17 
-30  36 
23  40 
11  -26 
39  38 
-15  34 
-28  42 
-36  -5 
103  2 
-6  7 
0  -35 
20  -24 
-41  -44 
-16  -11 
5  -39 
47  -10 
23  -14 
47  33 
16  0 
28  0 
12  0 
-5  5 
17  -11 
42  1 
-1  -5 
8  4 
12  15 
12  -10 
-28  48 
36  14 
-5  8 
11  -28 
-6  -38 
30  -10 
-32  12 
-5  22 
20  -1 
13  32 
-7  -14 
18  -31 
-1  84 
33  54 
43  11 
8  51 
36  6 
-31  43 
16  2 
-33  -2 
18  40 
-19  23 
40  18 
17  41 
5  18 
-39  10 
-38  -7 
-6  28 
21  35 
14  29 
-31  30 
2  46 
24  18 
1  51 
47  17 
55  40 
-40  2 
21  67 
-6  -24 
-65  23 
5  3 
-73  5 
0  18 
49  8 
-49  -68 
17  37 
45  6 
-17  18 
40  36 
29  75 
38  7 
-20  29 
-37  11 
-8  -1 
50  -4 
-19  -22 
13  30 
0  -15 
-19  10 
32  41 
27  -17 
-43  51 
4  -20 
18  17 
56  16 
-31  41 
20  39 
8  -24 
35  33 
-13  38 
-30  42 
-38  -10 
102  2 
-6  9 
-2  -35 
21  -27 
-44  -47 
-17  -8 
5  -37 
49  -10 
22  -16 
47  33 
15  -1 
25  -3 
14  1 
-7  3 
16  -12 
45  4 
-1  -4 
14  -4 
9  17 
12  -12 
-27  46 
38  14 
-4  10 
11  -26 
-3  -37 
31  -7 
-32  10 
-4  25 
21  -5 
12  31 
-6  -18 
16  -31 
-3  88 
33  54 
40  2 
9  51 
36  6 
-31  43 
11  2 
-32  1 
22  38 
-15  20 
39  18 
16  40 
5  22 
-36  13 
-37  -5 
-6  28 
21  28 
14  27 
-26  33 
-1  47 
27  19 
1  52 
52  16 
53  36 
-40  3 
19  68 
-5  -25 
-65  25 
6  3 
-69  4 
10  14 
49  12 
-51  -70 
17  37 
41  9 
-15  22 
38  37 
30  68 
43  9 
-20  25 
-38  6 
-8  2 
50  -4 
-21  -22 
12  32 
-4  -14 
-21  8 
35  42 
26  -17 
-43  48 
5  -19 
16  15 
52  17 
-28  40 
23  38 
11  -26 
28  39 
-19  32 
-32  44 
-38  -10 
101  3 
-8  11 
-1  -36 
18  -30 
-44  -44 
-16  -11 
0  -38 
46  -6 
22  -18 
47  31 
15  0 
25  -3 
21  2 
-9  2 
14  -13 
46  5 
-1  -4 
12  -4 
9  17 
6  -9 
-28  44 
40  12 
-4  9 
8  -26 
-2  -40 
28  -5 
-34  17 
-6  29 
24  -5 
11  31 
-6  -15 
16  -32 
-5  94 
35  53 
43  2 
9  47 
37  1 
-30  46 
13  0 
-33  3 
21  38 
-18  21 
42  18 
15  39 
3  25 
-39  13 
-40  -9 
-13  30 
26  26 
11  28 
-24  34 
0  49 
27  19 
1  50 
54  17 
51  35 
-38  4 
21  68 
-6  -25 
-64  22 
5  3 
