Created:October-13-2022 
Coverage:30 
N:20 
NUM-IONS:120 
NSTEPS:15000 
WRITE-PERIODICITY:100 
epsilon:1.71 
12  3 
-2  25 
-2  -4 
16  6 
44  -6 
-13  21 
-13  16 
18  -2 
-4  -10 
7  9 
14  11 
-4  29 
25  -15 
6  30 
-15  40 
8  21 
22  2 
12  -3 
10  13 
15  4 
21  2 
22  5 
14  -5 
46  9 
-9  13 
39  39 
6  35 
-11  -14 
37  19 
31  12 
14  -4 
-20  19 
2  17 
30  -14 
14  12 
-11  31 
25  18 
28  15 
-10  1 
27  -2 
2  7 
6  3 
13  9 
-15  30 
8  25 
28  12 
20  15 
-9  5 
-4  -6 
13  3 
4  29 
-10  15 
-11  -15 
22  -2 
-11  -2 
9  -11 
23  9 
-7  6 
-8  2 
8  11 
-25  10 
8  28 
42  10 
-10  10 
6  27 
35  -8 
6  31 
-7  10 
1  4 
-2  -10 
11  -13 
-14  16 
21  12 
2  11 
20  -6 
16  42 
9  -6 
30  39 
-2  4 
17  -19 
-6  1 
2  9 
-2  23 
15  27 
20  -24 
-14  44 
2  16 
3  1 
-9  -5 
-2  -26 
1  13 
-8  8 
22  -16 
-3  15 
0  -2 
18  6 
7  32 
4  5 
4  43 
1  7 
6  22 
-2  -1 
-6  -17 
16  55 
28  34 
7  28 
-3  20 
-8  18 
18  9 
-7  20 
-9  9 
-10  17 
-7  18 
-1  -23 
-17  18 
-4  27 
10  -12 
4  17 
10  7 
20  10 
15  7 
0  26 
-6  -5 
20  5 
47  -9 
-15  20 
-15  17 
20  -4 
-6  -9 
8  11 
13  14 
-4  28 
24  -15 
4  29 
-13  36 
8  21 
23  1 
13  -1 
10  10 
13  6 
19  7 
22  2 
24  -6 
42  7 
-9  12 
39  44 
8  38 
-10  -14 
37  20 
33  10 
16  -5 
-17  22 
7  19 
34  -17 
12  14 
-4  34 
21  14 
27  20 
-11  0 
27  1 
2  12 
8  0 
12  3 
-19  30 
10  27 
26  11 
20  15 
-10  8 
-2  -8 
13  3 
2  29 
-9  15 
-16  -17 
22  1 
-11  -2 
8  -6 
21  11 
-3  8 
-7  -2 
13  12 
-22  10 
6  29 
40  8 
-6  12 
8  28 
35  -9 
7  29 
-5  10 
-4  6 
-2  -11 
11  -13 
-13  14 
20  9 
4  10 
23  -2 
17  41 
6  -6 
31  40 
-4  2 
18  -16 
-5  1 
1  12 
-2  25 
16  25 
16  -27 
-14  45 
0  18 
6  3 
-8  -2 
-2  -26 
3  19 
-4  7 
21  -17 
-3  16 
1  0 
15  4 
4  33 
3  6 
9  45 
1  7 
5  25 
-2  -1 
-9  -15 
17  49 
25  38 
11  33 
-2  16 
-7  16 
18  8 
-6  16 
-9  9 
-9  17 
-8  21 
0  -26 
-16  20 
-1  25 
9  -11 
4  17 
13  7 
22  10 
16  7 
-2  22 
-4  -6 
18  7 
50  -10 
-11  22 
-21  17 
18  -7 
-5  -10 
10  15 
13  14 
-4  26 
24  -15 
1  32 
-15  38 
7  23 
22  2 
16  1 
12  12 
17  6 
20  6 
22  4 
21  -10 
44  9 
-7  12 
39  45 
8  41 
-7  -17 
40  16 
33  7 
18  -4 
-16  20 
8  20 
35  -23 
11  17 
-3  36 
21  17 
34  26 
-11  0 
26  3 
2  9 
9  5 
18  8 
-20  29 
11  27 
26  9 
20  14 
-14  7 
-1  -13 
16  2 
4  30 
-9  14 
-16  -17 
21  3 
-13  -4 
8  -6 
23  11 
-2  9 
-8  -2 
12  10 
-23  12 
6  34 
36  8 
-4  15 
11  32 
35  -8 
7  32 
-6  12 
-2  3 
-5  -11 
8  -15 
-13  14 
18  12 
7  9 
26  -3 
13  39 
8  -9 
32  43 
-2  4 
18  -21 
-5  1 
0  10 
-3  20 
13  30 
19  -26 
-16  53 
-5  20 
7  1 
-8  1 
-2  -26 
0  18 
-2  10 
22  -15 
-1  20 
3  -2 
12  7 
6  35 
3  7 
8  42 
1  7 
5  25 
1  0 
-11  -16 
16  50 
28  38 
9  34 
-2  18 
-8  17 
12  11 
-6  15 
-9  9 
-11  16 
-9  20 
4  -26 
-15  20 
0  25 
7  -18 
2  17 
15  4 
21  14 
18  7 
-4  22 
-4  -5 
19  6 
48  -5 
-11  26 
-23  23 
21  -9 
-4  -13 
10  15 
13  14 
1  23 
24  -15 
2  31 
-10  37 
5  25 
22  5 
17  0 
10  11 
14  6 
19  7 
18  6 
26  -11 
45  9 
-4  14 
42  42 
7  41 
-8  -19 
39  15 
35  7 
19  1 
-19  22 
10  19 
33  -21 
11  17 
-2  39 
23  18 
36  25 
-11  4 
27  4 
4  9 
9  9 
22  3 
-17  29 
12  28 
26  10 
18  16 
-13  8 
-2  -17 
14  2 
3  30 
-7  10 
-12  -20 
24  0 
-14  -2 
12  -8 
24  13 
-1  5 
-6  -4 
13  7 
-22  12 
4  34 
35  14 
0  17 
8  32 
35  -7 
9  31 
-4  8 
-3  -1 
-5  -10 
5  -8 
-13  14 
17  12 
6  7 
29  -4 
12  38 
8  -12 
33  40 
-5  4 
17  -24 
-10  1 
0  9 
-5  17 
10  30 
20  -22 
-16  55 
-4  16 
8  -2 
-12  1 
-3  -25 
7  16 
-2  8 
24  -14 
-1  18 
4  -3 
10  6 
6  34 
7  9 
9  45 
1  7 
6  23 
2  -3 
-9  -15 
11  50 
29  38 
9  34 
-3  21 
-7  17 
7  7 
-6  15 
-6  11 
-13  12 
-13  20 
5  -30 
-17  19 
1  30 
13  -18 
1  20 
13  6 
23  11 
18  10 
-1  22 
-4  -6 
18  9 
45  -3 
-11  26 
-22  28 
19  -5 
-3  -8 
11  17 
11  12 
-2  27 
24  -15 
7  29 
-10  37 
6  30 
22  5 
17  0 
8  11 
14  5 
19  7 
20  6 
25  -4 
43  11 
-5  12 
41  42 
7  39 
-8  -16 
38  14 
36  7 
16  3 
-19  24 
8  20 
33  -21 
13  20 
-2  39 
19  20 
36  26 
-13  0 
31  1 
6  9 
8  8 
22  4 
-16  29 
13  25 
26  11 
17  16 
-13  8 
-2  -19 
18  2 
1  27 
-4  8 
-12  -19 
23  1 
-15  2 
11  -11 
23  18 
-3  6 
-6  -4 
7  12 
-25  10 
4  37 
35  13 
0  15 
10  28 
26  -6 
8  35 
-2  12 
-1  1 
-8  -12 
6  -7 
-15  19 
11  13 
5  5 
29  -4 
12  37 
9  -11 
36  42 
-5  7 
17  -25 
-11  2 
0  10 
-8  21 
14  32 
21  -29 
-11  58 
-4  15 
6  -5 
-13  1 
-4  -27 
4  20 
0  9 
23  -14 
-2  18 
1  -3 
11  7 
0  34 
6  7 
9  44 
1  6 
6  23 
1  0 
-12  -17 
13  52 
28  38 
6  36 
-3  19 
-8  18 
9  5 
-6  15 
-6  11 
-12  12 
-13  16 
3  -30 
-14  17 
5  30 
12  -17 
0  16 
13  14 
19  8 
15  10 
-6  26 
-3  -4 
18  9 
46  -5 
-12  28 
-22  28 
16  -2 
-4  -12 
11  17 
11  14 
-1  23 
24  -17 
6  30 
-10  37 
6  29 
22  5 
17  0 
11  13 
15  4 
19  -1 
22  7 
22  -3 
43  9 
-7  14 
41  43 
8  32 
-9  -15 
39  15 
38  2 
13  6 
-19  22 
7  19 
33  -20 
12  17 
-3  39 
20  16 
36  27 
-12  1 
27  3 
7  9 
8  3 
22  4 
-16  29 
13  19 
22  10 
18  16 
-11  6 
-4  -18 
20  0 
3  30 
-2  10 
-16  -19 
20  -2 
-17  1 
6  -9 
16  21 
-5  6 
-6  -4 
8  11 
-27  10 
5  36 
41  12 
0  14 
7  27 
29  -6 
4  34 
-2  12 
-2  -2 
-5  -11 
7  -6 
-16  20 
13  17 
5  5 
27  -8 
12  38 
10  -13 
30  40 
-5  7 
13  -22 
-13  4 
0  15 
-5  18 
13  33 
20  -31 
-12  58 
-2  14 
6  -6 
-14  3 
-6  -25 
5  20 
1  11 
23  -14 
1  17 
4  -8 
9  9 
-1  37 
6  7 
9  40 
0  6 
9  25 
2  3 
-13  -19 
14  52 
24  35 
10  41 
-4  13 
-1  18 
11  7 
-4  15 
-4  9 
-9  9 
-13  16 
3  -29 
-12  14 
5  30 
12  -17 
-2  19 
12  14 
17  6 
18  13 
-6  26 
-4  -4 
13  7 
47  -4 
-10  28 
-22  34 
14  -2 
-7  -7 
15  19 
13  14 
0  26 
24  -17 
4  33 
-8  37 
8  28 
24  6 
12  3 
11  9 
15  4 
22  4 
21  7 
20  0 
46  9 
-10  10 
44  41 
13  30 
-11  -17 
37  15 
37  -1 
10  7 
-22  20 
3  18 
32  -19 
13  18 
-4  45 
19  17 
35  27 
-11  8 
21  2 
2  10 
8  1 
22  5 
-16  29 
13  17 
22  9 
17  16 
-11  6 
-3  -14 
16  1 
3  29 
-4  8 
-19  -17 
20  -2 
-13  2 
6  -9 
17  21 
-6  5 
-5  -5 
8  12 
-28  7 
6  35 
40  14 
0  15 
7  29 
29  -6 
4  35 
-5  11 
1  -2 
-2  -11 
6  -7 
-16  20 
14  19 
5  5 
31  -6 
13  39 
7  -8 
27  43 
-5  12 
14  -25 
-12  4 
-1  15 
-2  23 
8  29 
21  -29 
-9  57 
-2  12 
12  -8 
-11  5 
-4  -25 
6  23 
-2  10 
25  -14 
0  16 
6  -10 
5  7 
0  37 
6  7 
7  41 
-1  7 
9  29 
2  2 
-13  -21 
18  48 
19  41 
8  40 
-5  14 
-1  20 
11  7 
-7  12 
0  8 
-12  11 
-13  14 
3  -29 
-14  14 
3  35 
11  -15 
1  20 
11  13 
16  6 
18  9 
-5  24 
-5  -6 
15  7 
40  0 
-12  28 
-22  36 
16  -6 
-9  -5 
15  18 
11  14 
-1  25 
24  -17 
7  34 
-8  38 
6  27 
23  6 
12  2 
18  11 
9  3 
21  3 
21  7 
21  0 
50  11 
-13  8 
50  40 
9  31 
-11  -15 
36  13 
40  2 
11  7 
-23  20 
4  17 
32  -19 
11  17 
-5  46 
18  18 
35  30 
-13  0 
23  1 
6  10 
9  4 
20  6 
-18  30 
12  23 
20  9 
21  18 
-11  6 
-4  -14 
18  2 
5  30 
-3  8 
-19  -18 
18  -5 
-14  3 
6  -11 
17  19 
-4  7 
-6  -4 
8  20 
-29  9 
7  37 
40  15 
0  16 
10  26 
26  -5 
5  42 
-5  12 
-3  -4 
-2  -14 
5  -8 
-18  21 
14  18 
4  5 
28  -8 
13  38 
6  -7 
24  40 
-7  14 
16  -25 
-12  2 
-2  14 
-2  19 
7  26 
21  -31 
-10  57 
-2  12 
17  -8 
-12  5 
-7  -27 
10  22 
-1  7 
25  -15 
2  14 
2  -11 
6  11 
0  34 
8  10 
8  41 
-2  8 
9  29 
2  5 
-10  -19 
19  40 
17  46 
8  43 
-5  15 
2  17 
13  6 
-7  12 
-4  2 
-10  10 
-15  17 
0  -30 
-15  16 
3  35 
11  -15 
2  18 
7  16 
16  5 
20  8 
-4  25 
-5  -6 
15  7 
40  0 
-8  28 
-25  38 
18  -9 
-10  -5 
16  13 
12  11 
-4  22 
24  -17 
7  34 
-5  40 
3  27 
28  8 
13  3 
17  12 
10  1 
22  4 
21  7 
16  0 
46  15 
-9  7 
53  40 
11  32 
-13  -16 
36  8 
41  6 
13  9 
-23  20 
8  17 
32  -17 
13  17 
-4  47 
18  17 
38  29 
-11  3 
22  2 
3  9 
9  4 
20  6 
-21  32 
15  24 
21  9 
21  20 
-10  6 
-7  -14 
19  -1 
5  30 
-1  1 
-25  -11 
19  -3 
-14  3 
7  -14 
15  21 
-10  11 
-6  -4 
4  25 
-24  9 
6  34 
40  16 
-1  15 
8  32 
29  -4 
1  43 
-6  12 
4  -5 
-3  -14 
6  -11 
-17  21 
13  19 
3  6 
27  -8 
12  39 
8  -2 
24  40 
-12  14 
18  -30 
-12  2 
-3  16 
-4  16 
4  26 
23  -29 
-9  57 
1  14 
18  -8 
-12  1 
-9  -27 
8  20 
-4  6 
25  -11 
3  15 
1  -9 
7  9 
0  35 
9  9 
6  41 
-1  7 
9  26 
2  5 
-8  -19 
19  40 
21  42 
5  45 
-4  14 
-4  15 
13  8 
-9  11 
-3  -1 
-10  10 
-10  28 
0  -30 
-13  16 
-1  38 
11  -15 
3  18 
4  14 
14  6 
20  8 
-4  27 
-7  -2 
16  6 
37  3 
-10  31 
-31  40 
14  -2 
-11  -4 
16  13 
13  13 
-4  22 
24  -17 
6  31 
-7  39 
1  38 
30  10 
14  6 
18  14 
8  0 
22  5 
23  15 
17  -1 
45  12 
-9  7 
55  40 
12  34 
-13  -13 
35  12 
41  6 
11  14 
-22  18 
5  16 
32  -17 
12  18 
-4  48 
18  24 
34  32 
-17  -2 
23  2 
5  9 
7  4 
18  9 
-20  35 
12  21 
24  10 
21  20 
-11  4 
-12  -13 
22  -5 
6  29 
-5  10 
-20  -10 
15  -1 
-21  -2 
6  -13 
10  21 
-11  12 
-4  -5 
4  25 
-23  6 
7  36 
39  15 
4  14 
7  32 
28  -8 
1  43 
-9  13 
8  -5 
-1  -13 
5  -13 
-17  21 
13  20 
4  6 
29  -9 
18  36 
8  -6 
24  40 
-14  14 
18  -32 
-10  7 
-2  22 
2  16 
5  25 
24  -31 
-8  57 
0  14 
15  -9 
-12  1 
-7  -30 
7  21 
-5  7 
25  -10 
4  15 
-1  -6 
8  8 
0  29 
8  11 
4  37 
1  4 
9  29 
2  3 
-13  -21 
17  41 
22  42 
7  49 
-4  11 
-7  17 
12  7 
-5  14 
0  6 
-9  8 
-11  23 
1  -33 
-15  17 
-2  39 
11  -15 
0  20 
4  13 
17  10 
17  6 
-4  28 
-9  -6 
20  4 
36  7 
-7  33 
-32  40 
19  1 
-9  -8 
16  15 
17  10 
-4  23 
26  -17 
4  30 
-10  41 
-3  37 
29  9 
13  6 
18  17 
9  2 
22  5 
21  18 
19  0 
44  12 
-7  3 
59  45 
13  31 
-14  -11 
35  12 
40  6 
14  15 
-22  19 
3  18 
32  -16 
13  20 
-2  48 
18  22 
38  32 
-18  -3 
22  2 
1  9 
8  2 
18  9 
-19  40 
12  21 
24  9 
20  15 
-11  5 
-10  -12 
20  -4 
5  32 
-2  10 
-20  -7 
15  -3 
-26  3 
6  -13 
11  21 
-7  10 
-4  -7 
3  28 
-23  3 
8  38 
40  14 
-1  15 
8  32 
29  -9 
2  43 
-12  13 
7  -4 
-5  -10 
5  -15 
-17  21 
14  16 
3  6 
27  -9 
26  34 
6  -5 
25  40 
-12  11 
21  -36 
-8  7 
-2  18 
1  17 
4  25 
23  -29 
-7  58 
-2  14 
10  -10 
-10  7 
-9  -33 
7  21 
-6  5 
25  -10 
6  19 
-5  -9 
7  9 
0  30 
16  14 
0  38 
2  4 
11  29 
1  3 
-16  -26 
17  41 
21  47 
6  51 
2  10 
-9  17 
16  2 
3  15 
1  2 
-4  5 
-11  24 
0  -31 
-13  20 
-4  36 
11  -15 
-8  23 
7  14 
15  7 
15  4 
-4  25 
-10  -5 
20  5 
34  5 
-7  34 
-31  44 
18  4 
-10  -10 
16  13 
16  8 
-3  19 
28  -19 
6  30 
-9  41 
-7  39 
26  2 
11  7 
15  20 
9  3 
22  5 
15  14 
21  0 
44  14 
-7  3 
57  48 
14  32 
-15  -11 
32  17 
42  9 
16  14 
-22  20 
5  18 
29  -18 
12  23 
-2  46 
18  22 
37  32 
-23  -4 
21  2 
1  14 
8  0 
16  6 
-16  37 
10  21 
24  9 
18  16 
-15  8 
-9  -11 
18  -6 
4  32 
-3  6 
-17  -9 
13  0 
-26  3 
6  -13 
7  21 
-9  13 
-2  -11 
2  27 
-21  0 
8  39 
40  14 
-8  12 
9  29 
28  -11 
1  43 
-8  15 
7  -6 
-5  -13 
5  -15 
-18  22 
15  17 
3  6 
28  -9 
27  37 
8  -6 
26  35 
-12  12 
20  -34 
-7  5 
-4  20 
-3  17 
4  26 
21  -31 
-9  57 
-1  15 
11  -5 
-10  8 
-13  -31 
4  20 
-13  8 
26  -9 
5  20 
-7  -7 
6  9 
0  30 
15  12 
-2  38 
3  1 
12  34 
2  4 
-14  -27 
17  40 
22  50 
5  50 
1  11 
-8  18 
16  3 
0  18 
1  4 
-7  9 
-11  26 
2  -29 
-14  23 
-5  41 
11  -15 
-1  22 
5  17 
18  7 
16  2 
-7  25 
-7  -6 
16  6 
33  1 
-4  29 
-33  42 
16  0 
-11  -9 
17  16 
15  10 
1  20 
30  -19 
6  31 
-10  39 
-8  37 
29  4 
9  9 
17  17 
7  9 
22  3 
20  17 
19  -1 
44  14 
-6  6 
58  44 
14  35 
-17  -11 
34  16 
41  7 
18  17 
-23  19 
2  16 
27  -21 
12  23 
-1  47 
18  19 
38  32 
-24  -3 
22  2 
-1  15 
7  -4 
17  6 
-18  35 
12  21 
22  7 
19  20 
-11  10 
-8  -9 
21  -7 
5  29 
-4  10 
-17  -9 
13  -1 
-21  1 
7  -14 
7  24 
-10  10 
-2  -14 
1  31 
-27  3 
8  43 
41  12 
-9  9 
9  26 
28  -9 
1  42 
-7  17 
8  -3 
-5  -15 
4  -15 
-21  25 
18  18 
6  7 
28  -8 
32  38 
5  0 
27  35 
-11  14 
22  -36 
-5  4 
-3  20 
3  18 
3  26 
23  -30 
-9  57 
2  17 
11  -7 
-11  5 
-14  -31 
4  20 
-12  5 
24  -10 
8  18 
-4  -5 
4  9 
0  30 
15  12 
-5  39 
3  1 
13  33 
1  3 
-15  -30 
18  36 
18  47 
2  50 
4  17 
-7  18 
18  0 
-1  23 
1  4 
-9  7 
-14  23 
0  -28 
-13  21 
-5  38 
11  -15 
-1  22 
8  13 
20  9 
20  -2 
-4  25 
-7  -6 
14  5 
36  0 
-2  31 
-33  39 
20  3 
-9  -5 
16  16 
15  7 
0  14 
33  -23 
9  31 
-12  40 
-7  40 
26  3 
7  7 
18  18 
6  7 
22  4 
21  14 
20  0 
44  10 
-10  7 
59  44 
16  33 
-20  -11 
34  15 
40  6 
18  16 
-23  21 
2  15 
28  -17 
13  23 
-4  48 
17  20 
35  31 
-27  -1 
22  3 
-2  14 
6  -6 
18  3 
-20  36 
10  21 
24  5 
17  19 
-12  14 
-3  -8 
21  -9 
2  30 
-2  12 
-16  -11 
12  -1 
-24  1 
7  -14 
9  24 
-7  12 
-2  -14 
1  30 
-29  4 
9  42 
43  9 
-11  9 
7  29 
31  -11 
-2  45 
-8  17 
9  -4 
-4  -17 
7  -18 
-22  30 
19  18 
8  9 
29  -6 
33  38 
4  -3 
28  32 
-14  15 
21  -36 
-5  5 
1  22 
1  20 
4  26 
26  -30 
-11  57 
4  15 
10  -10 
-13  4 
-14  -31 
4  20 
-11  6 
27  -6 
5  17 
-4  -13 
5  10 
2  29 
13  13 
-5  40 
3  1 
14  32 
1  3 
-14  -29 
21  38 
15  50 
3  48 
7  16 
-6  16 
15  -1 
-1  20 
-4  2 
-7  9 
-15  22 
-1  -23 
-13  21 
-4  35 
9  -15 
-2  19 
12  11 
21  7 
21  3 
-5  24 
-7  -6 
13  7 
38  4 
-5  31 
-35  36 
16  8 
-9  -11 
14  15 
15  7 
4  13 
37  -20 
6  31 
-11  43 
-7  40 
26  2 
9  6 
16  25 
9  7 
22  3 
13  9 
19  0 
42  11 
-9  0 
58  42 
16  34 
-19  -10 
38  16 
40  6 
16  13 
-23  19 
-1  14 
29  -16 
14  18 
-5  54 
19  18 
28  31 
-27  3 
19  3 
-4  15 
6  -6 
18  9 
-16  37 
9  20 
25  5 
18  19 
-9  13 
-3  -9 
22  -3 
3  31 
0  9 
-20  -10 
13  -1 
-23  1 
7  -19 
4  23 
-10  10 
-3  -14 
5  30 
-28  3 
9  42 
38  12 
-9  7 
9  29 
33  -10 
-1  42 
-8  18 
6  -4 
-1  -15 
7  -16 
-24  30 
20  20 
7  6 
31  -6 
28  37 
7  -4 
24  34 
-12  21 
18  -34 
-4  9 
1  24 
2  18 
3  29 
25  -31 
-7  57 
-2  18 
9  -6 
-16  5 
-11  -35 
4  20 
-14  7 
21  -3 
6  15 
-8  -13 
6  10 
2  30 
11  16 
-10  41 
3  1 
13  33 
-6  0 
-14  -31 
18  37 
15  53 
0  45 
10  17 
-5  16 
20  -2 
-4  16 
-5  6 
-9  10 
-14  23 
0  -24 
-12  20 
0  35 
7  -13 
2  21 
11  12 
22  4 
15  4 
-4  28 
-7  -6 
18  6 
40  6 
-5  32 
-33  36 
15  10 
-9  -8 
14  15 
15  7 
8  17 
39  -20 
6  31 
-9  45 
-8  38 
27  1 
9  6 
12  27 
10  7 
23  1 
6  3 
18  -1 
40  10 
-7  2 
57  41 
12  32 
-18  -10 
35  14 
39  4 
11  9 
-23  20 
5  14 
29  -18 
13  17 
-7  59 
19  23 
29  31 
-28  2 
16  5 
-2  20 
6  -5 
18  9 
-13  35 
14  23 
25  5 
17  19 
-12  11 
-10  -9 
19  -5 
1  27 
1  6 
-20  -11 
14  -4 
-25  1 
9  -15 
4  23 
-9  13 
-3  -14 
7  34 
-27  3 
8  40 
38  12 
-7  7 
8  29 
28  -8 
-3  43 
-5  15 
10  -3 
-4  -18 
10  -19 
-23  27 
18  17 
6  10 
31  -5 
29  38 
6  1 
27  40 
-12  21 
19  -39 
-7  10 
-1  25 
3  18 
6  29 
26  -24 
-7  58 
0  16 
10  -7 
-16  5 
-13  -35 
4  19 
-11  9 
22  -2 
12  17 
-9  -13 
6  13 
1  32 
13  20 
-10  40 
0  2 
12  31 
-4  -7 
-13  -31 
18  36 
18  53 
-1  47 
11  17 
0  15 
25  -4 
-3  16 
-4  7 
-9  14 
-5  29 
-1  -21 
-14  22 
-2  34 
5  -10 
1  23 
14  12 
22  4 
16  6 
-4  27 
-4  -12 
19  7 
41  7 
-11  31 
-36  37 
17  10 
-10  -10 
14  16 
15  7 
7  15 
41  -23 
8  32 
-11  47 
-7  37 
28  5 
9  6 
10  28 
7  9 
21  2 
7  1 
19  -3 
40  10 
-8  1 
57  36 
11  35 
-19  -9 
34  11 
38  4 
11  11 
-19  19 
7  17 
34  -18 
15  14 
-8  58 
17  27 
28  31 
-29  7 
12  3 
1  20 
7  -4 
18  8 
-15  36 
13  23 
25  5 
19  20 
-13  14 
-6  -8 
16  -6 
2  27 
2  9 
-22  -13 
13  0 
-21  1 
4  -10 
4  23 
-13  12 
-3  -14 
5  32 
-25  6 
6  43 
38  12 
-5  4 
6  27 
26  -6 
-1  44 
-3  12 
10  -3 
-2  -21 
6  -18 
-24  29 
23  18 
9  9 
36  -10 
29  38 
8  7 
28  38 
-12  20 
20  -44 
-8  11 
0  26 
-2  23 
4  29 
30  -21 
-8  59 
2  15 
10  -5 
-14  4 
-17  -34 
4  20 
-12  9 
21  -7 
12  17 
-6  -15 
6  15 
2  30 
13  19 
-10  41 
3  1 
15  30 
-4  -5 
-17  -31 
15  37 
22  58 
-2  46 
11  17 
0  14 
24  -5 
0  18 
-7  10 
-9  9 
-7  33 
0  -23 
-11  24 
-2  34 
6  -9 
2  24 
13  14 
22  5 
13  9 
-2  22 
-3  -17 
22  4 
41  7 
-10  31 
-38  35 
16  1 
-8  -10 
16  14 
19  7 
11  13 
40  -25 
9  31 
-14  42 
-7  37 
29  6 
7  4 
11  27 
9  9 
20  6 
7  1 
19  1 
41  12 
-3  1 
58  36 
13  34 
-18  -11 
35  12 
41  4 
12  7 
-18  16 
4  14 
31  -16 
17  19 
-7  60 
20  28 
25  30 
-29  9 
10  7 
1  20 
7  -8 
18  9 
-12  40 
11  25 
21  3 
16  25 
-9  14 
-3  -4 
14  -5 
2  25 
0  10 
-21  -16 
15  1 
-23  5 
0  -11 
4  23 
-10  13 
-4  -14 
7  36 
-22  8 
3  45 
38  12 
-5  4 
4  29 
29  -7 
-3  46 
-4  7 
10  -3 
-8  -21 
8  -17 
-24  28 
22  18 
8  8 
36  -11 
28  38 
7  6 
29  36 
-16  20 
19  -45 
-7  18 
0  25 
-5  17 
6  31 
32  -17 
-4  56 
4  13 
11  -8 
-17  6 
-16  -35 
4  17 
-11  3 
21  -10 
12  14 
-14  -13 
2  17 
5  33 
10  20 
-10  41 
3  1 
15  30 
-5  -6 
-14  -31 
20  36 
19  54 
3  49 
12  18 
-2  14 
26  -4 
2  10 
-7  13 
-9  11 
-4  33 
-3  -20 
-11  22 
2  34 
8  -9 
3  19 
13  12 
22  0 
12  8 
1  23 
0  -27 
21  2 
41  7 
-9  32 
-38  31 
8  0 
-10  -13 
23  15 
21  9 
16  5 
40  -26 
9  31 
-16  45 
-7  37 
29  6 
6  7 
14  26 
9  7 
20  6 
7  3 
21  4 
37  16 
-2  8 
60  35 
13  32 
-18  -10 
31  13 
42  3 
14  5 
-12  17 
4  14 
32  -19 
18  18 
-6  61 
20  30 
26  30 
-31  9 
13  6 
-1  15 
5  0 
8  12 
-12  46 
11  25 
23  -2 
18  29 
-9  15 
-7  -10 
15  -1 
3  26 
3  10 
-22  -18 
19  4 
-27  2 
2  -11 
4  20 
-8  15 
-5  -13 
8  34 
-22  10 
5  45 
36  14 
-7  3 
2  32 
33  -6 
-5  46 
-5  4 
12  -10 
-7  -24 
9  -16 
-23  30 
22  18 
9  8 
36  -5 
28  38 
8  7 
26  43 
-13  21 
17  -41 
-7  20 
0  16 
-5  14 
7  26 
28  -17 
-2  56 
6  11 
11  -13 
-16  3 
-12  -39 
2  15 
-11  5 
20  -8 
8  11 
-14  -11 
2  16 
6  33 
11  20 
-11  40 
2  4 
15  30 
-1  0 
-10  -32 
21  40 
18  54 
3  49 
12  17 
-1  14 
25  -4 
5  10 
-7  9 
-13  12 
-2  32 
-4  -18 
-10  21 
6  35 
11  -6 
2  17 
17  6 
23  1 
18  9 
2  22 
-1  -26 
22  4 
41  7 
-13  32 
-37  31 
9  0 
-6  -14 
23  18 
20  9 
13  6 
40  -26 
10  31 
-16  45 
-8  38 
30  7 
6  7 
13  23 
9  5 
19  5 
6  2 
19  7 
35  18 
0  8 
61  31 
15  30 
-18  -11 
31  14 
37  0 
17  6 
-10  12 
6  11 
31  -19 
20  17 
-8  64 
21  33 
25  30 
-28  11 
16  9 
0  15 
7  1 
7  11 
-10  48 
8  29 
20  -2 
13  30 
-11  11 
-9  -11 
18  -4 
3  26 
4  13 
-24  -15 
18  5 
-22  3 
3  -11 
5  21 
-4  22 
-5  -13 
6  35 
-18  14 
9  43 
40  16 
1  -2 
-1  33 
34  -5 
-5  54 
-4  6 
11  -7 
-9  -23 
8  -15 
-25  33 
18  18 
9  9 
35  -5 
24  40 
7  6 
26  43 
-12  21 
15  -40 
-2  19 
-1  17 
-4  13 
8  28 
31  -15 
-1  60 
7  9 
11  -13 
-17  2 
-11  -36 
4  15 
-8  3 
20  -10 
7  14 
-19  -10 
-1  19 
5  39 
10  21 
-12  40 
1  2 
15  32 
2  -3 
-7  -33 
18  41 
16  54 
4  49 
13  17 
-2  14 
29  2 
6  9 
-5  11 
-16  14 
-2  32 
-6  -18 
-5  19 
4  37 
13  -6 
-3  19 
18  8 
23  1 
13  10 
2  17 
0  -26 
17  6 
42  5 
-11  31 
-34  30 
12  2 
-5  -13 
21  19 
22  9 
19  5 
40  -25 
11  32 
-13  42 
-7  40 
27  8 
7  9 
14  22 
9  4 
17  1 
4  3 
19  4 
33  21 
-2  8 
61  31 
13  25 
-17  -11 
26  15 
38  1 
20  9 
-7  13 
5  9 
34  -21 
19  15 
-8  63 
18  34 
26  31 
-28  10 
15  10 
0  16 
7  0 
7  12 
-14  43 
8  32 
22  -5 
17  30 
-6  12 
-6  -15 
15  1 
4  25 
7  14 
-24  -12 
22  7 
-24  1 
3  -12 
3  22 
-4  22 
-2  -10 
9  38 
-18  10 
8  41 
38  18 
0  -2 
-4  35 
36  -7 
-6  55 
1  7 
6  -4 
-5  -23 
4  -20 
-24  26 
17  16 
15  13 
38  -3 
23  41 
9  9 
30  41 
-15  19 
13  -41 
-2  19 
-7  18 
-4  14 
7  27 
31  -15 
-1  61 
7  6 
11  -13 
-19  4 
-4  -37 
2  14 
-3  0 
26  -7 
6  14 
-20  -10 
1  22 
8  40 
12  21 
-9  40 
2  2 
14  31 
7  4 
-1  -33 
15  44 
18  56 
5  50 
17  19 
-4  9 
25  5 
4  9 
-3  12 
-16  15 
-5  32 
-6  -19 
-7  17 
7  38 
11  -7 
1  18 
18  2 
22  4 
10  10 
0  17 
0  -26 
18  7 
42  5 
-14  37 
-37  31 
7  1 
-4  -14 
20  20 
20  9 
21  7 
43  -22 
10  35 
-13  34 
-7  39 
25  9 
11  12 
15  21 
10  2 
20  -4 
4  3 
19  2 
31  15 
-2  12 
62  31 
14  22 
-16  -10 
29  18 
36  1 
22  9 
-7  10 
10  7 
35  -26 
19  15 
-5  64 
18  34 
26  29 
-32  14 
15  11 
0  12 
12  2 
7  16 
-14  45 
6  23 
27  3 
16  34 
-7  13 
-7  -13 
16  2 
4  25 
9  16 
-24  -12 
21  6 
-23  1 
3  -11 
7  27 
-7  23 
-8  -13 
6  34 
-12  9 
8  43 
40  15 
0  -2 
-7  40 
34  -5 
-1  56 
0  10 
4  -7 
-7  -22 
4  -20 
-24  27 
17  16 
14  16 
39  -3 
23  42 
9  6 
30  41 
-18  17 
12  -42 
-2  19 
-9  17 
-5  12 
3  26 
31  -15 
-2  60 
9  4 
11  -11 
-18  4 
-4  -31 
6  11 
-4  3 
27  -8 
8  11 
-15  -10 
1  23 
8  41 
7  24 
-11  45 
2  3 
18  30 
8  4 
-5  -30 
16  45 
22  55 
11  47 
22  14 
-3  6 
25  5 
6  10 
-4  13 
-16  16 
-5  25 
-1  -22 
-5  19 
4  37 
11  -7 
-5  17 
14  3 
22  2 
10  10 
12  17 
-1  -26 
19  7 
43  9 
-13  34 
-38  29 
8  -2 
-4  -12 
20  20 
20  10 
22  7 
39  -25 
12  32 
-13  38 
-6  35 
24  10 
7  9 
15  21 
7  1 
20  -6 
4  3 
15  4 
33  13 
-4  13 
62  30 
19  17 
-20  -11 
25  17 
38  2 
25  13 
-8  7 
9  5 
37  -19 
18  14 
-8  63 
26  34 
26  30 
-33  11 
15  12 
0  16 
10  1 
6  15 
-14  51 
4  25 
28  0 
16  36 
-6  12 
-4  -15 
17  -1 
1  26 
8  13 
-26  -14 
18  10 
-26  -4 
4  -11 
10  28 
-7  23 
-4  -14 
3  38 
-11  6 
8  42 
41  12 
-3  0 
-8  39 
35  -5 
-1  60 
1  11 
4  -3 
-7  -20 
7  -18 
-22  32 
20  15 
15  14 
41  0 
23  41 
8  3 
28  41 
-20  18 
13  -43 
-4  22 
-12  17 
-13  12 
5  25 
29  -16 
-3  63 
10  6 
11  -11 
-18  5 
-9  -33 
9  16 
-2  4 
27  -16 
11  14 
-15  -10 
3  22 
11  41 
9  22 
-14  43 
1  2 
16  30 
6  5 
-9  -27 
18  48 
22  56 
15  45 
18  18 
-3  6 
20  6 
5  12 
-9  12 
-16  14 
-4  29 
0  -15 
-8  18 
2  35 
8  -9 
-4  14 
21  7 
21  3 
8  5 
13  14 
-2  -26 
18  10 
41  7 
-11  33 
-40  30 
8  -2 
-4  -14 
19  20 
22  9 
23  8 
40  -26 
10  30 
-11  35 
-9  34 
25  9 
8  9 
17  20 
4  0 
18  -8 
4  3 
15  7 
30  11 
-5  12 
63  29 
16  15 
-20  -11 
24  17 
39  7 
26  11 
-7  13 
6  3 
38  -20 
20  12 
-7  63 
25  38 
26  29 
-32  11 
12  12 
-2  19 
9  0 
6  15 
-15  50 
5  25 
27  4 
14  37 
-2  6 
-3  -12 
18  -4 
0  26 
6  17 
-31  -9 
14  12 
-27  -3 
1  -8 
13  29 
-8  22 
-7  -15 
2  36 
-10  6 
9  49 
39  14 
-9  -3 
-7  39 
36  -7 
-1  64 
1  9 
8  2 
-4  -20 
9  -16 
-23  32 
20  17 
16  14 
43  -5 
23  41 
10  -1 
27  39 
-20  18 
12  -42 
-3  21 
-11  18 
-13  12 
4  25 
31  -13 
-3  59 
10  7 
11  -11 
-19  3 
-3  -34 
8  14 
0  0 
26  -13 
9  14 
-18  -9 
-1  25 
10  41 
9  22 
-12  40 
2  4 
16  30 
9  6 
-9  -27 
16  47 
20  56 
13  47 
17  16 
-6  5 
16  5 
0  15 
-9  12 
-13  14 
-5  30 
3  -18 
-6  20 
4  34 
6  -10 
-7  18 
21  6 
22  5 
9  6 
13  14 
3  -22 
18  8 
41  9 
-15  36 
-37  28 
10  -5 
0  -15 
18  16 
20  9 
22  4 
39  -26 
9  31 
-11  34 
-9  35 
22  8 
5  9 
10  21 
3  2 
21  -7 
4  3 
15  6 
26  15 
-6  16 
62  30 
17  16 
-18  -11 
19  15 
40  6 
25  12 
-7  13 
6  2 
34  -20 
19  7 
-4  62 
27  36 
23  30 
-34  10 
15  12 
0  18 
8  1 
6  16 
-12  51 
3  25 
29  9 
14  32 
-5  11 
-4  -11 
17  -1 
-5  24 
4  13 
-28  -8 
14  11 
-28  -1 
-2  -7 
11  29 
-8  21 
-9  -15 
-2  39 
-3  6 
7  44 
40  17 
-9  -3 
-7  38 
34  -5 
-8  63 
3  9 
9  4 
-7  -17 
9  -18 
-22  32 
18  9 
11  14 
43  -5 
25  37 
11  1 
27  42 
-18  18 
13  -40 
-4  21 
-11  18 
-16  17 
4  26 
31  -8 
-1  60 
5  10 
13  -10 
-18  2 
-3  -39 
3  21 
3  -3 
31  -13 
6  14 
-17  -9 
-3  20 
8  40 
4  21 
-13  43 
2  5 
13  28 
7  9 
-9  -27 
17  49 
21  54 
18  47 
14  18 
-4  5 
12  10 
-5  18 
-10  10 
-13  14 
-4  28 
1  -17 
-4  23 
4  35 
6  -9 
-7  17 
21  7 
23  6 
9  4 
11  14 
-3  -24 
16  7 
42  9 
-14  37 
-40  30 
14  -5 
-2  -17 
20  16 
21  12 
18  1 
38  -28 
11  29 
-10  34 
-8  32 
24  9 
6  11 
13  20 
1  2 
24  -5 
2  4 
16  5 
29  14 
-6  17 
61  34 
18  14 
-18  -10 
20  14 
39  7 
26  15 
-5  11 
7  5 
34  -22 
20  6 
-4  61 
27  32 
25  29 
-35  10 
15  14 
1  20 
6  3 
5  17 
-12  53 
4  25 
28  5 
15  29 
-4  9 
-4  -12 
18  2 
-5  24 
6  16 
-29  -8 
14  12 
-27  -3 
-1  -7 
10  30 
-8  23 
-12  -22 
-1  40 
-3  6 
8  41 
38  17 
-7  -1 
-6  36 
38  -2 
-13  62 
3  9 
6  7 
-7  -17 
5  -20 
-22  30 
18  9 
10  15 
42  -2 
25  38 
9  3 
27  41 
-22  19 
13  -42 
-6  19 
-11  16 
-12  17 
5  25 
36  -5 
0  65 
11  11 
13  -13 
-18  5 
-3  -40 
4  20 
3  -2 
29  -10 
6  14 
-19  -9 
-3  19 
8  42 
6  22 
-18  42 
-1  3 
15  27 
6  9 
-8  -30 
11  53 
20  55 
18  48 
12  17 
-4  6 
7  16 
-4  14 
-12  11 
-13  15 
-5  28 
1  -17 
0  20 
7  37 
4  -6 
-8  18 
21  6 
23  6 
6  2 
8  13 
-4  -25 
17  10 
46  9 
-14  34 
-37  31 
15  -8 
1  -17 
20  16 
18  14 
16  -3 
41  -29 
13  28 
-10  35 
-4  34 
31  5 
7  9 
12  23 
2  2 
24  -6 
2  4 
16  5 
29  12 
-3  19 
61  32 
18  12 
-18  -10 
20  14 
35  4 
27  18 
-3  12 
11  7 
33  -20 
21  4 
-4  62 
27  34 
26  27 
-40  10 
14  16 
-1  25 
9  2 
6  16 
-8  51 
3  26 
30  10 
13  33 
-1  7 
-4  -14 
15  6 
-7  25 
4  17 
-29  -11 
16  13 
-27  -3 
0  -5 
11  32 
-6  25 
-10  -19 
-1  44 
-4  10 
12  41 
40  20 
-5  -3 
-5  34 
41  0 
-10  60 
0  9 
9  4 
-7  -17 
4  -20 
-22  27 
20  6 
8  15 
42  -2 
25  40 
8  6 
29  45 
-21  17 
17  -40 
-7  19 
-18  17 
-14  15 
4  25 
37  -4 
-4  68 
15  9 
17  -17 
-18  5 
-2  -37 
7  19 
-2  -1 
28  -9 
8  18 
-15  -10 
-4  20 
8  41 
4  21 
-17  41 
-3  6 
13  30 
6  11 
-7  -26 
12  54 
19  55 
26  50 
12  19 
-7  7 
8  20 
-2  17 
-13  12 
-12  12 
-2  30 
1  -18 
-1  19 
9  38 
6  -3 
-8  18 
21  7 
25  6 
4  3 
6  14 
-5  -26 
13  10 
45  10 
-13  34 
-37  29 
15  -8 
1  -17 
20  9 
16  13 
12  -3 
44  -30 
14  26 
-10  35 
-6  35 
31  5 
12  7 
12  18 
2  3 
25  0 
-3  1 
15  6 
31  9 
0  16 
63  30 
18  11 
-18  -11 
24  15 
34  5 
27  16 
-2  10 
9  6 
36  -18 
21  2 
1  64 
28  33 
27  29 
-40  8 
13  18 
-1  24 
14  2 
4  13 
-12  48 
4  25 
32  12 
9  31 
-4  6 
-8  -10 
13  6 
-10  27 
7  17 
-28  -9 
15  13 
-25  -2 
-1  -5 
10  33 
-5  25 
-10  -19 
-3  46 
-2  9 
8  43 
40  18 
-8  3 
-4  34 
39  0 
-11  60 
0  10 
9  4 
-8  -16 
8  -19 
-21  27 
23  6 
8  18 
39  -2 
24  37 
9  5 
28  46 
-19  20 
21  -47 
-9  21 
-20  15 
-13  19 
2  22 
38  -6 
-4  68 
16  5 
18  -21 
-18  5 
1  -41 
6  23 
-3  -1 
23  -7 
8  20 
-19  -10 
-2  22 
11  40 
4  20 
-17  41 
-3  9 
11  34 
8  12 
-7  -27 
13  54 
20  53 
26  51 
15  19 
-5  7 
7  21 
-2  18 
-11  9 
-15  12 
-2  28 
-3  -20 
2  16 
9  38 
9  -6 
-9  17 
21  7 
23  4 
4  3 
2  11 
-5  -27 
13  13 
45  10 
-16  34 
-38  30 
13  -8 
1  -16 
16  10 
16  16 
14  -3 
43  -29 
14  26 
-12  34 
-6  36 
31  5 
11  12 
11  17 
1  3 
24  -3 
-4  0 
19  8 
29  11 
1  18 
63  30 
15  10 
-19  -13 
25  16 
33  3 
25  14 
-2  12 
9  9 
37  -20 
22  2 
0  65 
27  39 
26  27 
-38  9 
15  19 
-2  26 
13  -2 
6  10 
-11  45 
4  25 
27  12 
8  31 
-4  7 
-9  -11 
16  5 
-13  28 
6  16 
-25  -6 
15  15 
-27  -1 
2  -4 
11  35 
-5  26 
-12  -19 
-1  45 
-6  11 
5  45 
44  15 
-5  3 
-4  34 
38  -2 
-10  60 
0  9 
10  1 
-6  -18 
7  -17 
-22  20 
22  7 
9  14 
34  -5 
23  38 
9  6 
24  49 
-21  22 
21  -46 
-8  21 
-20  16 
-14  14 
1  22 
41  -8 
-4  68 
17  6 
20  -21 
-18  4 
-2  -44 
7  26 
-7  0 
21  -9 
11  21 
-20  -5 
-3  19 
7  41 
6  22 
-15  40 
-5  12 
10  30 
8  12 
-7  -30 
13  54 
20  50 
27  56 
12  18 
-5  7 
5  18 
-5  16 
-11  4 
-13  9 
-2  28 
-5  -16 
1  20 
9  38 
8  -5 
-8  17 
19  0 
23  1 
4  3 
2  11 
-3  -23 
10  15 
44  9 
-20  34 
-37  31 
11  -11 
2  -15 
15  10 
14  16 
11  -3 
42  -31 
9  29 
-13  32 
-7  35 
32  3 
12  12 
7  16 
1  3 
24  -3 
-5  1 
18  8 
29  11 
-2  14 
60  29 
19  15 
-22  -13 
27  14 
33  3 
25  10 
-2  12 
5  9 
33  -20 
22  4 
-1  64 
29  43 
27  28 
-39  10 
12  17 
-2  29 
6  -4 
4  14 
-12  49 
4  25 
26  11 
6  30 
-2  10 
-9  -8 
19  0 
-13  29 
7  23 
-26  -7 
15  19 
-27  -3 
-2  -1 
13  33 
-4  25 
-12  -19 
-2  40 
-7  12 
7  42 
42  18 
-5  4 
-4  27 
35  -6 
-17  61 
0  6 
12  -2 
-7  -22 
6  -13 
-23  21 
23  6 
6  15 
36  -3 
28  40 
12  4 
22  50 
-23  32 
18  -47 
-8  21 
-20  16 
-11  14 
2  22 
38  -2 
-7  70 
15  6 
19  -18 
-15  5 
-1  -41 
11  27 
-6  3 
20  -10 
10  21 
-19  -9 
-3  19 
11  45 
6  22 
-16  40 
-5  12 
9  26 
8  12 
-9  -29 
8  55 
21  53 
28  65 
16  22 
-3  6 
9  20 
-6  15 
-11  4 
-14  9 
-5  28 
0  -15 
1  20 
8  38 
6  -6 
-3  20 
20  -5 
21  2 
4  3 
-2  18 
-2  -24 
8  11 
46  12 
-19  31 
-35  30 
10  -10 
2  -17 
16  7 
17  20 
13  -3 
42  -30 
4  25 
-16  29 
-9  33 
33  7 
12  11 
6  13 
2  5 
27  1 
-1  0 
18  8 
31  10 
-2  13 
56  30 
20  16 
-21  -13 
27  16 
32  1 
24  13 
-2  12 
2  9 
33  -17 
23  1 
-1  63 
29  45 
31  27 
-40  6 
12  18 
-2  29 
7  -8 
1  17 
-11  44 
4  24 
26  9 
2  31 
-4  13 
-10  -5 
18  -1 
-14  31 
8  25 
-23  -8 
16  15 
-27  -1 
-4  2 
11  34 
-6  31 
-12  -19 
-1  41 
0  14 
4  37 
43  18 
-4  5 
-7  29 
35  -8 
-19  63 
0  5 
18  5 
-10  -19 
6  -13 
-24  28 
23  6 
6  16 
36  -4 
29  40 
13  0 
24  50 
-27  33 
18  -50 
-10  20 
-24  21 
-9  9 
2  24 
37  -4 
-8  70 
12  8 
15  -13 
-16  6 
-1  -43 
10  28 
-3  6 
20  -10 
8  20 
-20  -12 
-5  25 
11  45 
8  22 
-16  40 
-5  15 
9  26 
8  12 
-6  -28 
9  54 
22  55 
25  61 
12  23 
0  -3 
9  23 
-7  10 
-12  8 
-13  9 
-5  30 
0  -22 
0  20 
7  37 
6  -5 
-5  20 
20  -5 
21  2 
4  3 
-4  21 
-2  -22 
7  9 
42  10 
-21  35 
-37  29 
11  -8 
2  -17 
16  7 
17  19 
12  -9 
46  -30 
9  26 
-18  25 
-12  33 
33  7 
13  13 
8  15 
3  6 
26  -5 
1  0 
18  8 
33  10 
-2  14 
55  27 
20  15 
-21  -19 
28  17 
32  3 
27  11 
0  16 
2  9 
33  -17 
21  4 
-4  63 
27  44 
30  25 
-40  6 
13  18 
-4  33 
14  -8 
0  20 
-14  43 
6  25 
24  10 
0  28 
-4  15 
-9  -7 
19  2 
-14  31 
8  21 
-22  -8 
16  11 
-27  0 
-5  4 
12  34 
-4  29 
-13  -20 
-2  47 
-5  15 
0  32 
44  17 
-1  5 
-7  28 
35  -6 
-18  62 
2  4 
14  5 
-12  -20 
6  -11 
-23  29 
27  1 
9  11 
37  1 
28  38 
14  -4 
21  51 
-27  32 
18  -49 
-5  21 
-25  26 
-8  10 
0  25 
36  -6 
-3  76 
15  11 
17  -14 
-16  5 
-3  -43 
8  31 
1  3 
20  -11 
10  21 
-19  -13 
-1  27 
12  41 
9  22 
-11  43 
-7  9 
10  27 
8  12 
-4  -32 
11  49 
20  58 
30  62 
6  17 
0  -3 
11  25 
-3  10 
-12  8 
-6  15 
-5  30 
1  -22 
-1  19 
3  35 
10  -7 
-2  21 
24  -5 
16  2 
4  3 
-5  21 
4  -25 
8  11 
43  10 
-16  33 
-34  29 
11  -8 
3  -18 
13  6 
19  21 
11  -7 
40  -32 
8  29 
-18  25 
-13  34 
27  5 
13  14 
9  14 
3  6 
27  -4 
1  2 
17  1 
35  10 
-2  14 
58  29 
19  17 
-23  -21 
26  23 
32  3 
32  14 
2  18 
2  9 
27  -21 
22  2 
-1  65 
26  47 
29  26 
-40  6 
11  14 
-4  36 
18  -12 
-2  18 
-11  43 
4  26 
21  9 
0  30 
-4  15 
-10  -5 
17  8 
-19  27 
8  22 
-21  -5 
15  6 
-28  1 
-4  2 
8  32 
-5  32 
-12  -22 
-4  48 
-6  16 
0  34 
46  15 
1  0 
-9  27 
36  -7 
-19  63 
2  4 
13  5 
-12  -23 
4  -11 
-24  27 
32  2 
7  12 
38  -1 
26  36 
12  -3 
27  49 
-27  33 
18  -48 
-1  18 
-25  24 
-9  11 
1  24 
37  -4 
-2  81 
13  12 
16  -15 
-15  5 
-2  -43 
5  30 
2  3 
21  -10 
8  20 
-18  -10 
-1  19 
8  43 
7  21 
-16  45 
-7  10 
9  25 
6  10 
-8  -36 
10  51 
18  56 
27  63 
5  16 
0  -3 
9  24 
-5  14 
-13  7 
-8  18 
-2  30 
3  -22 
0  18 
0  36 
9  -9 
-4  23 
24  -6 
14  3 
3  2 
-3  20 
-1  -25 
9  11 
43  10 
-20  30 
-34  31 
11  -7 
3  -19 
13  8 
19  25 
12  -10 
44  -31 
9  29 
-18  22 
-14  34 
28  2 
13  14 
1  12 
3  6 
27  -1 
-2  3 
17  -1 
36  14 
0  15 
56  27 
22  16 
-22  -16 
24  20 
32  3 
35  5 
-2  18 
3  11 
27  -16 
21  2 
-1  67 
30  42 
29  26 
-39  6 
7  12 
-5  38 
15  -16 
-3  17 
-13  41 
2  25 
21  7 
1  31 
-2  12 
-12  -3 
16  8 
-18  27 
9  20 
-19  -2 
16  6 
-28  1 
-7  -2 
8  38 
-5  27 
-9  -19 
-13  43 
-5  17 
-1  36 
45  17 
1  0 
-12  28 
36  -4 
-26  62 
-1  4 
13  6 
-13  -26 
7  -11 
-24  22 
31  4 
8  12 
38  -1 
23  38 
11  -3 
26  50 
-27  33 
13  -50 
-1  19 
-26  23 
-2  9 
2  24 
35  -6 
-2  85 
10  11 
11  -13 
-12  1 
-6  -44 
7  27 
1  3 
22  -11 
10  21 
-17  -11 
-4  20 
9  44 
8  20 
-15  45 
-9  9 
9  25 
7  16 
-9  -35 
11  54 
18  56 
26  62 
4  17 
4  -5 
6  23 
-5  12 
-16  5 
-7  21 
-2  30 
1  -23 
-1  22 
-2  34 
8  -9 
-1  18 
22  -3 
16  5 
9  5 
-5  19 
-1  -23 
8  13 
41  9 
-13  32 
-38  29 
8  -9 
3  -18 
11  7 
19  22 
12  -10 
44  -31 
7  25 
-17  21 
-13  36 
35  4 
11  13 
0  10 
3  6 
27  1 
-3  1 
17  -1 
35  14 
0  14 
53  30 
17  20 
-24  -14 
24  21 
32  3 
38  6 
-4  15 
7  14 
28  -14 
22  3 
0  69 
28  42 
25  20 
-41  3 
6  11 
-7  37 
14  -14 
-5  10 
-13  40 
1  24 
20  6 
2  32 
-2  14 
-11  -4 
15  9 
-18  30 
8  21 
-22  1 
20  8 
-27  3 
-6  -4 
8  38 
-4  27 
-12  -20 
-14  42 
-8  15 
0  38 
47  19 
1  0 
-12  29 
36  -12 
-28  59 
-4  2 
16  5 
-11  -26 
9  -17 
-25  21 
31  9 
6  15 
38  -4 
24  37 
13  0 
26  50 
-27  33 
16  -50 
-2  19 
-31  20 
-2  12 
1  23 
36  -6 
-7  85 
15  12 
14  -15 
-11  2 
-10  -47 
8  27 
2  4 
25  -10 
13  21 
-17  -9 
-5  18 
10  47 
8  23 
-15  45 
-10  10 
9  24 
12  17 
-9  -35 
16  53 
17  56 
26  56 
5  19 
4  -7 
7  29 
-9  12 
-16  5 
-7  19 
-2  28 
1  -21 
2  22 
1  31 
8  -8 
-2  18 
20  -1 
13  7 
9  6 
-7  16 
0  -23 
4  13 
45  10 
-15  32 
-38  29 
8  -12 
1  -18 
12  8 
20  26 
13  -7 
43  -31 
4  30 
-16  17 
-19  32 
35  7 
11  13 
0  10 
5  5 
27  3 
-5  1 
21  -7 
32  12 
0  16 
51  29 
18  19 
-24  -17 
29  25 
33  3 
43  2 
-6  15 
1  11 
30  -12 
22  5 
3  71 
34  41 
25  20 
-41  1 
7  16 
-5  39 
9  -16 
-4  5 
-15  38 
-1  27 
21  7 
1  30 
0  15 
-13  -8 
13  10 
-14  30 
8  20 
-21  0 
18  1 
-28  1 
-4  -5 
8  38 
-4  26 
-9  -19 
-16  43 
-9  14 
2  35 
47  19 
3  -2 
-12  29 
38  -16 
-27  57 
-2  3 
15  6 
-12  -26 
3  -19 
-26  18 
28  11 
7  14 
37  -4 
26  37 
11  -3 
26  51 
-31  35 
18  -51 
-3  19 
-30  20 
-2  12 
12  18 
36  -6 
-4  87 
15  12 
18  -10 
-14  3 
-8  -45 
10  26 
3  6 
27  -11 
7  21 
-18  -9 
-6  16 
6  47 
10  21 
-12  45 
-9  11 
8  26 
13  18 
-11  -38 
15  54 
17  55 
26  54 
7  20 
4  -6 
7  27 
-6  12 
-16  5 
-10  17 
-2  28 
2  -22 
2  22 
0  29 
8  -4 
1  20 
18  -2 
11  7 
11  7 
1  20 
2  -24 
7  12 
43  8 
-19  29 
-38  29 
8  -15 
2  -18 
16  6 
19  25 
15  -6 
44  -30 
-3  26 
-16  17 
-20  29 
35  5 
13  10 
-2  14 
5  5 
25  0 
-4  1 
20  -6 
28  12 
-3  19 
53  29 
16  20 
-25  -13 
29  26 
33  7 
39  1 
-6  16 
0  10 
27  -11 
22  3 
3  71 
37  40 
24  20 
-45  -2 
6  15 
-7  43 
9  -16 
-1  2 
-15  38 
-3  29 
21  7 
1  31 
1  18 
-14  -9 
11  9 
-14  30 
11  20 
-17  -2 
16  2 
-28  5 
-7  -6 
7  39 
-5  24 
-8  -22 
-19  42 
-7  16 
3  35 
47  16 
2  -9 
-12  31 
40  -15 
-27  57 
-2  -4 
16  10 
-11  -26 
1  -17 
-27  18 
30  10 
12  14 
38  -2 
27  34 
12  -3 
25  50 
-34  32 
16  -45 
-7  19 
-32  22 
-1  20 
15  19 
36  -4 
-9  94 
15  10 
14  -5 
-11  2 
-12  -47 
9  27 
2  5 
24  -11 
10  23 
-17  -11 
-6  18 
5  46 
8  21 
-14  43 
-8  11 
6  29 
13  12 
-13  -39 
22  55 
15  57 
25  52 
7  23 
4  -6 
8  24 
-7  13 
-16  6 
-9  17 
-2  31 
8  -20 
-2  25 
-1  27 
5  -4 
2  18 
17  1 
12  8 
13  3 
1  20 
0  -23 
10  10 
39  6 
-20  34 
-39  34 
11  -15 
3  -19 
18  10 
18  28 
18  -4 
44  -31 
-9  27 
-12  18 
-18  27 
35  9 
12  10 
-3  21 
3  6 
26  -3 
-4  2 
20  -5 
27  12 
-2  22 
50  28 
14  22 
-24  -13 
29  25 
35  7 
39  0 
-7  18 
3  11 
24  -15 
19  3 
1  67 
37  40 
24  20 
-49  -5 
7  18 
-6  46 
2  -16 
-2  5 
-21  38 
-1  21 
23  9 
6  30 
-4  14 
-15  -8 
13  12 
-18  30 
10  21 
-16  -3 
16  5 
-24  -4 
-5  -2 
8  40 
-1  27 
-7  -21 
-19  42 
-9  14 
-1  35 
48  15 
5  -10 
-7  30 
37  -14 
-29  57 
-4  -5 
18  14 
-14  -26 
2  -18 
-27  20 
26  9 
11  13 
38  -3 
24  36 
12  -3 
24  46 
-33  34 
15  -50 
-8  21 
-30  27 
-2  19 
12  18 
38  -2 
-9  92 
16  10 
15  -3 
-16  3 
-13  -44 
9  26 
2  5 
28  -11 
8  21 
-18  -11 
-5  12 
8  45 
9  24 
-10  42 
-7  14 
1  31 
16  13 
-13  -38 
17  57 
15  54 
31  56 
6  22 
4  -6 
8  22 
-7  13 
-15  5 
-11  18 
-2  29 
11  -19 
-4  26 
-5  26 
9  -4 
3  15 
17  -1 
13  9 
13  3 
-4  27 
1  -22 
13  14 
40  6 
-16  35 
-42  38 
11  -9 
8  -19 
16  13 
18  25 
21  -6 
48  -29 
-7  27 
-17  21 
-19  27 
32  4 
12  7 
-5  21 
2  4 
23  -2 
-8  2 
20  -5 
27  12 
1  22 
50  28 
14  22 
-20  -12 
23  26 
30  0 
39  -2 
-9  14 
2  10 
26  -17 
16  6 
2  67 
42  38 
24  20 
-47  -7 
11  21 
-1  44 
1  -17 
-4  0 
-20  40 
-6  23 
27  9 
5  29 
-3  16 
-13  -13 
8  9 
-22  34 
7  23 
-15  -2 
15  5 
-25  -6 
-7  1 
8  40 
0  24 
-7  -20 
-18  42 
-11  14 
0  36 
49  5 
9  -11 
-2  32 
37  -12 
-28  57 
-2  -4 
20  14 
-10  -25 
5  -19 
-24  22 
21  11 
11  12 
38  -1 
26  35 
14  -4 
25  45 
-31  38 
14  -54 
-8  21 
-29  27 
-2  17 
13  19 
37  1 
-10  91 
15  12 
15  -2 
-16  3 
-13  -46 
11  25 
2  5 
28  -8 
10  22 
-18  -8 
-6  13 
9  43 
9  26 
-12  43 
-9  10 
0  30 
14  15 
-13  -41 
13  58 
16  55 
34  58 
6  21 
7  -3 
5  19 
-8  12 
-11  2 
-16  17 
0  29 
10  -19 
-4  25 
-7  25 
7  -5 
6  14 
19  0 
10  10 
16  7 
-3  26 
6  -23 
11  13 
38  2 
-14  35 
-41  37 
9  -6 
7  -13 
13  12 
16  26 
21  -9 
42  -30 
-7  23 
-18  18 
-18  31 
32  7 
11  9 
-5  21 
2  4 
21  0 
-10  0 
18  -8 
28  12 
2  23 
51  27 
15  24 
-22  -10 
22  25 
28  0 
38  -2 
-10  13 
3  9 
26  -17 
13  5 
1  67 
39  40 
24  20 
-47  -6 
10  19 
-2  49 
1  -23 
-7  0 
-21  39 
0  23 
26  9 
4  29 
4  15 
-10  -10 
15  12 
-20  35 
4  25 
-14  -4 
16  8 
-23  -4 
-6  0 
8  42 
3  22 
-9  -23 
-24  43 
-13  14 
-3  41 
49  5 
13  -10 
-4  29 
31  -6 
-27  57 
-7  -1 
20  20 
-8  -26 
6  -13 
-24  20 
25  10 
11  15 
38  0 
28  36 
12  -2 
25  45 
-32  38 
9  -54 
-9  21 
-29  25 
0  26 
14  23 
41  3 
-9  91 
15  10 
17  -3 
-16  3 
-16  -43 
7  23 
2  2 
28  -6 
11  24 
-20  -4 
-7  13 
10  41 
9  24 
-12  45 
-11  11 
2  29 
15  18 
-15  -43 
18  56 
18  59 
36  62 
8  21 
0  -6 
7  16 
-4  15 
-13  1 
-17  21 
3  31 
12  -19 
-5  27 
-6  29 
6  -6 
8  15 
20  -2 
11  12 
18  8 
4  25 
8  -25 
11  15 
37  0 
-12  32 
-41  40 
7  -5 
7  -11 
11  13 
16  27 
20  -11 
46  -31 
-8  21 
-18  14 
-19  31 
31  5 
11  9 
-8  18 
2  4 
18  -3 
-10  -1 
21  -1 
28  11 
-2  22 
53  29 
15  25 
-22  -10 
23  26 
28  1 
40  8 
-10  14 
1  7 
30  -19 
21  2 
-1  67 
40  34 
24  20 
-47  -9 
6  16 
-4  48 
3  -22 
-6  -4 
-19  33 
-1  22 
26  11 
10  27 
2  15 
-13  -8 
14  12 
-25  31 
5  25 
-14  -5 
18  6 
-21  -3 
-7  3 
6  47 
3  21 
-8  -23 
-22  44 
-12  17 
-4  42 
48  5 
15  -8 
-1  24 
32  -5 
-24  55 
-7  -2 
18  19 
-7  -27 
15  -13 
-24  23 
23  9 
10  15 
41  0 
24  34 
13  -6 
29  46 
-32  38 
10  -54 
-11  20 
-26  26 
0  26 
12  22 
39  3 
-8  91 
15  10 
13  0 
-16  3 
-16  -43 
3  30 
2  5 
31  -8 
14  25 
-22  -2 
-6  15 
8  40 
12  24 
-11  44 
-12  13 
1  26 
16  14 
-13  -46 
17  57 
17  59 
34  62 
6  23 
-1  -5 
5  18 
-4  13 
-13  3 
-17  22 
3  31 
13  -21 
-4  25 
-7  30 
8  -6 
9  14 
20  -5 
9  11 
15  4 
5  25 
4  -26 
8  12 
36  2 
-14  34 
-36  37 
5  -3 
7  -8 
12  10 
16  29 
20  -6 
43  -32 
-7  19 
-21  15 
-20  30 
29  6 
13  13 
-8  18 
1  4 
20  -3 
-9  0 
18  -2 
27  9 
-3  20 
53  26 
15  30 
-22  -13 
19  22 
28  0 
40  8 
-11  11 
-3  6 
32  -18 
22  2 
-2  65 
40  35 
23  22 
-43  -10 
5  18 
-6  51 
1  -22 
-6  -4 
-18  36 
-2  19 
26  10 
11  25 
5  12 
-12  -9 
17  15 
-22  35 
3  26 
-14  -9 
15  7 
-15  0 
-8  4 
4  50 
3  21 
-6  -22 
-18  43 
-17  15 
-7  40 
46  3 
15  -14 
-1  20 
33  -6 
-24  55 
-7  -3 
22  17 
-9  -28 
18  -11 
-23  21 
24  9 
11  14 
40  0 
18  26 
14  -7 
29  44 
-32  38 
12  -55 
-10  21 
-29  27 
-4  26 
12  21 
39  1 
-9  89 
16  7 
15  -3 
-16  3 
-11  -44 
1  29 
2  4 
30  -7 
15  29 
-25  1 
-5  15 
7  39 
13  23 
-13  46 
-10  10 
1  23 
18  13 
-17  -49 
17  56 
21  60 
34  63 
7  23 
-2  -4 
7  16 
-6  12 
-12  1 
-13  20 
3  29 
13  -22 
-5  25 
-7  30 
6  -5 
9  14 
19  -1 
10  11 
15  5 
8  17 
4  -28 
7  16 
37  -1 
-15  36 
-36  38 
7  0 
8  -12 
9  11 
18  28 
24  -5 
46  -30 
-6  15 
-15  14 
-25  34 
26  7 
11  10 
-7  20 
1  2 
22  -4 
-8  1 
23  -2 
29  3 
-4  20 
55  26 
14  31 
-24  -18 
22  24 
31  0 
40  10 
-12  12 
0  6 
33  -16 
23  1 
-6  62 
41  37 
25  20 
-40  -18 
4  17 
-4  50 
-2  -22 
-4  -5 
-15  37 
-1  20 
25  9 
9  29 
7  12 
-12  -9 
18  9 
-22  32 
4  25 
-12  -6 
17  6 
-10  1 
-8  3 
5  52 
4  20 
-9  -23 
-17  42 
-22  14 
-5  36 
46  -4 
11  -13 
-2  19 
33  -6 
-22  56 
-7  -1 
19  21 
-10  -29 
21  -13 
-20  29 
19  7 
11  14 
41  0 
23  29 
15  -8 
26  43 
-32  38 
13  -57 
-12  20 
-28  32 
-8  25 
12  24 
40  -1 
-7  93 
16  5 
17  -3 
-16  3 
-12  -47 
6  31 
2  5 
30  -7 
16  27 
-25  1 
-6  12 
6  37 
11  25 
-11  45 
-10  10 
1  23 
15  10 
-19  -49 
20  58 
20  54 
37  60 
8  29 
-1  -5 
9  14 
-8  10 
-13  3 
-11  24 
3  31 
12  -23 
-6  25 
-7  32 
4  -6 
9  16 
20  -4 
13  10 
7  2 
9  14 
6  -29 
7  14 
37  -1 
-14  34 
-34  35 
7  7 
7  -12 
8  11 
20  28 
26  -3 
46  -31 
-5  14 
-14  13 
-26  35 
26  7 
13  13 
-7  19 
0  0 
21  -6 
-10  -1 
20  -2 
28  3 
-5  21 
51  29 
15  25 
-21  -20 
23  26 
30  1 
40  9 
-12  17 
2  7 
39  -13 
22  1 
-8  63 
36  43 
28  21 
-42  -20 
2  16 
-2  50 
-2  -22 
-8  -2 
-9  37 
1  19 
31  11 
9  29 
8  10 
-15  -5 
15  11 
-22  32 
6  23 
-16  -5 
18  4 
-10  0 
-7  0 
1  56 
4  20 
-7  -22 
-19  47 
-23  12 
-6  36 
45  -8 
9  -15 
-2  19 
35  -7 
-22  56 
-7  -3 
21  23 
-10  -30 
25  -11 
-19  30 
20  5 
7  11 
44  3 
25  30 
15  -10 
27  43 
-28  37 
12  -59 
-12  20 
-29  27 
-6  25 
13  23 
40  -3 
-8  91 
16  6 
15  -4 
-16  6 
-10  -45 
6  30 
2  5 
29  -9 
18  29 
-24  2 
-6  12 
7  40 
9  20 
-12  48 
-8  10 
1  22 
16  5 
-20  -50 
16  60 
15  59 
37  67 
9  27 
0  -4 
11  15 
-9  13 
-11  3 
-15  20 
4  29 
16  -24 
-5  27 
-4  35 
2  -10 
9  16 
20  -6 
13  9 
6  2 
4  20 
6  -29 
9  11 
37  -4 
-11  34 
-33  36 
8  1 
11  -9 
7  8 
17  17 
28  -3 
49  -31 
-8  7 
-13  17 
-25  37 
25  5 
13  16 
-8  18 
-1  1 
21  -6 
-13  0 
21  0 
29  8 
0  18 
52  32 
19  22 
-26  -21 
23  26 
32  1 
42  10 
-12  18 
2  9 
38  -12 
21  2 
-10  61 
35  44 
29  23 
-45  -13 
4  14 
0  46 
-2  -18 
-5  -2 
-9  37 
-3  20 
30  10 
9  25 
5  10 
-15  -2 
13  14 
-25  34 
4  17 
-12  -8 
17  1 
-10  0 
-8  3 
0  56 
9  24 
-8  -21 
-19  47 
-24  14 
-7  39 
46  -5 
10  -13 
-2  23 
33  -8 
-25  52 
-7  -3 
22  24 
-9  -28 
26  -11 
-17  29 
23  11 
8  8 
41  3 
20  30 
11  -11 
24  43 
-26  36 
15  -61 
-12  20 
-29  27 
-5  26 
7  21 
40  -5 
-7  90 
12  2 
14  -5 
-16  5 
-11  -45 
4  26 
-1  3 
30  -7 
18  30 
-24  2 
-7  13 
7  39 
9  20 
-11  47 
-4  8 
1  24 
16  7 
-19  -49 
14  63 
14  62 
37  68 
7  29 
2  -3 
8  16 
-9  13 
-11  6 
-14  23 
5  34 
18  -22 
-6  26 
-4  35 
2  -9 
6  14 
23  -2 
15  11 
4  0 
3  22 
6  -29 
8  12 
38  -4 
-12  31 
-33  36 
13  10 
9  -11 
6  10 
24  12 
25  0 
49  -36 
-4  8 
-12  14 
-21  37 
24  5 
13  14 
-7  15 
2  -4 
24  -3 
-10  -1 
19  7 
27  7 
2  18 
55  27 
15  21 
-27  -20 
25  30 
39  0 
42  9 
-12  18 
3  9 
36  -11 
21  2 
-8  61 
36  45 
28  21 
-44  -13 
6  13 
-3  39 
-2  -21 
-4  -5 
-7  37 
-4  23 
34  11 
10  22 
5  5 
-15  -4 
12  11 
-26  36 
4  15 
-16  -7 
18  -3 
-13  5 
-1  4 
0  56 
8  23 
-4  -18 
-18  45 
-23  12 
-6  40 
47  -6 
6  -17 
1  24 
31  -10 
-27  58 
-9  -3 
22  22 
-11  -29 
29  -14 
-19  28 
21  11 
11  5 
42  4 
18  34 
14  -14 
24  46 
-30  41 
15  -68 
-11  23 
-29  27 
-8  27 
7  21 
41  -1 
-7  89 
13  3 
12  -6 
-17  5 
-9  -40 
8  22 
-3  0 
32  -8 
18  32 
-22  1 
-4  11 
-1  39 
14  21 
-11  45 
-5  6 
0  30 
15  4 
-20  -45 
14  63 
17  56 
37  66 
6  27 
3  -2 
8  15 
-11  14 
-12  0 
-17  21 
6  29 
19  -25 
-8  23 
-6  35 
0  -11 
6  15 
21  0 
18  9 
2  2 
1  22 
5  -26 
9  11 
35  -8 
-8  34 
-35  37 
10  11 
8  -12 
6  9 
18  14 
24  -6 
49  -36 
-4  8 
-12  11 
-23  31 
24  3 
13  14 
-7  18 
-4  -5 
22  -5 
-10  1 
17  9 
26  11 
1  20 
55  24 
15  21 
-28  -23 
24  30 
38  0 
41  11 
-11  18 
2  10 
44  -11 
23  2 
-8  61 
37  46 
27  24 
-42  -16 
6  14 
-2  41 
-2  -21 
-4  -6 
-5  34 
-4  22 
31  7 
6  22 
5  5 
-15  -2 
17  10 
-26  36 
2  16 
-13  -6 
20  -2 
-11  6 
0  0 
1  58 
7  17 
-4  -15 
-18  45 
-22  10 
-9  37 
47  -4 
5  -18 
2  23 
31  -7 
-25  57 
-7  -1 
19  24 
-5  -30 
28  -15 
-20  26 
20  9 
9  5 
43  -2 
18  38 
13  -15 
23  46 
-32  41 
13  -70 
-12  22 
-28  27 
-9  29 
6  23 
39  0 
-13  89 
14  3 
10  -7 
-16  5 
-12  -40 
5  20 
1  7 
32  -12 
17  32 
-23  -1 
-4  7 
-4  41 
12  23 
-11  49 
-7  7 
0  28 
14  6 
-19  -48 
14  62 
13  53 
39  67 
6  27 
-1  -5 
7  12 
-10  15 
-15  3 
-17  21 
5  30 
20  -25 
-10  25 
-6  35 
3  -12 
7  19 
17  0 
18  8 
3  1 
1  22 
-1  -26 
10  6 
35  -6 
-10  35 
-31  36 
10  10 
7  -12 
7  7 
14  16 
24  -6 
49  -35 
-4  7 
-13  14 
-22  29 
24  3 
11  14 
-7  20 
-3  -9 
21  -8 
-12  0 
13  7 
26  9 
-1  15 
55  24 
19  22 
-28  -21 
22  29 
37  -1 
43  11 
-9  17 
1  10 
46  -9 
24  0 
-13  60 
43  42 
28  22 
-43  -20 
8  17 
-1  39 
2  -24 
-7  -10 
-4  34 
-2  19 
30  11 
7  26 
4  6 
-14  -5 
18  12 
-25  39 
-1  18 
-11  -2 
19  0 
-12  3 
-2  -2 
1  57 
8  18 
-4  -14 
-18  46 
-24  8 
-7  39 
46  -8 
6  -15 
1  23 
35  -10 
-25  61 
-8  -3 
14  26 
-2  -27 
24  -16 
-22  26 
20  10 
5  5 
40  -2 
20  36 
17  -11 
23  46 
-29  41 
11  -71 
-11  23 
-28  27 
-8  31 
7  24 
38  -3 
-13  89 
12  3 
13  -6 
-16  5 
-4  -37 
6  23 
-1  5 
24  -11 
20  35 
-22  2 
-2  5 
-4  35 
8  21 
-11  46 
-9  12 
2  30 
13  3 
-19  -49 
13  58 
13  53 
37  66 
6  27 
-2  -6 
11  13 
-12  11 
-11  4 
-13  25 
3  29 
23  -25 
-3  23 
-2  36 
0  -11 
7  16 
17  1 
18  0 
3  1 
2  23 
3  -25 
15  7 
40  -5 
-9  34 
-32  38 
8  10 
9  -11 
10  6 
13  20 
24  -6 
51  -35 
-6  12 
-14  13 
-21  27 
19  1 
13  9 
-9  17 
-4  -18 
20  -6 
-15  -4 
16  7 
24  13 
-1  16 
55  24 
20  25 
-28  -22 
26  30 
41  0 
44  15 
-6  17 
1  12 
47  -11 
24  0 
-8  62 
41  42 
28  20 
-43  -21 
2  17 
-2  37 
3  -22 
-8  -12 
-6  35 
-3  20 
35  14 
10  28 
6  7 
-13  -4 
18  9 
-27  38 
-3  23 
-10  -3 
19  -3 
-8  -1 
-2  -1 
-3  56 
9  18 
-3  -14 
-19  45 
-29  9 
-7  39 
48  -9 
7  -17 
4  25 
38  -8 
-23  61 
-4  -6 
15  25 
-5  -32 
27  -19 
-24  25 
20  9 
5  5 
42  -6 
20  36 
15  -7 
23  46 
-31  40 
13  -74 
-7  25 
-26  25 
-10  30 
9  24 
38  -2 
-14  91 
12  1 
12  -6 
-16  3 
-2  -32 
6  24 
0  6 
22  -11 
24  29 
-21  3 
-5  1 
-4  36 
13  23 
-4  46 
-7  14 
1  29 
12  3 
-18  -50 
13  57 
16  53 
39  62 
7  28 
-2  -6 
6  14 
-13  14 
-12  8 
-11  25 
1  31 
17  -23 
-2  26 
-3  35 
5  -10 
4  17 
19  0 
19  -1 
3  1 
1  23 
3  -23 
15  5 
40  -6 
-13  35 
-32  38 
13  10 
9  -14 
11  7 
13  17 
26  -9 
49  -35 
-2  12 
-12  12 
-23  26 
15  4 
13  9 
-9  17 
-5  -13 
18  -6 
-17  -1 
15  11 
26  15 
0  18 
55  26 
16  23 
-28  -23 
26  29 
41  0 
43  18 
-5  21 
0  9 
47  -11 
24  0 
-8  61 
43  42 
28  21 
-44  -20 
8  17 
-3  36 
-5  -23 
-6  -14 
-11  34 
-3  21 
38  16 
7  26 
8  3 
-9  -7 
15  9 
-24  36 
0  26 
-11  -4 
20  -4 
-7  -2 
-3  0 
-4  55 
4  14 
2  -11 
-19  42 
-29  14 
-7  39 
48  -9 
11  -19 
5  25 
39  -6 
-21  65 
-5  -6 
13  26 
-3  -30 
27  -19 
-24  30 
18  6 
4  4 
42  -10 
22  38 
15  -8 
23  46 
-29  40 
11  -71 
-4  26 
-27  27 
-11  30 
10  20 
42  -3 
-14  90 
13  0 
7  -6 
-16  3 
-2  -30 
9  24 
-2  9 
23  -9 
21  32 
-21  7 
-4  2 
-4  34 
14  22 
-11  51 
-9  15 
5  32 
12  4 
-17  -52 
12  60 
16  53 
34  58 
7  27 
-3  -6 
7  12 
-12  14 
-11  9 
-17  30 
-2  33 
12  -22 
2  23 
-2  38 
4  -11 
10  21 
20  -3 
19  0 
3  2 
1  23 
5  -24 
9  5 
42  -3 
-15  40 
-34  37 
11  12 
7  -13 
11  7 
12  17 
25  -8 
47  -32 
-8  12 
-12  14 
-19  24 
18  8 
11  9 
-10  17 
-4  -11 
15  -5 
-14  -4 
13  14 
29  16 
-3  19 
56  27 
16  22 
-29  -23 
24  29 
44  -5 
43  18 
0  26 
3  9 
49  -14 
28  0 
-7  63 
41  42 
26  22 
-46  -14 
6  15 
-2  36 
-5  -21 
-6  -15 
-11  31 
-4  20 
45  17 
5  26 
9  3 
-13  -5 
13  13 
-28  39 
-1  23 
-17  1 
17  -4 
-7  -3 
-2  -2 
-6  56 
6  14 
-1  -13 
-18  42 
-32  12 
-7  40 
46  -8 
14  -17 
5  25 
36  -5 
-22  61 
-6  -5 
11  25 
-4  -30 
30  -12 
-22  30 
20  9 
5  4 
48  -11 
19  35 
12  -10 
24  45 
-27  39 
9  -71 
-1  24 
-28  24 
-7  30 
7  24 
45  -6 
-14  89 
16  5 
11  -6 
-16  3 
-2  -31 
9  24 
-3  6 
22  -9 
23  28 
-25  7 
-1  0 
-4  28 
14  20 
-7  49 
-10  13 
4  34 
12  2 
-20  -44 
12  58 
15  53 
37  61 
6  27 
0  -6 
7  12 
-11  14 
-12  11 
-18  30 
0  30 
10  -19 
1  27 
-4  34 
3  -9 
4  21 
21  -1 
18  3 
3  1 
1  24 
4  -27 
6  5 
40  -2 
-15  41 
-31  38 
9  15 
7  -12 
8  5 
12  17 
26  -9 
49  -31 
-10  10 
-14  15 
-21  21 
20  5 
11  9 
-9  17 
-2  -14 
15  -6 
-12  -2 
13  9 
29  16 
-1  23 
56  27 
12  21 
-27  -21 
20  30 
43  -5 
41  18 
1  20 
2  10 
49  -16 
29  3 
-10  60 
41  42 
28  20 
-42  -13 
7  14 
-1  37 
-6  -21 
-7  -14 
-9  32 
-7  18 
46  16 
3  25 
7  1 
-14  -7 
13  13 
-27  37 
-1  20 
-12  1 
17  -1 
-7  0 
1  -1 
-6  55 
10  15 
-2  -11 
-18  44 
-30  11 
-7  43 
49  -9 
18  -16 
2  25 
35  -8 
-23  65 
-2  -2 
15  27 
-5  -30 
34  -8 
-22  32 
19  7 
6  2 
45  -11 
20  36 
15  -9 
24  46 
-28  43 
9  -75 
-8  30 
-24  25 
-9  27 
5  17 
47  -5 
-14  90 
14  6 
11  -6 
-16  3 
-2  -30 
4  25 
-7  10 
22  -13 
26  29 
-23  6 
0  -6 
-4  28 
11  21 
-7  52 
-7  14 
4  34 
10  1 
-21  -42 
15  58 
16  55 
35  66 
6  27 
0  -5 
5  10 
-19  14 
-14  14 
-18  29 
-1  35 
11  -20 
2  23 
-4  33 
4  -11 
7  19 
23  -2 
16  6 
2  2 
0  25 
6  -27 
7  11 
38  -6 
-14  43 
-32  37 
9  14 
7  -11 
5  5 
13  18 
27  -5 
52  -32 
-12  7 
-14  15 
-18  16 
17  10 
12  7 
-6  17 
-2  -14 
16  -7 
-13  -6 
16  6 
29  18 
-1  19 
57  32 
13  19 
-20  -22 
22  31 
45  -7 
44  15 
-3  17 
1  7 
50  -18 
30  7 
-10  59 
41  42 
28  20 
-42  -11 
8  12 
0  34 
-8  -26 
-9  -13 
-9  33 
-1  21 
46  14 
2  24 
6  -2 
-17  -11 
13  13 
-26  35 
3  18 
-12  1 
16  1 
-8  -3 
2  -5 
-6  56 
11  14 
-1  -6 
-21  40 
-29  11 
-7  43 
47  -8 
15  -19 
1  23 
35  -8 
-21  67 
-2  -1 
13  30 
-4  -31 
32  -10 
-27  32 
22  5 
7  1 
42  -10 
24  33 
11  -8 
23  46 
-35  38 
7  -72 
-10  30 
-29  25 
-11  29 
8  18 
44  -6 
-12  91 
17  6 
13  -3 
-16  3 
-2  -30 
4  26 
-6  12 
21  -14 
23  28 
-28  4 
-2  -9 
-4  22 
13  20 
-4  54 
-7  14 
5  32 
11  0 
-17  -45 
12  58 
17  61 
35  67 
6  27 
0  -5 
6  12 
-19  11 
-12  14 
-18  29 
-1  35 
10  -19 
3  22 
-6  31 
3  -9 
4  17 
26  2 
16  7 
1  4 
0  26 
5  -28 
8  9 
38  -2 
-14  43 
-31  36 
9  14 
7  -11 
4  5 
14  18 
30  -5 
53  -30 
-13  2 
-13  14 
-26  15 
16  7 
13  5 
-5  21 
-1  -15 
17  -4 
-16  -6 
18  3 
27  17 
-3  23 
56  28 
15  19 
-17  -19 
22  30 
40  -2 
48  21 
-2  16 
1  7 
50  -19 
28  5 
-13  61 
41  42 
31  20 
-42  -11 
6  16 
-1  35 
-9  -27 
-8  -12 
-9  29 
-3  21 
46  14 
1  23 
8  -2 
-20  -10 
17  10 
-25  34 
5  14 
-8  2 
16  0 
-8  -2 
3  -2 
-7  59 
16  15 
1  -2 
-21  36 
-29  12 
-6  43 
48  -8 
12  -17 
2  24 
36  -6 
-21  63 
-3  0 
9  25 
-5  -33 
32  -10 
-25  33 
22  5 
9  4 
40  -11 
24  33 
8  -9 
24  46 
-36  35 
6  -73 
-14  31 
-29  27 
-14  22 
8  15 
44  -3 
-12  93 
12  7 
13  -3 
-16  3 
-1  -30 
5  25 
-7  14 
14  -14 
23  29 
-31  11 
-5  -8 
-8  21 
13  20 
-4  53 
-7  12 
4  29 
11  5 
-21  -40 
14  56 
20  56 
37  66 
10  28 
0  -9 
6  10 
-20  8 
-14  15 
-15  29 
-2  39 
11  -19 
2  21 
-3  32 
3  -10 
7  19 
27  0 
14  5 
1  2 
-1  27 
7  -23 
7  9 
40  -5 
-12  50 
-31  36 
9  14 
10  -14 
4  6 
14  22 
32  -6 
56  -34 
-11  4 
-12  14 
-26  16 
18  10 
14  3 
-8  17 
-3  -19 
17  -1 
-22  -2 
16  5 
31  15 
-3  23 
57  30 
12  23 
-22  -16 
25  30 
38  2 
47  20 
-1  15 
0  6 
50  -21 
28  2 
-12  61 
42  44 
31  21 
-40  -20 
6  15 
-2  34 
-7  -26 
-8  -15 
-9  29 
-5  21 
48  11 
2  22 
9  -2 
-19  -9 
15  10 
-28  32 
5  12 
-11  3 
17  0 
-3  -4 
3  -2 
-7  57 
17  15 
2  -3 
-20  36 
-27  5 
-7  38 
51  -7 
9  -14 
3  21 
35  -6 
-21  65 
-1  -1 
13  26 
-5  -36 
29  -9 
-27  30 
23  6 
8  5 
42  -9 
26  31 
7  -8 
25  45 
-35  38 
6  -73 
-14  34 
-36  30 
-16  19 
8  17 
44  -6 
-13  99 
14  6 
11  -3 
-16  3 
-2  -31 
4  25 
-9  14 
17  -11 
24  32 
-32  12 
-6  -5 
-8  21 
12  22 
-5  52 
-7  13 
1  27 
7  1 
-22  -37 
22  58 
26  56 
39  64 
7  28 
2  -11 
4  9 
-20  10 
-13  15 
-17  28 
-1  40 
10  -20 
1  20 
0  34 
6  -10 
4  17 
28  0 
9  5 
1  3 
-1  24 
9  -24 
5  10 
41  -8 
-12  49 
-36  37 
9  14 
14  -14 
8  8 
8  23 
30  -7 
53  -30 
-11  4 
-14  14 
-23  15 
18  11 
15  3 
-4  15 
-1  -20 
18  -2 
-20  -4 
14  5 
31  14 
-2  30 
57  30 
18  25 
-24  -13 
24  33 
38  0 
46  19 
-1  15 
0  6 
49  -20 
27  3 
-12  65 
41  46 
30  21 
-37  -22 
7  14 
-1  34 
-7  -26 
-8  -17 
-9  31 
-6  18 
47  11 
-5  21 
8  -2 
-18  -13 
19  12 
-32  31 
6  13 
-13  9 
17  0 
-3  -4 
0  -3 
-8  58 
17  12 
0  0 
-22  39 
-24  6 
-8  37 
49  -9 
9  -13 
3  21 
38  -8 
-19  67 
-3  -1 
9  26 
-7  -37 
27  -8 
-23  31 
24  6 
10  10 
41  -11 
26  30 
7  -5 
23  46 
-33  36 
7  -73 
-15  32 
-34  31 
-16  20 
7  17 
45  -4 
-11  103 
17  6 
11  -3 
-16  3 
-2  -33 
4  25 
-9  12 
15  -9 
24  34 
-32  12 
-6  -5 
-7  17 
8  20 
-5  50 
-2  14 
6  29 
8  1 
-19  -38 
20  55 
26  55 
39  62 
11  29 
3  -9 
5  9 
-20  10 
-13  21 
-20  29 
-3  41 
12  -19 
1  18 
1  34 
2  -10 
5  18 
27  0 
9  5 
2  5 
-1  23 
11  -26 
1  9 
41  -9 
-11  49 
-40  38 
11  15 
14  -15 
11  7 
8  21 
33  -6 
51  -31 
-12  3 
-12  12 
-22  16 
18  12 
17  1 
0  15 
0  -16 
18  -2 
-22  -3 
15  4 
28  14 
-2  30 
56  32 
18  20 
-22  -12 
25  32 
39  1 
48  15 
0  16 
-2  2 
51  -20 
24  1 
-14  62 
43  42 
29  23 
-41  -20 
7  14 
3  35 
-7  -21 
-7  -17 
-5  31 
-5  14 
49  11 
-5  21 
12  -2 
-16  -11 
25  15 
-24  27 
6  11 
-13  2 
21  0 
-5  -5 
-1  -3 
-7  58 
17  16 
4  0 
-27  40 
-25  7 
-4  41 
55  -7 
9  -18 
3  21 
33  -7 
-20  66 
-3  0 
8  25 
-10  -40 
28  -9 
-24  35 
25  5 
14  12 
42  -10 
22  31 
9  -4 
23  46 
-32  37 
8  -71 
-13  32 
-33  29 
-14  21 
8  18 
45  -3 
-13  100 
16  6 
16  -4 
-16  3 
-5  -35 
6  23 
-3  6 
13  -11 
26  34 
-33  16 
-4  -7 
-7  17 
6  15 
-2  49 
-2  14 
6  29 
8  0 
-18  -38 
21  54 
26  53 
40  65 
14  35 
0  -11 
2  9 
-17  11 
-13  21 
-21  27 
-3  39 
12  -19 
-2  19 
-1  35 
4  -6 
4  22 
27  -3 
9  5 
2  4 
0  26 
11  -31 
2  7 
40  -10 
-11  49 
-43  41 
13  12 
12  -17 
16  8 
9  25 
31  -6 
50  -30 
-11  6 
-13  12 
-23  19 
18  12 
15  -1 
-1  15 
3  -12 
16  1 
-27  -3 
12  8 
29  14 
-4  30 
55  24 
19  21 
-22  -11 
26  29 
36  2 
53  10 
6  16 
-2  1 
52  -16 
29  8 
-13  62 
41  42 
24  26 
-39  -17 
11  15 
-3  35 
-7  -21 
-8  -18 
-5  30 
-4  13 
48  11 
-5  21 
12  -3 
-22  -6 
20  14 
-23  26 
6  11 
-12  1 
18  -1 
-5  -6 
1  -2 
-7  60 
16  15 
2  3 
-25  38 
-25  13 
-7  43 
51  -10 
10  -12 
9  24 
33  -7 
-23  63 
0  2 
4  29 
-7  -42 
25  -10 
-22  36 
23  6 
16  9 
42  -10 
23  29 
8  -3 
27  49 
-36  34 
5  -75 
-12  34 
-33  26 
-14  17 
12  18 
46  -6 
-16  97 
16  3 
20  -5 
-16  3 
-3  -33 
4  25 
-3  4 
14  -7 
27  34 
-31  11 
-8  -10 
-8  19 
6  15 
-2  50 
-1  14 
6  30 
8  0 
-17  -39 
23  58 
30  55 
38  68 
14  36 
0  -11 
2  9 
-13  7 
-13  23 
-20  28 
-2  38 
10  -19 
1  19 
-4  34 
4  -7 
4  20 
28  -2 
13  7 
2  2 
-5  27 
11  -27 
0  7 
40  -8 
-13  52 
-46  43 
10  11 
11  -17 
18  7 
15  24 
26  -7 
50  -30 
-12  3 
-17  9 
-21  18 
21  11 
12  -2 
-2  12 
4  -11 
18  0 
-25  -3 
16  6 
28  13 
-2  30 
57  21 
20  15 
-19  -13 
29  26 
39  7 
54  12 
7  14 
-2  2 
53  -14 
26  7 
-12  68 
41  43 
26  31 
-41  -15 
11  14 
-9  27 
-4  -25 
-10  -19 
-5  29 
-4  13 
49  11 
-4  22 
9  -4 
-23  -10 
22  9 
-24  27 
9  9 
-11  5 
18  -1 
-4  -12 
0  -4 
-6  58 
18  18 
3  1 
-25  35 
-28  11 
-7  43 
51  -8 
8  -15 
6  22 
33  -7 
-26  62 
1  2 
7  28 
-9  -43 
28  -11 
-22  43 
22  4 
15  10 
44  -10 
25  30 
8  -4 
26  49 
-37  35 
4  -75 
-11  34 
-31  23 
-13  17 
13  18 
46  -3 
-13  96 
12  1 
18  -6 
-16  3 
-3  -40 
3  26 
-6  6 
12  -8 
28  31 
-29  9 
-5  -8 
-8  17 
4  13 
-2  49 
-3  15 
3  31 
7  1 
-20  -40 
20  58 
26  55 
38  65 
18  36 
1  -6 
2  10 
-9  5 
-14  23 
-17  28 
-3  39 
8  -20 
-1  20 
-6  36 
4  -6 
4  21 
28  -2 
13  10 
2  4 
-5  29 
8  -25 
0  5 
40  -12 
-13  52 
-45  46 
11  14 
9  -18 
19  4 
18  25 
24  -6 
46  -26 
-10  1 
-16  13 
-22  19 
22  11 
15  -2 
-2  12 
8  -8 
16  0 
-23  1 
14  6 
28  11 
-5  31 
52  18 
17  17 
-19  -14 
29  24 
39  7 
49  11 
3  11 
-2  0 
49  -14 
29  9 
-11  65 
41  42 
26  37 
-42  -12 
11  13 
-9  28 
-3  -28 
-10  -21 
-5  24 
-6  11 
50  10 
-2  23 
8  -2 
-22  -11 
23  9 
-29  27 
6  7 
-13  4 
17  0 
-4  -15 
0  -3 
-7  58 
20  18 
10  0 
-22  34 
-24  14 
-8  44 
51  -11 
9  -17 
-1  25 
35  -3 
-27  63 
2  2 
6  23 
-7  -40 
33  -7 
-20  46 
22  5 
18  10 
40  -10 
26  29 
8  0 
24  49 
-41  35 
5  -75 
-12  33 
-33  19 
-14  16 
21  17 
42  -2 
-12  94 
13  1 
17  -5 
-16  5 
-2  -43 
3  26 
-4  7 
14  -5 
33  25 
-27  10 
-7  -8 
-9  17 
6  11 
-7  49 
-2  15 
0  35 
8  1 
-24  -45 
21  58 
27  56 
37  67 
17  36 
0  -4 
1  11 
-9  5 
-13  22 
-15  30 
-1  40 
12  -19 
2  15 
-5  34 
4  -5 
2  20 
24  -3 
16  10 
4  3 
-9  30 
8  -27 
2  4 
40  -11 
-13  52 
-40  46 
13  13 
7  -19 
15  6 
18  29 
26  -8 
47  -26 
-11  2 
-14  9 
-24  20 
20  11 
15  -3 
-5  10 
9  -9 
20  -3 
-19  4 
16  7 
28  12 
-6  32 
51  17 
18  18 
-19  -13 
33  29 
36  8 
48  11 
4  9 
-4  1 
49  -16 
28  7 
-13  59 
42  42 
22  38 
-42  -21 
9  14 
-7  30 
-4  -25 
-10  -19 
-4  25 
-9  9 
48  9 
-3  21 
8  -2 
-22  -19 
23  11 
-27  27 
6  11 
-14  7 
19  -1 
-3  -11 
2  -3 
-7  59 
18  25 
8  1 
-18  30 
-23  16 
-1  40 
51  -9 
9  -11 
2  23 
32  -2 
-26  58 
-1  5 
7  16 
-6  -45 
33  -6 
-21  42 
22  5 
17  11 
43  -11 
25  30 
7  2 
25  52 
-41  35 
8  -72 
-12  37 
-34  15 
-14  14 
17  15 
39  -3 
-9  93 
13  -3 
18  -4 
-11  5 
0  -42 
4  25 
-4  6 
14  -4 
32  23 
-30  10 
-10  -7 
-3  20 
6  10 
-8  50 
-4  14 
-2  32 
8  3 
-25  -46 
21  59 
29  57 
39  67 
16  33 
-2  -6 
2  9 
-5  4 
-16  17 
-16  34 
2  35 
16  -17 
0  15 
0  34 
4  -7 
-1  21 
24  -2 
12  12 
4  3 
-6  31 
7  -25 
2  2 
42  -9 
-13  52 
-42  53 
13  14 
10  -20 
15  4 
18  29 
23  -5 
49  -24 
-12  0 
-13  6 
-26  22 
24  13 
16  -4 
-5  6 
9  -11 
20  -4 
-18  3 
17  6 
30  14 
-5  27 
51  17 
21  18 
-20  -14 
33  27 
30  15 
48  12 
4  6 
-2  4 
44  -20 
31  5 
-12  55 
41  42 
26  37 
-40  -21 
8  14 
-7  26 
-4  -27 
-14  -17 
-7  23 
-9  9 
49  8 
-5  21 
5  0 
-23  -24 
20  9 
-29  27 
9  4 
-14  7 
22  1 
-4  -14 
2  -5 
-8  58 
14  33 
5  1 
-18  28 
-27  17 
0  40 
48  -9 
11  -10 
2  24 
32  -3 
-27  59 
-3  1 
9  14 
-6  -44 
32  -6 
-22  40 
22  5 
15  9 
41  -9 
22  29 
4  5 
23  51 
-40  35 
7  -79 
-13  37 
-35  16 
-14  14 
20  17 
35  -3 
-6  89 
13  0 
17  -5 
-11  6 
3  -42 
3  26 
-6  8 
14  -2 
29  22 
-31  11 
-9  -6 
-2  19 
5  10 
-7  50 
-4  14 
-3  32 
10  1 
-25  -46 
19  60 
28  58 
39  63 
16  35 
-2  -6 
1  9 
-4  5 
-16  17 
-18  38 
0  34 
12  -19 
-1  15 
-1  37 
2  -10 
-2  23 
27  -4 
10  11 
4  3 
-6  32 
6  -25 
1  3 
43  -9 
-13  52 
-38  52 
12  11 
10  -20 
13  5 
18  33 
22  -5 
45  -24 
-13  -5 
-11  9 
-28  24 
24  10 
14  -5 
-4  10 
9  -9 
22  -3 
-19  2 
11  9 
33  14 
-2  22 
50  17 
19  18 
-18  -10 
36  26 
28  13 
49  14 
3  15 
0  9 
44  -22 
31  5 
-13  54 
43  42 
26  43 
-40  -25 
6  14 
-2  30 
-4  -26 
-13  -19 
-4  25 
-12  11 
46  9 
-5  21 
5  -1 
-22  -14 
22  9 
-27  27 
10  7 
-13  8 
25  0 
-2  -11 
7  -1 
-6  62 
11  31 
8  5 
-17  30 
-28  17 
-2  44 
48  -8 
10  -10 
2  25 
34  -4 
-24  62 
-3  1 
10  14 
-3  -44 
33  -7 
-22  39 
19  7 
15  7 
43  -12 
21  27 
3  5 
27  49 
-42  34 
9  -80 
-12  38 
-34  17 
-9  12 
22  24 
36  -7 
-7  86 
12  -1 
20  -6 
-11  8 
3  -42 
3  26 
-5  13 
17  0 
24  20 
-28  10 
-11  -4 
-2  18 
1  11 
-7  49 
-1  17 
-5  29 
14  1 
-23  -48 
13  63 
26  56 
37  66 
13  37 
-1  -5 
0  6 
-5  4 
-12  14 
-16  37 
-2  36 
10  -19 
-3  19 
4  35 
4  -11 
-2  21 
25  -2 
12  14 
4  3 
-10  30 
5  -28 
2  2 
42  -10 
-13  52 
-37  51 
12  10 
7  -19 
20  5 
20  35 
27  -2 
44  -25 
-12  -9 
-14  11 
-30  19 
20  9 
13  -5 
-5  12 
11  -7 
19  0 
-18  5 
12  8 
33  13 
-2  23 
53  18 
23  23 
-19  -9 
38  27 
26  13 
49  14 
2  15 
-4  6 
44  -23 
28  3 
-13  57 
41  43 
32  41 
-40  -22 
6  9 
-6  32 
-6  -29 
-13  -18 
-4  28 
-11  9 
43  6 
-3  21 
6  -5 
-22  -11 
20  10 
-31  26 
9  2 
-11  5 
26  2 
-2  -10 
8  1 
-5  59 
11  31 
3  1 
-17  29 
-29  17 
-4  47 
48  -8 
9  -9 
2  24 
32  -2 
-23  56 
-1  -5 
10  15 
-5  -43 
38  -6 
-27  37 
18  8 
11  10 
43  -12 
22  27 
5  5 
21  49 
-44  33 
6  -77 
-11  38 
-33  16 
-8  14 
21  22 
36  -6 
-6  85 
13  -1 
20  -4 
-13  9 
-3  -43 
4  25 
-7  10 
17  6 
24  20 
-29  12 
-12  -2 
-2  19 
5  11 
-9  47 
-2  17 
-5  34 
13  0 
-23  -52 
10  66 
26  54 
38  66 
11  35 
-1  -6 
1  7 
-7  8 
-13  14 
-14  36 
-4  35 
13  -17 
-4  16 
4  36 
-1  -13 
-5  24 
21  0 
13  14 
4  3 
-8  31 
2  -31 
-1  3 
42  -12 
-14  55 
-37  48 
10  10 
4  -20 
16  8 
22  38 
30  2 
42  -24 
-14  -9 
-13  9 
-36  14 
20  10 
11  -6 
-4  9 
8  -6 
17  0 
-18  5 
18  7 
33  10 
-3  19 
52  17 
21  24 
-16  -8 
39  24 
26  16 
48  12 
4  13 
-5  4 
47  -25 
30  1 
-14  64 
40  46 
32  43 
-41  -20 
11  7 
-5  30 
-5  -26 
-17  -18 
-1  27 
-11  4 
43  6 
-5  21 
7  -6 
-25  -11 
21  9 
-31  25 
10  -1 
-6  9 
28  0 
-2  -8 
7  2 
-6  55 
8  31 
2  2 
-11  26 
-28  18 
-3  46 
47  -8 
17  -8 
1  23 
32  1 
-24  55 
-1  -4 
9  14 
-3  -44 
38  -6 
-33  44 
18  9 
12  10 
43  -10 
21  31 
7  1 
25  53 
-44  34 
8  -79 
-12  38 
-33  19 
-9  13 
21  22 
37  -5 
-5  87 
13  -1 
21  0 
-12  9 
0  -42 
5  25 
-6  12 
18  8 
26  23 
-23  17 
-11  -2 
-3  21 
4  9 
-9  49 
-1  19 
-2  35 
13  0 
-19  -48 
13  65 
28  57 
36  62 
14  38 
2  -3 
0  8 
-4  7 
-10  13 
-17  31 
-2  44 
15  -15 
-5  19 
3  38 
-2  -24 
-4  26 
20  -4 
13  14 
4  3 
-11  29 
7  -34 
-2  2 
42  -13 
-14  54 
-38  51 
13  13 
5  -22 
15  7 
21  40 
29  4 
41  -28 
-14  -7 
-9  7 
-36  17 
20  10 
10  -5 
-5  13 
8  -7 
12  -3 
-23  6 
20  8 
32  12 
-2  23 
52  18 
22  25 
-16  -7 
39  20 
25  16 
49  10 
4  14 
-5  4 
48  -22 
27  0 
-17  59 
41  47 
30  42 
-41  -19 
7  2 
-5  28 
-4  -27 
-23  -19 
0  27 
-16  5 
43  6 
-5  20 
7  -6 
-25  -15 
26  10 
-30  26 
12  5 
-7  11 
27  -5 
-11  -9 
7  4 
-6  56 
8  31 
0  5 
-14  29 
-26  22 
-4  47 
47  -8 
13  -10 
-2  28 
28  1 
-22  54 
-1  -1 
8  12 
-4  -45 
36  -11 
-30  41 
15  10 
12  10 
42  -10 
20  29 
3  -2 
29  54 
-44  34 
7  -79 
-12  35 
-34  22 
-7  12 
21  22 
35  -6 
-10  85 
13  -3 
19  -5 
-14  7 
-2  -42 
5  25 
-9  12 
16  6 
28  20 
-23  19 
-11  -2 
-4  22 
5  10 
-5  49 
-3  16 
-2  36 
13  0 
-19  -49 
12  69 
26  57 
40  56 
14  38 
-3  0 
4  9 
-7  7 
-12  17 
-17  31 
0  46 
19  -16 
-5  15 
2  37 
-7  -22 
-4  28 
20  -5 
11  15 
4  3 
-10  28 
7  -33 
-3  0 
41  -13 
-14  54 
-38  49 
18  12 
4  -26 
16  8 
20  35 
27  1 
41  -29 
-14  -10 
-9  7 
-36  17 
23  9 
7  -6 
-6  13 
2  -5 
15  -1 
-27  7 
18  8 
31  13 
-3  23 
52  20 
21  22 
-15  -8 
38  22 
23  15 
50  10 
0  11 
-4  6 
48  -19 
29  2 
-20  56 
41  43 
29  45 
-41  -16 
6  3 
-4  33 
-4  -25 
-22  -17 
-2  27 
-16  5 
43  6 
-12  22 
9  -4 
-25  -16 
25  10 
-31  29 
9  6 
-8  12 
20  -2 
-12  -9 
7  3 
-6  56 
7  32 
2  2 
-11  31 
-24  25 
-5  45 
48  -8 
6  -5 
-2  30 
28  0 
-22  56 
-4  2 
6  11 
-4  -46 
36  -11 
-30  41 
15  6 
12  11 
44  -10 
21  32 
-1  -5 
29  54 
-45  33 
7  -76 
-15  37 
-32  23 
-10  15 
23  21 
35  -8 
-10  87 
11  -3 
20  -7 
-14  9 
1  -42 
5  25 
-7  10 
13  5 
29  20 
-21  19 
-12  -2 
5  20 
1  8 
-10  51 
-1  18 
-1  40 
18  -1 
-23  -47 
15  70 
24  62 
40  57 
12  38 
-5  -2 
7  11 
-8  3 
-13  17 
-21  27 
-3  46 
15  -19 
-8  17 
3  38 
-10  -20 
-8  28 
18  -6 
13  14 
6  2 
-12  29 
10  -33 
-2  1 
41  -13 
-12  51 
-37  49 
18  12 
6  -29 
16  5 
20  35 
27  0 
40  -30 
-15  -10 
-6  6 
-33  16 
24  9 
8  -8 
-6  12 
0  -2 
13  -1 
-31  6 
15  7 
32  10 
-3  20 
52  21 
21  22 
-14  -10 
39  20 
21  20 
51  11 
2  11 
-8  7 
52  -18 
33  5 
-25  54 
44  41 
29  45 
-41  -17 
8  1 
-3  36 
-6  -27 
-20  -17 
-4  29 
-17  6 
46  7 
-11  20 
8  -5 
-25  -17 
23  8 
-30  31 
8  0 
-9  12 
12  -3 
-14  -11 
6  3 
-6  55 
9  29 
1  3 
-10  30 
-27  27 
-4  46 
49  -9 
11  -6 
-2  29 
26  -5 
-30  57 
-5  1 
7  7 
-1  -45 
38  -10 
-29  40 
16  7 
12  14 
38  -17 
24  30 
-1  -6 
27  52 
-47  30 
7  -79 
-11  36 
-32  25 
-16  14 
24  20 
35  -10 
-9  85 
11  -3 
21  -6 
-15  9 
-2  -42 
4  25 
-8  8 
14  2 
33  18 
-20  16 
-12  -2 
4  15 
0  14 
-4  48 
-4  13 
-3  39 
17  -8 
-23  -50 
15  69 
22  62 
38  59 
13  34 
-7  0 
5  13 
-7  3 
-14  16 
-22  28 
-3  46 
20  -18 
-4  15 
3  38 
-9  -19 
-13  26 
18  -4 
11  7 
7  4 
-10  26 
2  -36 
-2  3 
39  -13 
-11  51 
-38  50 
28  9 
6  -29 
12  3 
20  38 
28  0 
44  -31 
-15  -11 
-2  7 
-32  17 
23  11 
4  -6 
-5  14 
-2  1 
13  -3 
-34  7 
18  8 
33  5 
-3  20 
49  23 
21  23 
-14  -10 
38  18 
22  15 
51  9 
1  11 
-7  9 
54  -15 
35  7 
-25  59 
46  43 
27  48 
-39  -18 
8  1 
2  38 
-7  -30 
-19  -14 
-4  29 
-16  5 
47  7 
-8  21 
7  -8 
-24  -20 
21  10 
-30  35 
5  -2 
-4  15 
14  -4 
-17  -10 
9  5 
-8  57 
9  29 
3  1 
-9  31 
-25  26 
-4  47 
53  -8 
6  -5 
-4  30 
27  -3 
-34  54 
-4  2 
7  3 
-2  -44 
38  -11 
-30  41 
16  5 
10  13 
37  -24 
22  27 
-3  -14 
29  54 
-49  32 
4  -80 
-13  36 
-31  26 
-18  14 
28  25 
33  -7 
-9  85 
11  -3 
18  -8 
-18  9 
-1  -43 
7  29 
-9  13 
18  -6 
30  19 
-20  14 
-12  -2 
-1  20 
-1  19 
-4  46 
-6  11 
-2  46 
21  -3 
-25  -50 
16  68 
22  62 
38  59 
12  34 
-7  -2 
7  14 
-7  3 
-16  17 
-20  30 
-5  45 
19  -16 
-4  14 
3  38 
-7  -21 
-12  34 
18  -5 
11  7 
9  0 
-12  29 
2  -36 
1  4 
36  -13 
-11  51 
-39  51 
35  10 
4  -31 
8  2 
23  38 
30  0 
45  -31 
-14  -10 
-5  12 
-32  12 
20  10 
7  -1 
-6  15 
-1  7 
17  0 
-34  7 
17  12 
33  9 
1  17 
48  20 
21  22 
-14  -9 
39  17 
20  14 
48  11 
3  9 
-10  7 
52  -17 
36  5 
-24  63 
46  35 
29  44 
-38  -17 
8  5 
4  33 
-6  -29 
-20  -14 
-5  31 
-15  5 
49  9 
-7  20 
4  -6 
-21  -20 
20  9 
-28  37 
-2  -2 
-4  13 
14  -4 
-16  -15 
7  9 
-9  57 
10  31 
6  3 
-13  32 
-27  26 
-4  48 
55  -6 
7  -4 
-9  29 
24  2 
-40  58 
-8  2 
2  2 
-7  -42 
38  -12 
-30  39 
17  7 
13  17 
37  -19 
21  26 
-2  -13 
26  54 
-53  34 
4  -80 
-15  40 
-32  23 
-22  14 
27  22 
30  -10 
-11  86 
13  -1 
11  -6 
-17  11 
-1  -42 
6  29 
-7  14 
22  -11 
31  20 
-20  15 
-12  -3 
-1  23 
-1  25 
-6  45 
-9  12 
1  43 
18  0 
-23  -44 
16  69 
26  62 
37  59 
13  30 
-8  -2 
4  17 
-5  -3 
-14  13 
-18  30 
-5  44 
18  -15 
-2  12 
-2  36 
-7  -17 
-17  35 
19  -5 
13  7 
4  0 
-12  27 
2  -35 
-2  4 
36  -15 
-12  51 
-38  51 
36  8 
-1  -26 
7  1 
22  36 
27  6 
46  -30 
-17  -9 
-7  13 
-32  12 
22  7 
8  -6 
-5  14 
-1  5 
18  -1 
-33  7 
21  14 
32  10 
2  17 
47  23 
16  22 
-14  -9 
40  17 
20  15 
47  12 
3  8 
-5  5 
52  -18 
38  8 
-25  67 
43  41 
29  45 
-38  -17 
11  7 
2  35 
-10  -29 
-25  -14 
-10  30 
-16  3 
49  9 
-7  19 
6  -7 
-19  -20 
20  10 
-33  34 
-3  -5 
-4  11 
13  -6 
-16  -15 
5  5 
-8  58 
11  29 
6  3 
-11  34 
-27  25 
-4  50 
56  -5 
6  -5 
-11  31 
23  2 
-40  56 
-7  3 
1  3 
-4  -46 
42  -11 
-30  37 
16  7 
13  17 
35  -19 
20  26 
-3  -14 
26  57 
-56  35 
7  -84 
-14  34 
-35  19 
-22  14 
30  19 
30  -13 
-12  85 
14  -5 
10  -5 
-16  9 
0  -42 
8  29 
-5  12 
22  -10 
30  21 
-20  14 
-11  -2 
-3  19 
0  25 
-9  53 
-10  13 
-2  46 
18  0 
-22  -44 
18  70 
31  60 
41  57 
11  34 
-7  -2 
4  17 
-4  1 
-16  13 
-20  29 
-8  43 
19  -20 
-2  12 
-5  35 
-11  -14 
-13  44 
19  -5 
19  7 
4  0 
-12  30 
2  -35 
-1  2 
35  -16 
-10  50 
-38  50 
35  7 
-2  -26 
8  1 
19  37 
33  6 
46  -29 
-20  -12 
-5  13 
-33  12 
20  10 
12  -8 
-4  13 
0  2 
17  0 
-31  4 
17  16 
34  5 
5  16 
47  24 
12  23 
-16  -7 
39  18 
20  16 
48  12 
3  9 
-7  10 
52  -18 
32  7 
-24  67 
43  41 
28  42 
-43  -22 
10  6 
7  39 
-9  -33 
-23  -14 
-9  30 
-16  3 
49  9 
-8  17 
6  -7 
-17  -22 
23  11 
-32  34 
-3  -5 
-6  11 
11  -9 
-14  -15 
5  5 
-9  57 
13  31 
7  0 
-11  31 
-28  28 
-2  47 
56  -5 
6  -5 
-12  28 
21  2 
-45  56 
-5  1 
-3  3 
-6  -44 
41  -9 
-27  38 
18  8 
13  19 
37  -19 
19  25 
-8  -9 
30  57 
-52  33 
7  -84 
-14  32 
-31  12 
-21  15 
28  20 
31  -15 
-14  89 
13  -6 
13  -7 
-19  13 
-2  -44 
5  30 
-6  12 
25  -11 
29  20 
-19  20 
-12  -2 
-3  19 
-4  22 
-5  52 
-9  12 
-5  50 
19  1 
-22  -41 
18  66 
25  60 
39  60 
11  33 
-8  1 
7  21 
-7  3 
-14  10 
-18  31 
-9  41 
18  -18 
-4  8 
-8  38 
-10  -12 
-12  43 
22  -4 
19  7 
9  6 
-10  30 
-1  -33 
-2  0 
35  -13 
-8  50 
-40  50 
36  5 
-1  -26 
9  5 
20  36 
30  5 
48  -29 
-22  -12 
-2  18 
-31  11 
20  9 
11  -8 
-5  16 
0  6 
17  0 
-33  4 
17  19 
32  3 
4  17 
46  27 
11  25 
-16  -6 
39  21 
19  15 
44  9 
2  10 
-5  9 
51  -20 
27  8 
-24  67 
41  42 
27  41 
-44  -19 
7  9 
6  35 
-5  -36 
-25  -14 
-8  28 
-16  0 
46  10 
1  19 
5  -4 
-20  -26 
22  12 
-34  37 
-7  1 
-4  13 
11  -11 
-15  -15 
4  5 
-7  60 
15  30 
8  1 
-10  28 
-29  27 
-3  50 
57  -5 
7  -5 
-10  21 
23  1 
-40  64 
-8  -3 
-4  6 
-2  -46 
41  -8 
-27  38 
18  10 
16  20 
39  -15 
17  24 
-10  -9 
35  59 
-54  36 
8  -88 
-14  29 
-31  14 
-24  14 
28  24 
32  -16 
-17  91 
13  -6 
15  -8 
-20  15 
-3  -44 
3  30 
-5  14 
21  -9 
34  22 
-19  20 
-12  -2 
-1  20 
-3  21 
-3  49 
-9  14 
-6  46 
12  1 
-17  -43 
16  62 
22  57 
38  59 
10  35 
-11  2 
8  22 
-8  2 
-18  9 
-22  32 
-10  40 
12  -13 
-4  8 
-10  37 
-11  -16 
-13  46 
23  -2 
23  6 
9  6 
-7  32 
0  -31 
-4  2 
33  -14 
-11  54 
-39  50 
38  4 
-5  -27 
11  5 
18  36 
29  4 
49  -29 
-25  -9 
-3  21 
-32  11 
20  10 
12  -10 
-1  17 
1  7 
17  -1 
-31  2 
22  22 
39  2 
6  15 
49  29 
12  23 
-18  -10 
40  18 
19  15 
46  10 
4  9 
-6  3 
50  -19 
26  7 
-23  70 
42  44 
27  41 
-42  -17 
8  1 
4  37 
-5  -33 
-23  -8 
-7  30 
-16  0 
44  10 
5  11 
8  -6 
-20  -25 
22  9 
-30  35 
-6  5 
-7  13 
11  -4 
-11  -15 
7  2 
-7  57 
15  30 
12  4 
-17  21 
-34  26 
-2  49 
57  -4 
6  -4 
-11  18 
26  3 
-41  60 
-9  -3 
-7  5 
1  -49 
43  -10 
-28  38 
18  8 
14  18 
38  -21 
15  25 
-4  -6 
34  56 
-54  32 
10  -90 
-13  28 
-34  14 
-24  16 
27  20 
33  -17 
-12  88 
11  -7 
15  -5 
-20  14 
2  -42 
5  30 
-4  15 
21  -6 
32  19 
-21  14 
-12  -2 
-1  16 
2  23 
-4  47 
-9  14 
-8  46 
10  0 
-20  -43 
13  60 
24  54 
40  56 
8  37 
-10  7 
5  20 
-8  1 
-17  9 
-22  32 
-12  40 
11  -8 
-3  6 
-8  37 
-12  -15 
-15  45 
20  5 
23  6 
7  4 
-13  32 
-1  -33 
-2  -1 
35  -15 
-15  56 
-39  51 
35  4 
-6  -28 
11  5 
14  35 
28  9 
51  -30 
-22  -8 
-6  23 
-25  12 
22  9 
11  -8 
-2  16 
0  6 
17  0 
-35  5 
21  23 
37  6 
5  10 
49  29 
12  22 
-14  -11 
42  14 
20  14 
46  11 
3  9 
-5  1 
51  -19 
26  7 
-21  62 
43  40 
27  39 
-37  -22 
9  2 
1  39 
-4  -32 
-27  -7 
0  30 
-16  1 
49  5 
6  13 
10  -10 
-20  -24 
23  11 
-30  35 
-7  6 
-7  14 
13  -2 
-11  -16 
8  0 
-5  59 
11  29 
12  8 
-18  24 
-29  27 
-2  48 
55  -6 
6  -3 
-12  18 
32  4 
-43  59 
-9  -3 
-7  5 
0  -52 
39  -6 
-28  38 
18  5 
16  15 
38  -18 
15  28 
-4  -6 
35  55 
-60  29 
11  -87 
-7  30 
-33  14 
-27  16 
23  21 
32  -17 
-14  83 
11  -6 
16  -4 
-20  15 
7  -44 
8  28 
-4  13 
24  -7 
32  17 
-22  14 
-13  -3 
4  15 
1  24 
-5  50 
-9  15 
-7  43 
11  0 
-20  -42 
13  59 
26  50 
43  55 
9  34 
-13  8 
6  19 
-8  1 
-16  9 
-22  29 
-13  41 
12  -9 
-4  5 
-7  37 
-11  -14 
-16  45 
16  7 
23  6 
8  1 
-10  35 
-2  -33 
-3  1 
35  -13 
-16  54 
-40  50 
36  2 
-4  -31 
11  5 
16  36 
29  6 
47  -28 
-22  -10 
-4  14 
-24  13 
28  9 
7  -6 
0  18 
1  7 
17  0 
-35  5 
21  22 
35  4 
9  9 
47  26 
13  23 
-12  -9 
39  19 
19  15 
44  9 
3  11 
-5  -6 
50  -21 
27  7 
-14  63 
37  39 
26  35 
-35  -23 
7  2 
3  38 
-2  -32 
-29  -11 
2  31 
-16  0 
44  3 
7  15 
8  -8 
-19  -23 
22  9 
-32  33 
-11  10 
-9  11 
13  1 
-11  -16 
9  3 
-9  57 
16  25 
13  10 
-19  23 
-29  27 
-2  49 
54  -4 
4  -3 
-13  21 
30  6 
-45  61 
-10  -7 
-6  5 
0  -52 
40  -5 
-27  38 
20  5 
18  18 
42  -16 
19  20 
0  -4 
35  58 
-60  29 
10  -86 
-12  28 
-38  16 
-27  19 
23  21 
34  -18 
-9  80 
12  -5 
13  -8 
-23  23 
7  -44 
10  27 
-3  12 
21  -6 
32  17 
-23  16 
-13  0 
1  19 
-2  24 
-3  46 
-7  13 
-8  41 
10  -3 
-19  -40 
15  57 
23  49 
40  54 
9  34 
-14  7 
9  25 
-10  1 
-14  11 
-24  28 
-9  41 
11  -8 
-8  3 
-6  38 
-12  -20 
-18  45 
16  7 
24  5 
8  0 
-6  35 
-2  -28 
-2  2 
37  -14 
-16  54 
-39  52 
36  5 
-7  -34 
11  5 
20  39 
26  7 
49  -29 
-25  -11 
-4  14 
-24  16 
26  9 
7  -4 
1  20 
1  7 
22  5 
-34  3 
29  26 
32  4 
9  9 
47  22 
13  25 
-6  -8 
42  15 
18  14 
41  9 
3  10 
-5  -6 
51  -20 
26  10 
-14  62 
36  40 
24  33 
-34  -24 
8  1 
7  37 
-2  -30 
-29  -7 
3  29 
-15  -2 
44  3 
7  14 
9  -10 
-25  -21 
20  14 
-36  37 
-10  10 
-7  9 
12  2 
-13  -17 
6  4 
-9  57 
16  21 
13  10 
-19  22 
-25  30 
-3  50 
59  -3 
3  -5 
-16  15 
25  10 
-45  61 
-8  -13 
-7  3 
-2  -51 
40  -5 
-23  40 
21  3 
17  19 
42  -18 
16  22 
0  -4 
37  56 
-58  29 
8  -90 
-20  33 
-41  20 
-27  17 
23  21 
33  -20 
-6  76 
12  -3 
11  -8 
-23  24 
8  -42 
11  27 
-1  15 
23  -3 
32  19 
-23  21 
-13  1 
-2  16 
0  20 
-4  47 
-5  11 
-8  43 
10  -3 
-19  -43 
12  58 
22  50 
38  60 
11  34 
-13  5 
3  26 
-8  1 
-13  12 
-29  26 
-10  39 
13  -7 
-12  3 
-7  38 
-10  -19 
-17  42 
10  5 
22  3 
12  1 
-6  36 
-2  -28 
-6  4 
38  -11 
-16  54 
-40  49 
36  7 
-5  -33 
11  5 
20  38 
25  10 
48  -27 
-31  -9 
-5  14 
-22  6 
29  9 
9  -6 
4  17 
0  10 
21  3 
-37  1 
28  25 
32  3 
8  12 
49  25 
20  26 
-5  -10 
42  15 
14  12 
42  9 
2  7 
2  -3 
51  -20 
26  14 
-13  67 
36  36 
22  31 
-24  -29 
9  2 
7  32 
-5  -31 
-29  -11 
3  29 
-12  -6 
44  3 
7  14 
5  -11 
-23  -19 
21  11 
-32  35 
-6  6 
-14  7 
12  -2 
-17  -14 
7  3 
-6  57 
18  14 
11  13 
-18  23 
-24  28 
-1  47 
63  -2 
1  -3 
-20  12 
21  7 
-39  64 
-4  -14 
-6  3 
-2  -50 
39  -6 
-21  40 
21  6 
18  18 
39  -16 
15  24 
3  -3 
36  55 
-60  28 
7  -92 
-20  35 
-41  22 
-23  17 
23  22 
34  -18 
-4  70 
13  -1 
10  -12 
-27  25 
8  -42 
13  30 
-4  14 
23  -5 
32  17 
-23  20 
-12  0 
-6  15 
2  19 
-2  45 
-4  13 
-14  37 
11  -3 
-23  -37 
12  51 
26  49 
39  59 
13  34 
-11  0 
4  25 
-7  3 
-14  11 
-24  25 
-14  43 
13  -7 
-13  4 
-7  40 
-7  -22 
-16  40 
9  6 
26  2 
10  1 
-2  36 
-3  -28 
-14  3 
38  -10 
-20  49 
-38  50 
37  6 
0  -38 
12  5 
22  35 
23  11 
50  -27 
-27  -4 
-5  12 
-21  1 
29  9 
7  -6 
1  19 
0  10 
21  2 
-43  1 
27  24 
33  5 
8  11 
52  22 
18  21 
-4  -9 
40  16 
11  13 
46  11 
4  9 
-2  -2 
52  -19 
24  18 
-11  65 
36  35 
25  30 
-25  -31 
10  0 
8  30 
-4  -33 
-27  -7 
4  25 
-12  -5 
41  1 
5  12 
7  -8 
-26  -18 
19  8 
-36  34 
-6  6 
-11  6 
13  -1 
-17  -14 
8  0 
-1  59 
23  18 
10  10 
-18  22 
-28  27 
-1  47 
60  -2 
1  -3 
-20  15 
22  9 
-38  65 
-10  -12 
-8  3 
-3  -50 
38  -1 
-19  38 
21  7 
16  21 
37  -17 
15  24 
1  0 
35  54 
-62  29 
4  -87 
-19  34 
-40  24 
-28  17 
20  25 
36  -18 
-5  67 
9  0 
13  -11 
-27  27 
8  -42 
10  31 
-7  12 
25  -3 
33  20 
-23  19 
-12  5 
-3  16 
4  20 
-2  42 
-8  12 
-12  34 
12  -6 
-22  -32 
18  52 
21  51 
37  60 
11  34 
-15  5 
6  29 
-7  4 
-12  9 
-18  24 
-11  43 
11  -11 
-13  9 
-6  35 
-6  -24 
-17  41 
6  7 
24  -3 
8  0 
-2  36 
-4  -26 
-11  0 
38  -12 
-18  49 
-37  49 
36  5 
-1  -40 
12  4 
22  38 
26  10 
48  -26 
-28  -3 
-5  10 
-22  -2 
29  9 
4  -5 
1  22 
0  9 
18  6 
-43  1 
27  24 
33  6 
4  12 
52  23 
15  19 
-5  -6 
40  14 
11  12 
47  7 
6  12 
-1  -3 
52  -19 
27  16 
-13  61 
40  35 
23  31 
-22  -33 
8  -2 
9  31 
-4  -31 
-28  -10 
3  26 
-16  -6 
42  3 
9  18 
8  -5 
-24  -20 
19  5 
-34  33 
-2  1 
-13  9 
13  -6 
-18  -16 
4  5 
1  67 
26  18 
13  10 
-16  23 
-31  25 
-1  47 
60  -4 
0  0 
-20  18 
22  10 
-40  65 
-12  -13 
-7  3 
-2  -51 
41  -3 
-17  41 
20  6 
18  24 
36  -18 
14  26 
1  0 
34  55 
-65  27 
5  -88 
-19  31 
-42  22 
-30  17 
19  21 
32  -13 
-4  66 
6  -4 
7  -12 
-29  29 
5  -43 
13  25 
-10  11 
27  -6 
31  17 
-21  18 
-11  4 
-2  19 
8  16 
-3  40 
-9  11 
-7  33 
17  -8 
-25  -31 
18  54 
24  49 
38  60 
11  33 
-14  9 
5  30 
-7  -2 
-13  12 
-19  24 
-12  41 
18  -8 
-10  10 
-3  36 
-6  -24 
-17  42 
6  2 
24  -3 
7  3 
-4  33 
-4  -25 
-10  1 
38  -10 
-17  49 
-34  49 
36  7 
3  -39 
12  9 
19  40 
27  15 
47  -26 
-27  -3 
-5  9 
-22  -4 
28  14 
3  -5 
2  22 
2  10 
20  9 
-44  3 
29  26 
37  6 
4  14 
51  21 
13  18 
-5  -5 
40  16 
15  13 
46  7 
5  12 
-3  -1 
51  -20 
27  21 
-12  60 
41  29 
22  29 
-22  -33 
5  -3 
11  31 
-5  -26 
-29  -8 
5  25 
-16  -5 
42  4 
8  18 
4  -3 
-27  -21 
15  5 
-32  32 
-1  5 
-16  5 
12  -6 
-18  -15 
3  6 
2  67 
24  20 
12  4 
-16  23 
-29  29 
-1  47 
58  -6 
0  0 
-19  18 
26  10 
-41  62 
-11  -15 
-7  3 
-3  -50 
43  -1 
-18  35 
17  3 
19  24 
35  -19 
13  30 
0  -2 
40  54 
-65  27 
7  -88 
-19  34 
-40  17 
-29  17 
16  21 
32  -8 
-4  65 
5  0 
7  -11 
-24  26 
9  -40 
15  24 
-10  10 
31  -6 
32  18 
-23  17 
-11  4 
-3  21 
7  16 
-7  40 
-12  11 
-7  33 
15  -9 
-25  -30 
19  58 
24  49 
35  60 
9  36 
-15  9 
6  31 
-8  -4 
-14  15 
-20  25 
-14  36 
18  -11 
-10  11 
-4  34 
-6  -25 
-19  42 
7  4 
21  -3 
13  3 
-5  34 
-8  -21 
-9  0 
38  -15 
-21  47 
-34  51 
38  8 
8  -37 
13  14 
17  39 
25  17 
48  -29 
-27  -2 
-4  10 
-24  -5 
34  16 
0  -4 
-3  21 
7  8 
22  10 
-44  2 
32  30 
35  7 
6  17 
51  21 
12  18 
-2  -4 
41  19 
18  12 
49  9 
8  12 
-5  1 
50  -19 
28  24 
-13  61 
37  23 
20  29 
-16  -35 
7  -4 
11  34 
-4  -26 
-27  -7 
6  23 
-15  -6 
42  3 
6  14 
4  -3 
-28  -23 
16  5 
-30  31 
-2  4 
-15  5 
13  -8 
-19  -18 
6  10 
1  67 
25  20 
12  3 
-16  23 
-29  30 
0  46 
58  -6 
-4  -4 
-21  14 
27  9 
-41  64 
-11  -16 
-6  2 
-5  -55 
43  -2 
-20  35 
20  -2 
17  26 
34  -22 
11  31 
1  -3 
39  55 
-68  28 
8  -85 
-22  37 
-45  17 
-29  17 
19  21 
35  -8 
-4  66 
7  -3 
11  -13 
-24  28 
8  -39 
15  24 
-8  12 
31  -7 
33  17 
-27  19 
-12  5 
-3  16 
8  18 
-5  40 
-11  11 
-10  33 
11  -11 
-19  -29 
18  58 
22  49 
32  61 
10  37 
-14  2 
0  34 
-9  -5 
-19  10 
-17  26 
-15  38 
14  -14 
-5  10 
-5  33 
-6  -25 
-18  45 
2  4 
19  0 
12  4 
-2  32 
-7  -22 
-8  1 
39  -19 
-22  50 
-34  49 
36  9 
9  -35 
13  14 
18  42 
26  15 
51  -31 
-27  -1 
-2  16 
-27  -8 
34  16 
4  -6 
-3  21 
6  7 
20  10 
-40  -3 
32  31 
31  7 
7  15 
54  25 
15  17 
-5  -8 
40  14 
16  13 
49  11 
7  16 
-1  0 
48  -20 
26  23 
-13  61 
38  19 
22  31 
-16  -35 
9  -11 
11  32 
-5  -29 
-27  -7 
8  22 
-11  -4 
42  2 
6  16 
8  -3 
-28  -23 
18  8 
-26  32 
-4  5 
-16  6 
12  -10 
-23  -16 
2  10 
0  69 
24  20 
12  3 
-16  23 
-27  30 
1  47 
57  -5 
-1  -5 
-19  12 
25  8 
-43  60 
-13  -13 
-5  4 
-4  -53 
42  -1 
-20  40 
19  -2 
18  29 
33  -20 
7  32 
4  -7 
43  55 
-66  26 
6  -87 
-23  37 
-43  19 
-29  17 
21  19 
32  -8 
-4  66 
8  -4 
10  -14 
-23  26 
9  -36 
15  27 
-9  14 
33  -11 
32  14 
-24  20 
-10  2 
4  9 
8  18 
-5  39 
-10  10 
-14  34 
11  -7 
-22  -33 
18  65 
25  49 
34  62 
10  37 
-14  2 
-2  34 
-5  -2 
-10  7 
-17  26 
-17  41 
12  -12 
-5  9 
-4  34 
-5  -27 
-15  45 
1  2 
21  0 
11  0 
-2  32 
-10  -19 
-7  -1 
36  -19 
-22  50 
-35  49 
30  10 
6  -37 
14  15 
17  36 
27  19 
46  -30 
-26  -4 
-5  14 
-24  -11 
36  16 
9  -4 
-4  20 
9  9 
20  9 
-40  -3 
31  33 
31  12 
5  12 
50  28 
20  16 
-7  -6 
38  18 
15  12 
48  16 
4  20 
-1  1 
48  -19 
28  20 
-8  63 
41  18 
23  31 
-9  -35 
5  -10 
12  35 
-7  -27 
-28  -6 
9  23 
-14  -7 
38  5 
8  22 
6  -6 
-27  -23 
19  7 
-28  30 
-4  7 
-18  5 
12  -8 
-19  -13 
4  12 
2  69 
22  16 
12  1 
-16  23 
-27  31 
2  47 
53  -2 
-4  -5 
-19  11 
26  11 
-42  61 
-17  -11 
-2  7 
-6  -51 
45  -2 
-21  40 
17  1 
17  26 
34  -18 
7  34 
4  -6 
43  59 
-71  26 
6  -85 
-24  34 
-43  20 
-28  17 
21  20 
28  -9 
-1  62 
7  0 
8  -12 
-22  29 
6  -36 
14  28 
-9  14 
39  -15 
29  14 
-27  23 
-9  1 
1  12 
6  22 
-5  41 
-9  9 
-13  37 
11  -9 
-24  -32 
14  66 
23  50 
32  58 
10  37 
-14  7 
-2  34 
-6  -1 
-12  5 
-15  25 
-19  42 
11  -10 
-5  10 
-4  30 
-4  -27 
-16  45 
1  3 
19  -2 
10  1 
-2  32 
-13  -17 
-6  -5 
37  -20 
-25  47 
-31  46 
27  12 
5  -40 
16  15 
18  34 
26  15 
44  -31 
-24  2 
-2  10 
-24  -7 
35  18 
7  -1 
-1  15 
9  9 
22  10 
-38  -5 
32  34 
30  13 
3  9 
53  33 
24  14 
-8  -9 
37  19 
8  11 
49  14 
4  20 
2  3 
48  -18 
26  25 
-7  63 
44  17 
22  24 
-9  -35 
6  -10 
8  38 
-5  -26 
-35  -3 
9  24 
-12  -6 
40  8 
7  20 
8  -5 
-23  -24 
19  4 
-29  34 
-6  3 
-19  2 
13  -11 
-19  -13 
6  13 
0  70 
22  17 
12  1 
-15  25 
-30  30 
1  51 
53  -1 
-7  -3 
-17  11 
27  8 
-40  58 
-16  -10 
-4  5 
-8  -52 
41  -2 
-17  38 
18  -3 
18  29 
31  -19 
7  34 
6  -6 
48  60 
-67  21 
7  -83 
-26  36 
-42  19 
-28  22 
21  23 
25  -10 
-4  68 
10  0 
9  -9 
-21  28 
8  -39 
15  29 
-10  15 
40  -14 
26  19 
-28  23 
-13  1 
0  14 
7  16 
-5  41 
-9  9 
-13  46 
8  -8 
-23  -32 
12  67 
22  49 
32  57 
9  38 
-14  7 
-1  38 
-6  -2 
-11  5 
-16  25 
-23  37 
15  -10 
-6  11 
-9  32 
-5  -29 
-17  46 
3  1 
18  -2 
10  1 
3  29 
-12  -17 
-4  -6 
34  -23 
-23  46 
-31  46 
27  12 
4  -40 
18  16 
18  33 
28  12 
46  -29 
-22  1 
-2  6 
-21  -13 
41  23 
8  1 
-2  18 
6  9 
25  9 
-36  -6 
32  32 
27  16 
1  10 
53  34 
24  13 
-4  -7 
39  24 
8  11 
48  13 
-3  21 
-2  4 
47  -13 
27  26 
-7  63 
44  17 
22  25 
-5  -33 
2  -10 
9  38 
-5  -26 
-31  -4 
7  21 
-9  -3 
40  9 
7  24 
6  -5 
-20  -22 
19  8 
-29  29 
-5  4 
-20  3 
12  -13 
-18  -11 
7  15 
-1  75 
22  16 
12  3 
-15  25 
-31  29 
0  52 
55  -2 
-7  0 
-20  10 
25  10 
-37  61 
-16  -11 
-4  9 
-11  -55 
37  -1 
-17  38 
19  -1 
20  26 
32  -18 
7  34 
6  -3 
48  60 
-68  19 
5  -80 
-26  36 
-44  22 
-24  25 
22  22 
26  -10 
-3  70 
9  0 
9  -9 
-19  27 
12  -39 
16  26 
-9  13 
42  -9 
28  24 
-31  23 
-13  -3 
2  14 
6  19 
-5  41 
-7  10 
-14  42 
11  -10 
-22  -30 
6  67 
23  51 
33  57 
12  38 
-13  8 
0  39 
-6  3 
-11  4 
-17  26 
-24  35 
18  -13 
-7  13 
-9  32 
-10  -30 
-16  46 
5  -4 
18  -1 
12  3 
3  31 
-16  -17 
-5  -8 
33  -20 
-25  46 
-31  46 
25  16 
-1  -40 
16  15 
19  34 
31  15 
45  -31 
-22  -1 
-5  1 
-20  -14 
41  23 
4  0 
-3  16 
9  9 
28  11 
-37  -2 
35  31 
23  15 
1  11 
52  30 
26  10 
-7  -6 
40  18 
11  14 
53  13 
0  25 
-2  5 
43  -14 
26  23 
-10  67 
45  19 
21  22 
-4  -35 
0  -11 
7  36 
-8  -28 
-32  -3 
6  22 
-6  -4 
42  9 
7  24 
5  -7 
-22  -18 
23  8 
-29  29 
-4  10 
-22  -2 
8  -12 
-18  -10 
7  12 
-1  75 
22  17 
16  6 
-16  25 
-34  33 
5  52 
59  -3 
-7  -3 
-18  11 
24  9 
-37  63 
-15  -10 
-5  10 
-11  -56 
38  1 
-18  35 
14  -5 
22  24 
33  -17 
10  33 
4  -3 
50  61 
-60  22 
3  -81 
-24  34 
-41  27 
-25  27 
22  23 
26  -11 
-2  72 
9  3 
4  -5 
-19  27 
6  -41 
11  27 
-8  14 
38  -10 
28  23 
-31  20 
-15  -3 
0  14 
8  18 
-3  39 
-7  7 
-17  41 
11  -8 
-23  -30 
7  69 
21  49 
35  53 
13  39 
-13  8 
0  35 
-12  1 
-11  5 
-18  25 
-27  38 
16  -12 
-10  10 
-9  33 
-11  -29 
-17  42 
8  2 
20  -4 
11  5 
2  29 
-16  -17 
-5  -6 
37  -17 
-26  45 
-33  46 
24  13 
-3  -45 
14  16 
18  34 
32  12 
47  -28 
-19  0 
-3  -1 
-19  -13 
42  22 
9  4 
-2  16 
12  8 
26  15 
-40  -5 
36  34 
21  11 
1  9 
55  31 
29  11 
-9  -3 
39  17 
10  10 
51  14 
-4  26 
-1  7 
43  -14 
27  21 
-12  68 
45  20 
21  22 
-3  -33 
1  -8 
7  34 
-8  -30 
-33  -4 
8  23 
-4  -5 
40  8 
7  22 
8  -8 
-20  -22 
23  9 
-25  30 
-4  8 
-22  -1 
9  -10 
-16  -8 
8  11 
-3  72 
22  17 
18  9 
-16  24 
-34  34 
3  58 
61  -2 
-8  -2 
-14  10 
26  16 
-36  65 
-14  -8 
-4  10 
-7  -57 
35  1 
-21  35 
15  -4 
21  23 
36  -13 
11  29 
4  -3 
52  61 
-63  21 
1  -83 
-25  32 
-51  23 
-25  25 
22  24 
29  -11 
-2  72 
8  5 
3  -5 
-16  29 
8  -38 
7  27 
-10  14 
38  -18 
27  23 
-29  20 
-16  1 
0  12 
8  17 
-4  42 
-11  8 
-17  41 
13  -7 
-22  -32 
14  72 
19  44 
34  51 
10  39 
-14  7 
0  36 
-12  1 
-11  6 
-18  25 
-27  37 
18  -10 
-9  10 
-9  32 
-9  -29 
-17  42 
11  7 
18  -2 
12  4 
1  31 
-16  -17 
-5  -6 
38  -16 
-23  39 
-33  44 
24  14 
-1  -42 
14  16 
16  37 
31  15 
47  -28 
-19  -3 
0  6 
-19  -14 
42  22 
9  4 
-8  18 
13  10 
23  21 
-40  -5 
34  42 
18  12 
1  10 
58  35 
28  11 
-7  -3 
48  15 
10  10 
47  14 
-4  26 
-4  8 
45  -15 
23  22 
-13  65 
46  20 
17  26 
-4  -35 
0  -10 
6  35 
-9  -30 
-32  -8 
7  22 
-5  -3 
42  10 
8  22 
4  -3 
-22  -21 
23  11 
-20  29 
-7  8 
-22  -2 
9  -11 
-14  -10 
7  8 
-4  74 
25  17 
18  8 
-11  26 
-34  34 
0  58 
63  -2 
-4  1 
-15  10 
28  18 
-36  64 
-16  -11 
-8  2 
-8  -57 
33  -1 
-20  40 
15  -2 
22  23 
35  -13 
11  27 
6  2 
49  60 
-64  27 
0  -83 
-22  34 
-53  23 
-25  25 
19  25 
29  -15 
-7  72 
7  9 
8  -3 
-14  31 
12  -39 
3  26 
-13  16 
38  -19 
26  24 
-30  19 
-12  0 
-4  13 
5  20 
-4  42 
-14  9 
-19  40 
11  -9 
-22  -37 
17  72 
19  43 
35  52 
7  41 
-14  7 
0  34 
-13  -3 
-10  8 
-18  24 
-28  39 
18  -11 
-8  12 
-9  33 
-11  -29 
-19  42 
8  5 
19  1 
9  2 
-1  33 
-17  -19 
-2  -8 
39  -13 
-21  40 
-34  43 
17  13 
0  -45 
16  15 
12  37 
31  15 
45  -28 
-19  -6 
0  6 
-18  -15 
41  22 
11  4 
-7  18 
14  11 
24  23 
-40  -4 
35  47 
15  14 
0  10 
58  36 
30  10 
-7  -3 
50  13 
11  12 
48  12 
-9  27 
-5  5 
46  -13 
26  22 
-13  69 
46  18 
11  29 
-10  -34 
1  -9 
4  37 
-13  -25 
-33  -8 
9  24 
-2  -3 
43  11 
7  19 
6  -6 
-24  -19 
22  11 
-19  27 
-2  4 
-26  -4 
8  -11 
-16  -11 
13  6 
-5  72 
24  12 
19  8 
-9  25 
-33  36 
-1  59 
63  -2 
-1  -5 
-22  14 
27  17 
-35  67 
-20  -12 
-8  3 
-7  -57 
33  -1 
-21  37 
14  -5 
22  24 
38  -12 
9  31 
12  1 
48  60 
-64  34 
4  -86 
-21  34 
-55  18 
-27  33 
16  25 
29  -15 
-2  70 
9  9 
8  -3 
-17  30 
8  -38 
3  26 
-14  15 
35  -19 
26  29 
-28  18 
-13  4 
-2  9 
1  20 
-3  40 
-18  10 
-20  38 
12  -6 
-21  -38 
16  73 
21  43 
37  46 
7  41 
-18  9 
0  34 
-14  -7 
-11  6 
-15  25 
-29  37 
20  -8 
-9  14 
-7  34 
-12  -29 
-22  43 
10  8 
17  -1 
9  2 
-5  30 
-21  -15 
-5  -6 
34  -18 
-22  42 
-35  38 
16  15 
0  -42 
17  19 
13  37 
28  12 
44  -20 
-19  -11 
0  6 
-18  -15 
42  23 
11  5 
-7  18 
12  3 
26  22 
-42  0 
35  44 
16  10 
0  7 
56  41 
33  14 
-8  -2 
46  14 
9  11 
53  10 
-8  28 
-8  9 
48  -11 
27  22 
-10  66 
47  23 
11  29 
-10  -33 
4  -10 
10  41 
-14  -27 
-32  -9 
9  23 
-1  0 
46  10 
9  20 
10  -9 
-18  -18 
23  11 
-18  27 
3  3 
-26  -4 
9  -11 
-18  -10 
16  6 
-5  72 
26  9 
19  7 
-11  26 
-32  34 
-3  56 
64  -3 
-1  -5 
-19  14 
29  18 
-38  69 
-22  -12 
-9  7 
-5  -61 
33  0 
-23  37 
14  -5 
22  24 
38  -10 
15  31 
13  3 
47  60 
-62  33 
5  -83 
-22  34 
-54  18 
-27  33 
16  29 
27  -14 
-5  67 
6  3 
7  -3 
-15  32 
8  -40 
4  25 
-13  16 
37  -19 
26  31 
-27  19 
-12  1 
-4  14 
2  16 
-5  41 
-17  10 
-20  36 
11  -7 
-19  -36 
18  79 
23  42 
39  46 
9  44 
-16  9 
2  35 
-9  -6 
-11  5 
-16  26 
-29  37 
20  -10 
-9  12 
-10  34 
-14  -33 
-24  48 
10  8 
18  -4 
8  1 
-10  31 
-25  -23 
-5  -12 
35  -19 
-24  45 
-35  36 
15  14 
3  -42 
17  19 
12  37 
29  16 
47  -19 
-20  -12 
-3  8 
-18  -15 
42  23 
9  6 
-7  17 
14  2 
26  23 
-43  1 
35  45 
16  6 
0  6 
61  43 
32  11 
-7  0 
48  15 
10  10 
52  12 
-4  28 
-8  10 
44  -10 
26  22 
-11  69 
51  27 
14  32 
-8  -32 
3  -9 
13  43 
-14  -25 
-33  -5 
10  28 
-2  -5 
46  13 
12  21 
13  -10 
-19  -18 
20  10 
-22  30 
7  8 
-21  0 
6  -10 
-14  -9 
18  4 
-7  73 
26  9 
19  7 
-11  23 
-29  32 
-3  56 
64  -6 
-6  -4 
-17  9 
28  14 
-38  71 
-22  -8 
-10  13 
-4  -70 
32  2 
-23  40 
14  -5 
21  20 
35  -8 
11  29 
12  9 
49  64 
-67  26 
2  -85 
-22  37 
-53  16 
-24  33 
11  30 
27  -14 
-1  61 
8  0 
7  -6 
-18  29 
13  -42 
8  25 
-11  14 
39  -16 
24  29 
-29  20 
-13  5 
-4  14 
0  16 
-4  42 
-19  11 
-23  37 
11  -6 
-22  -42 
17  83 
23  41 
40  38 
15  47 
-21  15 
2  38 
-9  -5 
-13  7 
-17  26 
-29  37 
16  -13 
-12  12 
-7  34 
-13  -31 
-23  46 
6  7 
18  -4 
10  1 
-13  32 
-27  -21 
-9  -10 
34  -18 
-24  46 
-36  40 
15  12 
3  -45 
20  20 
12  39 
29  16 
48  -15 
-22  -20 
-5  7 
-19  -17 
43  21 
9  6 
-5  19 
12  3 
27  21 
-41  4 
32  44 
17  8 
-5  0 
62  44 
29  11 
-7  0 
48  17 
11  9 
50  10 
-7  34 
-9  14 
42  -10 
29  25 
-10  68 
52  26 
15  34 
-7  -29 
3  -10 
12  41 
-18  -23 
-32  -2 
11  27 
-5  -9 
46  15 
13  23 
13  -8 
-18  -18 
22  11 
-22  29 
8  6 
-21  0 
5  -10 
-14  -10 
18  -1 
-4  73 
27  9 
20  6 
-11  24 
-29  35 
-2  57 
61  -9 
-4  -6 
-18  7 
29  14 
-40  70 
-22  -6 
-12  12 
-2  -72 
31  5 
-23  41 
15  -3 
19  18 
34  -9 
13  30 
13  13 
47  64 
-65  24 
4  -86 
-25  41 
-53  23 
-19  34 
11  31 
24  -15 
-3  59 
4  -1 
7  -6 
-18  29 
14  -44 
10  26 
-11  18 
36  -13 
26  29 
-30  19 
-15  5 
-8  22 
-1  15 
-2  47 
-20  9 
-24  43 
9  -7 
-24  -40 
21  82 
24  43 
40  37 
16  49 
-20  14 
0  36 
-9  -8 
-12  11 
-17  26 
-27  37 
13  -14 
-14  14 
-9  33 
-13  -32 
-21  47 
6  7 
18  -2 
10  1 
-13  32 
-27  -22 
-9  -9 
36  -15 
-27  46 
-35  37 
11  12 
7  -46 
17  16 
11  37 
27  20 
44  -17 
-22  -21 
-9  5 
-24  -13 
47  23 
6  3 
-8  22 
8  1 
27  27 
-45  1 
37  48 
23  8 
-3  0 
62  45 
28  12 
-4  3 
44  17 
15  10 
49  11 
-6  35 
-9  14 
41  -13 
32  28 
-13  68 
49  28 
21  40 
-10  -30 
0  -10 
14  36 
-17  -22 
-32  -2 
9  26 
-5  -8 
48  13 
13  23 
12  -11 
-18  -16 
23  9 
-22  29 
5  5 
-24  9 
5  -10 
-14  -9 
18  8 
-5  74 
31  7 
17  7 
-11  24 
-33  35 
-4  54 
58  -6 
-2  -8 
-20  6 
28  14 
-37  70 
-16  -6 
-11  14 
-2  -70 
26  -4 
-22  38 
18  -4 
19  18 
36  -9 
13  30 
13  14 
49  69 
-65  27 
3  -79 
-25  40 
-52  20 
-19  30 
9  33 
25  -14 
-1  60 
11  0 
4  0 
-14  30 
13  -47 
8  26 
-11  16 
33  -15 
26  29 
-29  21 
-16  5 
-8  21 
-1  15 
-1  47 
-21  14 
-21  44 
12  -3 
-25  -36 
21  82 
27  41 
40  34 
13  49 
-20  16 
3  35 
-9  -7 
-8  11 
-17  25 
-28  38 
11  -11 
-13  16 
-9  35 
-15  -31 
-18  49 
6  7 
17  -1 
13  -2 
-9  31 
-26  -24 
-7  -10 
32  -17 
-24  44 
-35  36 
15  10 
5  -50 
22  18 
12  39 
28  16 
44  -17 
-25  -19 
-4  6 
-21  -15 
48  24 
-2  5 
-7  23 
7  1 
30  22 
-46  1 
33  45 
27  8 
-1  0 
62  45 
28  12 
-3  1 
44  17 
18  4 
48  14 
-6  35 
-10  13 
43  -11 
34  22 
-14  64 
48  29 
22  37 
-10  -29 
0  -13 
16  36 
-18  -29 
-34  -6 
7  27 
-3  -8 
46  19 
19  24 
16  -13 
-20  -15 
23  11 
-22  29 
4  6 
-20  6 
6  -10 
-16  -6 
18  6 
-3  76 
27  5 
19  3 
-11  25 
-34  35 
-4  48 
56  -7 
-5  -9 
-18  7 
27  14 
-34  69 
-16  -11 
-11  14 
-2  -70 
25  -2 
-19  38 
16  -6 
21  20 
37  -10 
11  32 
14  11 
47  69 
-65  27 
4  -80 
-25  38 
-52  21 
-20  35 
9  40 
29  -16 
-1  62 
12  2 
6  3 
-14  31 
15  -48 
9  29 
-15  17 
31  -13 
29  22 
-30  21 
-11  6 
-2  22 
0  16 
-1  47 
-22  16 
-24  42 
11  -3 
-25  -36 
22  82 
31  45 
39  35 
11  49 
-22  18 
0  34 
-7  -7 
-12  11 
-17  26 
-27  39 
16  -10 
-16  15 
-5  34 
-16  -35 
-17  48 
6  7 
19  -1 
12  -6 
-7  30 
-26  -24 
-8  -8 
30  -19 
-23  43 
-36  37 
12  3 
3  -49 
27  18 
12  37 
28  18 
44  -17 
-25  -19 
-8  4 
-25  -14 
48  28 
-8  7 
-5  25 
7  -8 
24  25 
-46  1 
31  47 
27  8 
-1  1 
62  44 
31  10 
-4  1 
50  10 
16  7 
48  12 
-6  35 
-10  13 
42  -11 
32  18 
-12  60 
49  26 
20  34 
-11  -30 
2  -10 
18  39 
-17  -30 
-28  -10 
9  25 
-2  -8 
43  18 
17  19 
16  -12 
-19  -14 
20  15 
-24  26 
4  6 
-21  4 
6  -10 
-13  -6 
16  5 
-5  77 
27  4 
18  4 
-14  27 
-31  34 
-5  50 
55  -5 
-11  -9 
-20  9 
26  11 
-40  70 
-19  -11 
-11  9 
-1  -73 
28  -3 
-21  35 
15  -6 
18  18 
38  -6 
11  33 
18  10 
47  66 
-67  27 
7  -77 
-29  37 
-49  20 
-22  37 
12  41 
30  -13 
-3  66 
13  5 
9  4 
-15  30 
16  -51 
6  29 
-13  17 
33  -12 
24  14 
-33  19 
-10  5 
-6  22 
2  16 
-2  47 
-22  23 
-24  42 
13  -2 
-25  -36 
24  80 
34  46 
40  37 
11  49 
-23  20 
-1  34 
-7  -6 
-7  12 
-17  26 
-23  36 
18  -12 
-13  16 
-2  36 
-15  -35 
-19  47 
7  7 
21  0 
12  -10 
-11  31 
-26  -25 
-7  -6 
30  -21 
-18  42 
-38  37 
15  5 
-2  -48 
25  18 
13  37 
26  14 
44  -17 
-19  -14 
-8  3 
-24  -13 
51  34 
-3  6 
-9  25 
8  -6 
24  25 
-46  0 
27  47 
24  9 
-1  -2 
61  43 
30  10 
7  -1 
53  10 
15  6 
49  14 
-3  39 
-14  11 
42  -11 
33  19 
-11  64 
48  21 
16  33 
-12  -28 
2  -10 
23  38 
-17  -31 
-25  -9 
9  26 
-7  -8 
40  16 
18  16 
16  -12 
-22  -20 
20  14 
-27  26 
10  1 
-21  2 
1  -9 
-10  -5 
18  -1 
-8  79 
29  5 
17  3 
-14  27 
-28  34 
-12  47 
55  -6 
-13  -8 
-17  11 
24  12 
-40  75 
-23  -8 
-14  9 
0  -70 
27  -4 
-21  35 
15  -8 
19  17 
38  -3 
11  33 
15  10 
47  69 
-65  24 
9  -77 
-28  37 
-49  21 
-26  36 
12  41 
30  -14 
-4  65 
15  7 
9  2 
-17  26 
18  -50 
5  30 
-12  18 
34  -15 
24  14 
-30  20 
-14  3 
-7  23 
1  19 
-1  47 
-23  20 
-23  41 
15  1 
-26  -37 
24  80 
31  47 
43  35 
10  47 
-24  22 
-2  38 
-4  -6 
-4  15 
-15  25 
-25  39 
18  -11 
-13  15 
-2  34 
-19  -38 
-19  47 
11  9 
21  0 
8  -9 
-11  31 
-29  -23 
-5  -10 
30  -19 
-22  46 
-39  39 
16  6 
0  -51 
27  16 
10  37 
28  13 
43  -18 
-24  -15 
-7  3 
-20  -14 
50  30 
1  2 
-9  25 
6  -5 
22  30 
-46  6 
37  46 
27  11 
-2  -1 
63  46 
30  11 
8  2 
53  10 
18  3 
51  12 
-3  36 
-13  8 
46  -10 
33  18 
-12  60 
50  22 
16  35 
-13  -28 
-2  -6 
23  38 
-17  -31 
-25  -11 
8  26 
-4  -13 
37  20 
14  16 
18  -8 
-21  -17 
20  17 
-28  24 
8  1 
-22  2 
3  -9 
-9  -6 
21  0 
-7  80 
27  9 
16  1 
-11  26 
-28  31 
-14  49 
53  -4 
-16  -11 
-18  11 
26  14 
-40  74 
-22  -11 
-14  11 
-3  -72 
25  -3 
-21  35 
15  -8 
19  17 
38  -4 
11  35 
18  7 
48  68 
-64  28 
2  -78 
-24  40 
-49  20 
-25  34 
12  41 
31  -13 
-2  64 
13  7 
10  0 
-16  23 
18  -50 
2  29 
-11  18 
34  -17 
21  11 
-28  23 
-15  5 
-8  17 
-2  18 
-5  48 
-21  24 
-21  40 
16  2 
-27  -41 
25  80 
33  46 
36  33 
9  45 
-22  25 
0  40 
-3  -8 
-5  17 
-16  25 
-25  41 
18  -12 
-13  15 
0  35 
-19  -37 
-19  47 
11  10 
19  1 
7  -8 
-5  31 
-33  -26 
-2  -12 
27  -18 
-24  41 
-36  34 
20  6 
0  -50 
26  15 
1  39 
29  13 
42  -18 
-28  -17 
-8  2 
-17  -11 
53  30 
1  2 
-10  28 
9  -6 
23  31 
-44  6 
38  50 
28  15 
-3  -1 
63  46 
35  12 
8  1 
51  11 
22  -3 
51  13 
-6  36 
-14  7 
45  -11 
31  20 
-10  61 
54  20 
17  35 
-15  -24 
-6  -5 
22  36 
-18  -30 
-30  -10 
9  25 
-3  -19 
37  20 
16  14 
11  -10 
-19  -14 
18  14 
-26  22 
7  1 
-22  2 
2  -11 
-7  -6 
20  -3 
-5  81 
24  6 
18  -1 
-11  29 
-30  31 
-11  51 
53  -7 
-14  -9 
-16  9 
26  10 
-40  74 
-23  -14 
-14  9 
-5  -70 
26  -6 
-25  37 
11  -8 
23  17 
40  -4 
10  35 
19  7 
47  69 
-65  27 
2  -76 
-24  42 
-52  20 
-23  37 
12  41 
36  -13 
-1  60 
11  7 
6  -2 
-17  21 
16  -51 
0  32 
-13  24 
33  -22 
20  9 
-27  23 
-15  5 
-7  17 
-1  19 
-4  48 
-20  18 
-18  35 
18  0 
-28  -42 
24  80 
35  44 
37  31 
12  48 
-27  25 
1  40 
-4  -5 
0  15 
-16  25 
-27  39 
13  -14 
-11  16 
-4  33 
-19  -37 
-19  47 
11  9 
20  -1 
