Created:October-13-2022 
Coverage:18 
N:20 
NUM-IONS:72 
NSTEPS:15000 
WRITE-PERIODICITY:100 
epsilon:1.71 
22  -28 
-4  1 
10  3 
-33  5 
-17  1 
23  -31 
-3  14 
39  38 
28  15 
-7  16 
-2  30 
-4  19 
-12  4 
0  4 
17  4 
-7  -9 
9  36 
13  -7 
44  30 
21  27 
-4  8 
-18  22 
-3  38 
25  6 
32  14 
-10  16 
-9  -1 
30  9 
-12  32 
7  -4 
-3  5 
-18  0 
5  22 
29  -30 
11  -4 
32  0 
-11  1 
33  -13 
6  8 
29  20 
10  11 
19  14 
-1  26 
11  24 
36  20 
7  21 
-5  33 
38  18 
30  22 
20  5 
31  14 
-2  -15 
-9  6 
19  -13 
26  13 
1  -28 
27  2 
57  31 
24  22 
20  -17 
20  -19 
11  22 
-17  19 
22  -10 
-14  -3 
-14  20 
-8  1 
5  15 
10  -2 
-5  7 
-25  32 
34  21 
22  -28 
-2  1 
10  3 
-34  7 
-20  -4 
22  -30 
1  15 
46  33 
29  16 
-9  17 
-2  30 
-4  19 
-12  4 
0  5 
13  8 
-7  -13 
12  37 
15  -6 
46  30 
26  28 
-3  9 
-17  19 
-3  45 
28  6 
30  16 
-6  19 
-6  -2 
28  8 
-16  27 
5  -2 
-1  6 
-17  0 
6  23 
29  -33 
10  -2 
29  1 
-11  0 
35  -13 
7  5 
30  20 
10  11 
15  13 
-3  27 
11  24 
37  17 
8  22 
-10  33 
40  23 
31  22 
20  4 
30  14 
-1  -13 
-5  6 
17  -16 
28  15 
0  -30 
29  2 
59  31 
24  24 
16  -13 
20  -19 
10  22 
-16  20 
28  -11 
-13  -4 
-15  19 
-8  0 
2  6 
9  -1 
-4  8 
-20  35 
33  16 
15  -27 
-2  0 
9  2 
-31  11 
-23  -8 
20  -30 
3  15 
46  39 
33  16 
-3  17 
-1  31 
-4  19 
-12  4 
-3  4 
9  9 
-13  -15 
15  35 
13  -7 
48  28 
22  26 
-4  7 
-18  19 
-5  48 
27  6 
28  15 
-6  22 
-6  -2 
29  10 
-17  26 
8  -1 
1  6 
-14  2 
2  22 
28  -34 
15  2 
31  1 
-15  1 
38  -14 
16  8 
30  20 
10  11 
13  14 
-2  25 
11  24 
36  14 
8  22 
-10  35 
39  26 
31  22 
22  3 
29  16 
-7  -11 
-5  7 
20  -15 
26  14 
-2  -30 
29  3 
54  32 
22  28 
11  -13 
18  -18 
9  20 
-18  16 
27  -11 
-13  -7 
-14  17 
-9  3 
1  13 
11  -4 
-8  1 
-21  34 
27  14 
13  -24 
-4  6 
9  5 
-33  14 
-20  -10 
16  -35 
9  15 
45  40 
35  15 
-3  13 
-2  30 
-4  19 
-13  6 
-1  5 
9  7 
-15  -14 
15  36 
10  -7 
50  25 
24  24 
-1  6 
-17  21 
-6  48 
28  9 
29  16 
-8  17 
-12  -3 
26  8 
-16  27 
6  -2 
1  13 
-17  -1 
2  22 
26  -33 
16  8 
29  0 
-18  -1 
34  -13 
16  7 
30  20 
10  10 
13  13 
-2  25 
12  24 
33  14 
8  22 
-10  36 
39  29 
29  23 
22  3 
32  14 
-9  -12 
0  5 
18  -22 
23  20 
-1  -29 
29  2 
54  32 
20  24 
8  -16 
20  -19 
6  19 
-19  12 
18  -13 
-10  -5 
-13  5 
-10  2 
0  16 
13  -5 
-8  0 
-20  32 
26  12 
10  -25 
-8  9 
8  4 
-33  13 
-23  -11 
15  -38 
8  15 
43  40 
35  12 
-1  13 
-1  31 
-4  19 
-11  7 
0  3 
10  11 
-14  -14 
17  37 
10  -4 
47  29 
24  24 
-3  5 
-18  26 
-4  47 
26  7 
30  13 
-6  19 
-14  -3 
22  10 
-20  27 
5  -2 
1  14 
-16  2 
2  19 
27  -34 
17  3 
29  1 
-18  0 
33  -17 
13  5 
29  20 
8  8 
14  15 
0  25 
11  24 
34  18 
7  21 
-9  36 
37  31 
30  22 
22  3 
31  17 
-3  -14 
-4  5 
16  -19 
22  22 
-5  -27 
28  2 
54  32 
18  21 
8  -14 
20  -19 
6  19 
-18  8 
16  -16 
-7  -6 
-13  5 
-10  3 
6  15 
16  -4 
-8  1 
-20  36 
32  14 
10  -24 
-4  6 
9  7 
-39  14 
-21  -9 
14  -38 
8  15 
44  42 
34  12 
2  13 
0  30 
-4  21 
-13  6 
-4  5 
11  9 
-13  -15 
20  38 
10  -6 
47  29 
22  28 
-5  2 
-16  27 
-6  40 
27  16 
34  13 
-6  18 
-18  -4 
23  9 
-16  25 
6  -3 
-1  14 
-16  4 
6  19 
30  -35 
20  1 
30  -1 
-16  1 
33  -17 
15  3 
29  16 
8  8 
19  13 
-4  28 
8  26 
33  13 
3  21 
-8  37 
38  30 
28  22 
23  -1 
30  20 
-2  -16 
-3  5 
12  -19 
26  12 
-2  -27 
27  2 
57  27 
17  23 
6  -13 
22  -18 
5  20 
-18  6 
17  -16 
-8  -6 
-1  7 
-11  1 
5  15 
19  -2 
-9  2 
-15  30 
35  13 
13  -26 
-1  7 
10  11 
-35  9 
-22  -10 
14  -38 
0  15 
45  40 
37  10 
-1  13 
-2  33 
-3  18 
-13  5 
-5  13 
15  7 
-12  -14 
20  38 
11  -3 
49  26 
19  26 
-5  3 
-14  26 
-5  42 
30  16 
34  14 
-6  18 
-18  0 
22  10 
-15  26 
2  -8 
-1  18 
-14  3 
5  24 
32  -31 
20  4 
31  -4 
-17  -1 
33  -17 
13  11 
35  15 
8  8 
19  14 
4  27 
6  30 
36  16 
2  22 
-1  31 
40  30 
30  22 
26  -3 
30  18 
-4  -12 
-2  5 
11  -16 
28  15 
-4  -26 
31  2 
56  27 
17  25 
3  -15 
22  -17 
1  13 
-22  3 
18  -19 
-8  -6 
-2  4 
-13  -2 
0  16 
17  -3 
-10  0 
-15  30 
39  10 
4  -25 
-1  6 
9  10 
-39  7 
-23  -17 
15  -39 
-5  15 
46  37 
36  8 
-1  14 
-4  34 
0  18 
-12  6 
-4  7 
14  6 
-14  -12 
23  39 
8  -5 
48  24 
16  24 
2  8 
-13  25 
-3  44 
34  20 
33  13 
-5  22 
-17  0 
20  10 
-14  29 
1  -5 
-2  18 
-15  4 
6  23 
29  -34 
18  4 
23  -5 
-18  -1 
33  -17 
13  10 
37  17 
3  9 
11  15 
-6  28 
0  25 
34  12 
2  22 
-1  31 
39  30 
32  20 
23  1 
34  18 
-10  -10 
-1  5 
11  -16 
25  14 
-5  -27 
29  0 
54  27 
18  25 
4  -15 
22  -17 
0  11 
-25  -4 
16  -20 
-7  -4 
0  4 
-15  -2 
1  14 
18  6 
-8  -2 
-21  27 
40  14 
1  -27 
0  5 
9  10 
-43  11 
-21  -15 
10  -42 
-7  16 
43  35 
38  10 
1  15 
1  36 
-1  18 
-12  8 
-7  7 
9  9 
-20  -4 
27  38 
11  -3 
49  27 
17  24 
2  9 
-12  24 
-2  46 
30  16 
39  14 
-4  25 
-17  0 
21  11 
-13  29 
1  -8 
-4  19 
-16  4 
6  23 
36  -26 
18  2 
23  -4 
-15  3 
33  -17 
17  7 
35  16 
6  17 
10  15 
2  22 
2  28 
34  12 
2  19 
-1  31 
39  27 
28  22 
25  2 
31  16 
-10  -10 
-1  6 
11  -16 
28  15 
-9  -27 
29  2 
55  23 
18  25 
4  -13 
22  -17 
5  6 
-25  -8 
17  -19 
-11  -5 
-2  7 
-11  0 
-3  9 
16  7 
-7  -6 
-26  28 
43  19 
8  -32 
0  4 
8  6 
-41  13 
-23  -14 
11  -44 
-10  15 
42  40 
37  12 
0  10 
3  31 
2  19 
-9  6 
-11  9 
3  6 
-21  -5 
28  39 
10  0 
50  30 
18  25 
2  8 
-13  25 
-4  45 
27  14 
43  15 
-6  27 
-16  4 
26  7 
-14  32 
1  -5 
-4  21 
-19  8 
5  22 
29  -24 
11  7 
28  -5 
-16  1 
35  -18 
16  7 
35  13 
8  17 
10  13 
2  22 
7  29 
34  12 
3  20 
-1  31 
40  25 
29  22 
27  1 
39  14 
-10  -9 
-7  11 
11  -16 
33  15 
-5  -28 
28  2 
53  27 
18  21 
2  -10 
22  -17 
5  6 
-26  -12 
19  -14 
-16  -5 
-5  7 
-13  2 
-4  12 
16  16 
-5  -5 
-33  28 
43  19 
13  -31 
0  3 
7  5 
-47  15 
-20  -16 
10  -40 
-11  16 
42  40 
39  13 
0  12 
2  33 
3  20 
-11  1 
-15  9 
4  4 
-14  -3 
26  39 
8  -3 
47  29 
14  22 
6  7 
-12  24 
-4  47 
20  14 
40  18 
-6  28 
-18  9 
28  6 
-12  35 
1  -8 
-4  21 
-18  6 
6  23 
31  -24 
13  11 
36  -6 
-14  8 
33  -17 
16  5 
32  14 
3  18 
10  13 
2  22 
5  22 
31  9 
5  18 
-3  31 
41  27 
28  22 
25  0 
39  11 
-12  -12 
-8  8 
11  -16 
34  14 
-5  -27 
27  2 
56  28 
17  17 
2  -10 
22  -17 
6  6 
-24  -14 
19  -13 
-14  -5 
-1  5 
-11  0 
-1  14 
19  18 
-4  -4 
-36  22 
43  19 
16  -35 
0  5 
7  6 
-43  19 
-23  -16 
9  -44 
-7  16 
46  38 
42  9 
-1  11 
6  35 
4  20 
-12  2 
-15  6 
2  8 
-10  -2 
26  37 
8  -2 
48  28 
15  20 
6  8 
-13  25 
-9  47 
20  10 
44  16 
-1  20 
-16  7 
30  11 
-21  34 
3  -9 
-4  20 
-17  9 
6  23 
25  -25 
13  11 
32  -5 
-12  9 
35  -18 
16  7 
35  13 
2  19 
13  13 
4  24 
4  26 
36  8 
3  21 
-7  28 
46  27 
31  22 
31  -3 
36  16 
-11  -10 
-8  8 
11  -16 
28  15 
-5  -24 
23  0 
59  26 
18  18 
2  -10 
22  -17 
3  7 
-22  -14 
17  -13 
-14  -8 
-2  3 
-10  0 
6  14 
20  14 
0  -8 
-37  19 
42  22 
18  -30 
-4  7 
8  6 
-40  18 
-22  -14 
12  -42 
-11  16 
46  37 
46  9 
0  10 
8  37 
4  24 
-11  2 
-14  10 
6  7 
-10  -2 
21  32 
8  -2 
48  29 
16  19 
7  5 
-13  26 
-12  48 
19  10 
46  18 
-1  20 
-18  8 
31  9 
-25  36 
7  -11 
-5  23 
-17  8 
6  23 
23  -25 
12  9 
31  -3 
-11  10 
36  -17 
23  5 
33  13 
3  20 
11  15 
4  22 
5  26 
40  5 
3  21 
-7  27 
48  24 
31  22 
36  -6 
36  16 
-10  -9 
-3  6 
11  -16 
28  15 
-4  -28 
25  -2 
62  26 
20  16 
3  -9 
22  -17 
3  7 
-20  -17 
16  -12 
-9  -4 
0  4 
-14  -1 
4  15 
20  12 
5  -10 
-35  22 
42  22 
19  -26 
-6  8 
7  5 
-45  16 
-23  -15 
9  -43 
-11  20 
46  34 
48  9 
-5  12 
5  35 
4  27 
-10  2 
-19  8 
5  10 
-10  0 
22  33 
11  -4 
45  26 
16  21 
7  6 
-12  26 
-12  44 
18  10 
46  17 
-1  26 
-18  7 
33  9 
-28  34 
8  -12 
-7  25 
-18  8 
6  23 
16  -21 
10  6 
36  3 
-14  9 
34  -18 
22  6 
39  13 
3  19 
11  17 
3  20 
4  21 
37  3 
2  20 
-5  27 
50  23 
31  22 
33  -4 
33  13 
-11  -10 
-2  7 
9  -18 
35  15 
-3  -28 
25  2 
58  22 
27  13 
-1  -10 
22  -17 
3  6 
-20  -16 
11  -12 
-10  -4 
0  5 
-17  -3 
3  15 
17  16 
2  -10 
-32  22 
42  22 
13  -27 
-1  6 
6  7 
-47  14 
-26  -18 
10  -42 
-11  18 
45  32 
48  8 
-3  10 
7  33 
-3  29 
-6  7 
-19  7 
8  9 
-11  0 
21  35 
13  -5 
47  29 
15  21 
7  5 
-13  26 
-9  49 
14  12 
47  14 
-1  28 
-19  11 
33  8 
-30  33 
12  -11 
-3  23 
-21  14 
6  23 
16  -19 
8  6 
37  4 
-11  9 
36  -21 
24  6 
35  15 
1  12 
8  15 
2  19 
6  21 
37  5 
3  21 
2  28 
50  23 
31  22 
30  0 
32  16 
-10  -9 
-2  12 
8  -18 
35  14 
-3  -21 
24  4 
60  21 
25  18 
-1  -9 
22  -17 
-1  7 
-20  -16 
16  -12 
-9  -5 
-4  7 
-22  -7 
5  19 
17  17 
4  -9 
-31  23 
42  22 
14  -27 
-1  4 
8  9 
-51  16 
-25  -17 
11  -41 
-10  19 
46  34 
46  7 
-1  11 
3  31 
-1  33 
2  8 
-15  6 
9  7 
-13  -2 
23  36 
14  -5 
47  29 
16  21 
7  5 
-14  23 
-9  49 
15  6 
46  17 
-6  32 
-20  10 
34  2 
-29  36 
17  -15 
-8  29 
-21  14 
5  23 
22  -13 
8  6 
42  9 
-12  13 
36  -21 
23  1 
36  16 
2  10 
8  17 
2  20 
8  22 
35  7 
4  20 
2  26 
51  22 
30  23 
30  2 
30  18 
-7  -10 
-4  8 
9  -18 
33  13 
-5  -18 
23  -1 
59  28 
25  22 
-1  -14 
22  -17 
-6  8 
-20  -15 
18  -15 
-12  -5 
-8  6 
-29  -12 
5  20 
17  19 
1  -6 
-31  21 
42  22 
13  -26 
0  4 
10  11 
-45  13 
-27  -17 
13  -44 
-10  19 
49  35 
53  8 
-1  11 
0  34 
-1  38 
5  10 
-11  9 
8  8 
-18  -6 
21  35 
10  -4 
42  26 
14  18 
8  6 
-11  22 
-6  48 
15  7 
46  14 
-7  33 
-20  10 
35  3 
-26  39 
15  -18 
-7  29 
-20  16 
5  22 
25  -14 
7  5 
42  8 
-14  13 
37  -21 
22  -1 
36  16 
3  6 
5  18 
5  20 
6  23 
36  7 
3  19 
1  27 
52  20 
31  22 
29  3 
30  18 
-5  -4 
-4  8 
10  -17 
28  18 
-6  -18 
25  -1 
59  26 
27  26 
-7  -10 
22  -18 
-9  6 
-23  -19 
14  -13 
-14  -3 
-5  8 
-31  -13 
8  22 
20  21 
1  -6 
-28  21 
42  20 
13  -26 
-5  3 
10  11 
-43  12 
-27  -17 
16  -46 
-13  18 
46  37 
54  12 
-2  12 
-1  31 
5  35 
-3  6 
-17  9 
8  8 
-23  -9 
20  36 
10  -5 
40  30 
14  19 
8  6 
-14  20 
-5  47 
20  7 
41  14 
-5  36 
-18  8 
36  7 
-26  40 
14  -18 
-6  26 
-15  20 
6  19 
25  -14 
8  4 
42  6 
-18  13 
37  -25 
22  0 
37  16 
2  9 
3  21 
8  18 
6  23 
34  8 
-1  13 
0  24 
52  20 
28  22 
29  0 
29  16 
-7  -4 
-3  5 
10  -17 
27  14 
-7  -15 
25  2 
59  25 
28  25 
-5  -12 
22  -18 
-9  2 
-22  -19 
12  -11 
-14  -5 
-3  7 
-34  -12 
13  20 
20  21 
7  -7 
-29  17 
39  14 
15  -27 
-1  7 
8  8 
-47  14 
-29  -14 
11  -48 
-18  23 
46  32 
58  12 
-8  18 
-3  33 
8  35 
-4  4 
-12  6 
15  7 
-26  -12 
21  32 
10  -6 
35  35 
14  18 
8  4 
-12  22 
-4  45 
19  6 
39  11 
-7  36 
-18  10 
40  3 
-20  44 
16  -21 
-3  25 
-18  19 
6  19 
22  -12 
7  5 
44  4 
-13  9 
39  -27 
23  0 
40  18 
2  12 
3  19 
7  16 
4  21 
26  6 
-2  18 
-4  26 
53  23 
29  20 
30  -2 
26  16 
-7  -7 
-2  10 
11  -18 
26  17 
-4  -13 
25  0 
59  25 
29  26 
-2  -14 
26  -17 
-11  3 
-24  -20 
20  -15 
-13  -7 
0  10 
-32  -15 
14  22 
18  21 
2  -6 
-29  16 
41  11 
13  -26 
-2  5 
8  9 
-49  14 
-32  -14 
12  -46 
-18  23 
46  32 
58  13 
-7  16 
-10  35 
8  35 
-4  5 
-11  6 
16  6 
-32  -12 
26  36 
13  -7 
37  37 
14  18 
8  4 
-16  15 
-6  48 
17  9 
37  12 
-9  35 
-18  10 
36  0 
-16  49 
19  -22 
-3  23 
-17  19 
3  21 
21  -14 
5  6 
44  4 
-14  10 
39  -27 
22  2 
36  16 
-1  14 
2  19 
7  14 
2  20 
22  8 
-1  21 
-7  25 
55  23 
29  21 
31  -3 
28  14 
-3  -6 
-2  10 
11  -16 
25  15 
-3  -15 
30  -4 
60  25 
25  22 
-1  -13 
25  -17 
-14  -1 
-26  -20 
15  -18 
-13  -7 
0  10 
-34  -13 
14  22 
20  24 
0  -4 
-31  20 
41  12 
13  -26 
-4  7 
6  10 
-50  15 
-31  -14 
15  -44 
-18  23 
40  35 
59  15 
-9  16 
-12  33 
10  36 
1  6 
-19  7 
19  6 
-30  -10 
26  37 
9  -10 
37  39 
16  19 
8  4 
-17  19 
-9  47 
17  9 
39  11 
-7  33 
-17  9 
30  -2 
-13  49 
18  -22 
0  24 
-17  21 
7  18 
21  -10 
7  6 
44  4 
-13  14 
35  -27 
22  2 
36  16 
6  12 
3  20 
7  13 
5  20 
17  5 
0  21 
-7  28 
53  23 
31  22 
30  0 
26  14 
-2  -10 
-5  12 
11  -16 
25  15 
-4  -19 
28  -6 
56  25 
24  15 
0  -15 
22  -20 
-10  2 
-26  -21 
15  -17 
-14  -1 
0  10 
-34  -13 
15  22 
15  27 
0  -2 
-33  21 
41  12 
17  -21 
-9  6 
6  6 
-50  13 
-33  -14 
15  -46 
-18  23 
37  29 
61  12 
-9  14 
-10  38 
10  39 
2  5 
-13  9 
17  5 
-31  -14 
27  34 
9  -10 
34  42 
16  19 
8  6 
-14  17 
-12  48 
19  13 
37  7 
-10  35 
-21  10 
25  -2 
-12  49 
17  -24 
-4  27 
-15  20 
6  23 
23  -12 
3  6 
47  5 
-18  8 
40  -30 
22  2 
36  16 
2  18 
3  17 
9  16 
6  19 
14  7 
0  24 
-10  31 
53  23 
30  23 
30  0 
27  13 
-2  -10 
-3  12 
10  -14 
20  16 
-7  -24 
27  -1 
59  27 
25  14 
-3  -17 
23  -20 
-9  2 
-26  -22 
15  -17 
-15  -1 
-1  6 
-35  -14 
15  22 
16  25 
-5  -4 
-30  22 
42  10 
20  -22 
-7  3 
2  8 
-47  13 
-31  -10 
16  -44 
-18  23 
35  33 
67  14 
-6  12 
-9  37 
16  34 
6  10 
-13  13 
14  8 
-32  -16 
30  34 
17  -10 
34  42 
16  21 
7  6 
-18  20 
-12  49 
17  16 
38  5 
-10  33 
-18  13 
30  -1 
-13  49 
22  -26 
-1  27 
-15  23 
5  22 
22  -11 
3  9 
46  7 
-21  4 
40  -30 
22  2 
35  16 
1  12 
2  19 
10  15 
1  15 
9  8 
-4  25 
-10  31 
52  20 
29  23 
32  -2 
24  11 
-7  -6 
-1  13 
16  -12 
20  16 
-8  -26 
26  -1 
62  26 
20  13 
-3  -21 
25  -20 
-12  2 
-26  -22 
15  -18 
-12  -1 
-3  4 
-32  -14 
15  23 
20  27 
-7  -4 
-30  18 
42  10 
17  -23 
-6  6 
2  7 
-46  12 
-33  -14 
16  -44 
-18  23 
35  35 
68  13 
-4  8 
-7  34 
20  36 
8  9 
-14  17 
13  3 
-32  -14 
32  34 
20  -10 
33  45 
16  19 
5  6 
-13  22 
-9  49 
14  15 
34  7 
-9  37 
-13  14 
30  0 
-7  48 
22  -27 
-3  25 
-14  23 
5  20 
26  -8 
4  4 
45  2 
-26  2 
42  -34 
22  2 
35  16 
-3  11 
0  18 
9  16 
1  18 
13  11 
-5  27 
-10  30 
52  20 
29  20 
33  -4 
19  11 
-7  -7 
-1  10 
18  -17 
24  11 
-12  -25 
26  -1 
58  25 
20  9 
-4  -19 
22  -21 
-12  2 
-26  -22 
18  -16 
-15  -2 
-1  5 
-31  -10 
14  19 
22  28 
-4  -8 
-30  18 
43  8 
24  -20 
-5  3 
2  9 
-46  12 
-32  -14 
17  -44 
-18  23 
35  36 
61  12 
-6  5 
-7  36 
26  36 
11  9 
-18  20 
13  3 
-28  -11 
33  34 
23  -12 
36  45 
15  18 
5  6 
-14  19 
-5  45 
19  10 
34  6 
-10  40 
-21  14 
30  3 
0  44 
26  -31 
-1  25 
-14  23 
6  17 
27  -7 
4  2 
45  2 
-25  2 
44  -36 
22  2 
32  14 
-4  12 
2  10 
11  17 
-5  13 
15  7 
-1  26 
-11  31 
51  18 
29  23 
29  -4 
20  10 
-10  -7 
-3  10 
18  -14 
19  8 
-12  -25 
30  2 
57  25 
19  7 
-9  -24 
23  -20 
-9  2 
-21  -20 
18  -20 
-15  0 
-4  7 
-33  -14 
10  19 
15  31 
-7  -9 
-26  20 
48  8 
23  -20 
0  5 
2  8 
-48  14 
-32  -16 
16  -44 
-18  22 
34  32 
62  17 
-5  3 
-11  36 
27  29 
11  7 
-12  19 
13  3 
-31  -10 
35  33 
23  -14 
31  48 
17  24 
7  6 
-16  22 
-4  46 
20  10 
37  7 
-11  40 
-21  13 
30  2 
0  44 
23  -28 
-4  25 
-15  23 
3  19 
25  -8 
3  1 
46  3 
-25  2 
45  -38 
22  0 
30  14 
-6  15 
6  8 
13  13 
-5  16 
11  4 
-2  23 
-10  31 
52  18 
29  21 
31  -3 
22  6 
-12  -5 
2  11 
17  -15 
21  11 
-14  -28 
27  1 
55  27 
16  7 
-9  -24 
22  -21 
-9  2 
-24  -21 
17  -19 
-18  -4 
-1  7 
-34  -13 
14  18 
18  30 
-6  -12 
-23  17 
50  5 
25  -17 
-2  6 
4  14 
-50  13 
-29  -11 
16  -44 
-18  23 
35  33 
57  16 
-5  2 
-7  33 
30  28 
13  7 
-15  20 
13  3 
-32  -11 
38  30 
20  -13 
36  47 
16  25 
8  4 
-12  22 
-3  46 
19  11 
39  7 
-10  38 
-27  14 
32  1 
0  44 
25  -26 
-3  24 
-15  22 
2  16 
22  -10 
2  2 
42  0 
-21  6 
44  -36 
23  0 
26  15 
-1  13 
7  9 
21  14 
-7  16 
11  4 
0  25 
-11  31 
51  17 
31  21 
32  -6 
25  6 
-10  -4 
2  8 
18  -13 
20  10 
-19  -24 
30  2 
57  25 
16  8 
-9  -24 
23  -21 
-10  3 
-24  -19 
20  -25 
-19  -10 
3  8 
-31  -10 
12  16 
17  29 
-5  -13 
-19  12 
50  5 
22  -20 
-1  4 
1  13 
-48  14 
-27  -10 
15  -45 
-18  23 
34  32 
59  13 
-4  1 
-5  36 
27  25 
13  3 
-17  20 
15  3 
-32  -7 
38  30 
18  -15 
39  46 
17  24 
8  5 
-10  23 
-1  48 
20  12 
36  5 
-11  42 
-23  10 
34  0 
3  47 
27  -27 
-5  27 
-16  22 
1  12 
22  -14 
2  2 
46  -6 
-23  5 
43  -39 
26  3 
26  12 
-1  11 
7  9 
23  8 
-10  19 
12  4 
0  25 
-9  29 
54  18 
28  22 
33  -4 
23  11 
-10  -2 
6  9 
16  -12 
20  10 
-17  -21 
30  2 
61  26 
14  8 
-11  -20 
26  -21 
-10  0 
-24  -21 
21  -25 
-23  -12 
4  4 
-38  -10 
25  15 
19  30 
-4  -13 
-20  14 
56  14 
23  -20 
-3  2 
2  12 
-42  14 
-26  -12 
13  -44 
-18  23 
34  32 
60  14 
-5  2 
-3  36 
28  29 
15  3 
-17  21 
16  2 
-29  -3 
39  30 
15  -13 
40  44 
19  26 
4  11 
-9  24 
-4  45 
22  14 
38  3 
-12  42 
-25  13 
29  0 
4  49 
23  -30 
-3  26 
-15  22 
4  20 
26  -13 
2  2 
49  -4 
-22  7 
45  -41 
26  3 
26  12 
1  10 
2  6 
23  9 
-14  19 
11  2 
0  25 
-10  31 
54  18 
27  21 
35  -4 
21  12 
-7  -7 
2  7 
13  -13 
20  10 
-13  -27 
31  1 
62  28 
10  9 
-11  -19 
26  -20 
-11  -3 
-25  -21 
18  -22 
-19  -14 
4  4 
-41  -6 
26  17 
19  31 
-4  -12 
-20  16 
51  13 
23  -21 
0  4 
0  14 
-43  12 
-25  -7 
17  -50 
-18  22 
30  34 
60  16 
-5  3 
-4  39 
37  26 
14  7 
-18  20 
14  2 
-27  -4 
39  30 
22  -13 
36  45 
17  24 
5  11 
-9  24 
-4  43 
21  14 
38  5 
-9  42 
-22  10 
29  0 
6  53 
25  -36 
0  23 
-18  19 
3  20 
28  -11 
4  -1 
50  -7 
-24  7 
45  -41 
26  3 
28  15 
8  5 
5  6 
21  10 
-8  18 
7  2 
-2  23 
-10  30 
49  16 
28  22 
35  -4 
19  14 
-10  -2 
4  2 
16  -12 
20  10 
-8  -26 
26  -1 
62  26 
7  9 
-11  -18 
23  -19 
-6  -6 
-24  -19 
22  -28 
-14  -13 
5  2 
-43  -9 
23  15 
19  31 
-1  -13 
-19  12 
50  16 
21  -26 
-2  3 
2  13 
-47  16 
-26  -7 
23  -49 
-18  22 
31  37 
67  18 
-7  3 
-3  41 
37  25 
14  8 
-20  16 
14  2 
-25  -7 
41  31 
22  -11 
38  50 
14  27 
4  6 
-11  25 
-2  46 
21  15 
40  9 
-9  44 
-18  10 
32  1 
6  57 
21  -34 
-1  26 
-16  15 
3  20 
28  -11 
5  0 
50  -7 
-25  7 
48  -41 
22  3 
35  16 
7  5 
6  7 
23  7 
-7  15 
10  2 
-4  21 
-8  29 
44  13 
31  22 
38  -7 
16  16 
-11  -4 
5  2 
18  -15 
23  14 
-7  -27 
27  -7 
63  24 
8  8 
-11  -18 
22  -21 
-7  -6 
-23  -16 
25  -26 
-14  -10 
4  1 
-41  -7 
22  8 
19  31 
-1  -12 
-20  13 
45  10 
22  -23 
-2  5 
1  14 
-45  13 
-27  -5 
19  -53 
-25  22 
30  36 
68  18 
-7  3 
0  41 
36  27 
16  8 
-17  15 
15  3 
-24  -8 
39  33 
25  -10 
38  53 
12  27 
-4  6 
-14  27 
-6  47 
22  20 
40  10 
-11  40 
-18  19 
32  0 
3  61 
22  -30 
-4  19 
-19  12 
-1  18 
35  -13 
8  2 
49  -10 
-28  9 
43  -41 
22  9 
34  12 
9  6 
7  9 
25  6 
-9  17 
10  3 
-2  21 
-1  26 
46  12 
30  22 
40  -5 
15  16 
-10  -7 
5  2 
20  -15 
21  15 
-3  -26 
29  -4 
66  23 
9  8 
-6  -22 
24  -16 
-7  -6 
-21  -16 
27  -26 
-18  -12 
5  0 
-38  -4 
16  5 
15  35 
-3  -15 
-22  10 
46  19 
21  -25 
-2  0 
-2  10 
-43  14 
-29  -4 
16  -55 
-24  21 
31  37 
69  17 
-7  3 
0  41 
34  28 
15  2 
-13  13 
19  5 
-20  -10 
37  30 
21  -8 
39  51 
11  24 
-13  9 
-13  25 
-2  43 
23  19 
40  15 
-10  43 
-18  20 
30  -4 
6  63 
21  -34 
-8  18 
-19  11 
-4  20 
36  -13 
10  -1 
45  -14 
-33  6 
45  -42 
24  8 
35  10 
14  7 
6  7 
23  9 
-10  18 
10  2 
3  20 
-3  29 
43  21 
31  22 
40  -8 
15  16 
-12  -5 
4  4 
11  -12 
14  13 
-5  -28 
31  -2 
63  26 
9  9 
-6  -20 
24  -18 
-7  -6 
-21  -14 
29  -24 
-12  -11 
5  0 
-39  -7 
17  5 
13  36 
-4  -12 
-31  10 
49  22 
18  -26 
-1  0 
-3  10 
-45  13 
-37  -5 
19  -53 
-24  21 
29  40 
72  14 
-2  5 
-3  45 
36  25 
15  7 
-18  16 
20  5 
-16  -15 
37  32 
19  -5 
38  50 
12  24 
-12  9 
-16  27 
-5  39 
22  20 
41  12 
-7  40 
-15  19 
30  -5 
5  62 
20  -36 
-11  16 
-19  13 
-3  29 
38  -11 
10  3 
44  -16 
-33  6 
47  -44 
20  14 
30  8 
8  6 
7  5 
25  9 
-9  16 
8  2 
2  22 
-1  33 
46  23 
30  18 
40  -8 
8  15 
-20  -4 
2  10 
14  -12 
14  12 
-5  -28 
34  -2 
62  28 
8  4 
-10  -24 
26  -23 
-7  -7 
-23  -17 
27  -26 
-14  -8 
8  -2 
-43  -6 
25  11 
13  34 
-1  -14 
-30  11 
47  22 
16  -26 
0  1 
-5  8 
-42  10 
-35  -9 
17  -54 
-22  21 
30  40 
71  15 
-3  3 
0  45 
39  27 
14  6 
-19  12 
17  4 
-24  -13 
46  29 
17  -9 
36  46 
8  28 
-9  8 
-14  27 
-5  43 
23  20 
42  13 
-9  33 
-12  18 
34  -13 
5  63 
16  -35 
-12  17 
-18  17 
-4  28 
36  -8 
10  2 
43  -16 
-33  6 
45  -45 
20  16 
28  6 
7  9 
5  6 
21  7 
-9  16 
11  2 
2  22 
-1  34 
46  23 
31  19 
40  -10 
10  13 
-25  -5 
2  10 
15  -13 
19  13 
-3  -30 
33  3 
65  30 
7  5 
-9  -23 
21  -24 
-7  -6 
-27  -15 
27  -26 
-13  -7 
10  -2 
-42  -5 
22  8 
14  34 
-7  -7 
-31  10 
48  22 
20  -24 
0  1 
-2  6 
-42  10 
-41  -9 
18  -53 
-24  21 
29  40 
67  13 
-8  1 
0  44 
36  25 
12  9 
-12  15 
20  3 
-25  -18 
49  29 
12  -4 
40  45 
10  31 
-7  7 
-14  27 
-7  48 
23  21 
40  12 
-14  34 
-14  18 
37  -9 
4  61 
16  -41 
-10  20 
-15  20 
-4  27 
34  -8 
11  4 
44  -16 
-32  6 
46  -41 
26  13 
28  4 
8  8 
5  6 
19  6 
-10  16 
10  2 
2  22 
7  34 
46  23 
32  18 
39  -10 
10  13 
-23  -6 
5  7 
17  -16 
19  13 
-4  -24 
34  2 
66  30 
7  6 
-8  -27 
21  -28 
-5  -6 
-31  -10 
23  -25 
-14  -8 
10  -1 
-47  -7 
28  9 
13  34 
-7  -4 
-35  10 
51  22 
22  -26 
0  1 
-1  6 
-42  13 
-42  -11 
19  -49 
-23  21 
30  42 
71  16 
-8  0 
-2  44 
37  25 
16  7 
-14  14 
19  7 
-22  -13 
55  26 
12  -7 
40  45 
9  26 
-6  8 
-18  28 
-4  45 
22  19 
41  15 
-18  36 
-14  17 
42  0 
3  59 
18  -35 
-11  20 
-16  15 
0  24 
35  -7 
11  2 
42  -14 
-33  5 
50  -41 
25  10 
28  4 
7  9 
6  7 
18  6 
-10  16 
10  3 
2  22 
1  36 
47  22 
30  20 
40  -10 
13  16 
-20  -2 
1  12 
17  -16 
19  14 
-4  -26 
34  -1 
69  30 
7  6 
-12  -27 
21  -29 
-2  -8 
-24  -14 
26  -20 
-14  -10 
11  -3 
-48  -6 
30  11 
13  33 
-8  -4 
-36  11 
49  22 
23  -29 
-1  6 
3  6 
-34  17 
-40  -10 
19  -49 
-21  18 
30  42 
72  14 
-6  4 
0  41 
33  22 
14  8 
-13  14 
21  7 
-20  -15 
56  28 
10  -1 
40  44 
14  26 
-3  6 
-18  25 
-7  45 
24  25 
37  12 
-17  39 
-14  19 
42  0 
3  60 
19  -39 
-11  21 
-18  8 
-7  27 
37  -10 
11  2 
43  -12 
-33  6 
50  -42 
26  8 
28  6 
7  9 
5  6 
16  7 
-9  15 
10  3 
2  23 
0  36 
45  22 
29  23 
42  -10 
14  12 
-24  1 
-5  16 
15  -17 
22  22 
-7  -27 
33  -4 
76  26 
6  6 
-12  -27 
21  -27 
-4  -4 
-23  -16 
29  -21 
-14  -13 
12  -2 
-50  -7 
30  10 
11  34 
-10  -4 
-33  13 
49  22 
26  -33 
-3  4 
3  9 
-32  18 
-38  -10 
23  -45 
-19  19 
28  42 
73  13 
-5  3 
3  39 
34  22 
15  7 
-16  14 
16  5 
-17  -12 
57  26 
11  -3 
38  41 
18  25 
-3  5 
-18  28 
-9  46 
26  23 
32  14 
-17  41 
-16  21 
40  -6 
2  59 
19  -40 
-16  19 
-14  15 
-8  29 
40  -10 
11  4 
42  -14 
-35  6 
47  -38 
27  10 
28  9 
7  5 
9  8 
19  7 
-11  22 
11  2 
2  23 
2  37 
45  22 
30  23 
41  -8 
14  12 
-24  -1 
-4  16 
15  -18 
22  22 
-6  -26 
33  -2 
80  24 
8  8 
-14  -28 
19  -26 
0  -2 
-24  -12 
28  -25 
-12  -10 
14  -2 
-50  -4 
28  4 
9  29 
-7  -4 
-33  13 
50  20 
23  -32 
-2  3 
4  14 
-37  19 
-47  -6 
23  -39 
-13  22 
28  42 
75  12 
-4  5 
6  39 
34  27 
17  4 
-8  18 
16  6 
-20  -7 
53  23 
10  -1 
35  43 
20  24 
-2  7 
-18  29 
-12  45 
24  24 
31  16 
-15  40 
-16  22 
45  -8 
2  59 
17  -41 
-17  20 
-13  13 
-4  27 
40  -10 
12  4 
48  -14 
-43  5 
43  -46 
28  8 
34  8 
8  4 
6  7 
15  7 
-11  22 
9  3 
5  22 
6  37 
45  23 
31  22 
43  -9 
12  14 
-24  -1 
-7  16 
17  -14 
22  20 
-10  -27 
36  1 
80  21 
13  9 
-14  -28 
18  -30 
-1  -7 
-30  -15 
24  -20 
-10  -9 
14  -2 
-50  -4 
27  6 
9  30 
-4  -4 
-32  15 
50  23 
23  -31 
-5  3 
7  13 
-37  21 
-48  -4 
23  -41 
-15  22 
27  44 
75  13 
0  3 
9  40 
40  25 
17  7 
-7  16 
13  5 
-12  -6 
53  23 
0  -5 
35  42 
17  24 
-4  6 
-16  24 
-15  46 
22  26 
29  16 
-17  40 
-16  21 
46  -3 
6  59 
17  -40 
-15  20 
-11  10 
-5  28 
40  -11 
11  4 
48  -15 
-42  5 
50  -49 
30  10 
36  7 
8  4 
8  6 
16  5 
-9  22 
8  2 
6  24 
6  35 
46  23 
30  20 
46  -10 
16  19 
-24  1 
-3  17 
15  -15 
22  19 
-12  -25 
34  2 
79  22 
13  11 
-13  -26 
17  -31 
-2  -10 
-31  -14 
22  -18 
-14  -14 
15  -1 
-47  -6 
27  6 
9  28 
-1  -6 
-33  9 
49  23 
22  -34 
-6  2 
10  13 
-38  20 
-46  -6 
25  -40 
-15  22 
28  45 
74  12 
0  1 
9  40 
40  23 
16  7 
-9  17 
14  6 
-13  -4 
55  27 
0  -4 
33  43 
15  22 
-2  5 
-16  24 
-15  46 
21  32 
32  14 
-17  41 
-17  18 
46  -1 
3  59 
17  -36 
-12  18 
-6  8 
-9  29 
39  -9 
11  4 
47  -15 
-41  6 
49  -50 
28  9 
37  5 
8  4 
9  9 
19  4 
-11  21 
7  1 
4  21 
0  34 
46  23 
33  18 
47  -11 
15  21 
-24  5 
-2  23 
20  -11 
23  20 
-14  -28 
36  8 
80  25 
11  7 
-14  -33 
18  -33 
-3  -8 
-33  -14 
22  -17 
-15  -16 
14  -2 
-44  -4 
29  8 
14  27 
-1  -7 
-32  19 
49  22 
22  -32 
-3  5 
12  16 
-38  19 
-52  -5 
25  -42 
-15  20 
29  50 
73  14 
-1  0 
9  40 
40  23 
18  10 
-6  18 
20  4 
-14  -8 
58  25 
2  -6 
33  43 
15  22 
-3  3 
-16  24 
-15  42 
26  34 
35  16 
-17  40 
-19  11 
48  2 
2  60 
16  -35 
-14  13 
-6  7 
-9  27 
40  -10 
11  4 
54  -12 
-43  12 
48  -51 
28  8 
36  7 
7  5 
5  11 
15  7 
-11  22 
10  2 
5  19 
3  36 
45  26 
32  14 
49  -12 
16  21 
-27  8 
2  17 
19  -12 
26  19 
-13  -27 
38  4 
79  27 
7  14 
-14  -33 
19  -34 
-2  -2 
-32  -14 
22  -18 
-14  -12 
16  -1 
-44  -4 
28  4 
11  26 
-1  -6 
-30  18 
47  22 
22  -34 
-2  6 
13  13 
-40  18 
-50  -7 
26  -44 
-13  24 
28  48 
80  16 
-4  1 
11  35 
40  21 
25  14 
-6  18 
18  5 
-14  -2 
55  22 
-1  -9 
33  43 
14  23 
0  5 
-16  24 
-14  43 
27  33 
36  16 
-18  40 
-21  14 
50  2 
3  61 
17  -36 
-20  14 
-11  7 
-3  27 
38  -10 
11  4 
52  -11 
-45  16 
50  -49 
26  7 
36  8 
8  5 
4  11 
20  4 
-13  22 
9  2 
5  20 
2  36 
48  26 
33  14 
47  -11 
16  20 
-26  8 
0  11 
19  -14 
29  17 
-18  -30 
39  0 
82  28 
10  16 
-14  -30 
17  -34 
-2  1 
-33  -14 
22  -17 
-9  -14 
16  -1 
-39  -5 
28  4 
11  29 
3  -5 
-26  19 
46  19 
24  -33 
0  7 
14  12 
-43  20 
-45  -6 
27  -46 
-14  27 
27  49 
80  16 
-4  -1 
10  40 
40  21 
32  14 
-6  20 
19  6 
-14  -1 
55  27 
-1  -10 
33  43 
9  22 
0  4 
-14  23 
-17  40 
27  33 
36  16 
-22  38 
-21  13 
48  2 
2  60 
16  -32 
-19  12 
-11  7 
0  23 
38  -10 
12  4 
49  -10 
-45  15 
50  -49 
28  10 
33  10 
7  6 
4  6 
20  5 
-9  22 
10  3 
2  19 
-4  32 
49  28 
35  11 
44  -16 
15  22 
-32  6 
1  14 
17  -15 
29  20 
-21  -33 
38  5 
82  30 
10  13 
-10  -30 
16  -34 
-2  1 
-33  -15 
22  -18 
-5  -14 
19  0 
-38  -7 
28  5 
12  29 
6  -6 
-26  22 
45  20 
27  -35 
2  2 
14  12 
-44  21 
-45  -7 
27  -47 
-18  28 
28  49 
76  8 
-7  -4 
11  38 
40  21 
33  13 
-8  21 
15  2 
-9  -3 
58  27 
1  -5 
33  43 
11  22 
-1  7 
-15  22 
-17  41 
26  33 
36  19 
-21  46 
-23  10 
50  2 
5  60 
21  -33 
-20  16 
-11  7 
-4  25 
40  -10 
11  4 
49  -15 
-50  13 
49  -51 
29  8 
34  8 
8  6 
-7  10 
20  4 
-10  23 
14  -1 
3  19 
-7  31 
49  30 
37  17 
46  -22 
18  24 
-35  6 
0  18 
16  -14 
32  16 
-22  -30 
34  6 
83  25 
13  14 
-10  -29 
17  -36 
-3  3 
-34  -13 
22  -17 
-5  -14 
17  5 
-33  -6 
28  4 
10  30 
5  -6 
-26  22 
46  17 
26  -32 
2  2 
18  15 
-42  17 
-45  -7 
27  -46 
-16  24 
28  48 
78  7 
-5  -5 
10  38 
40  21 
30  13 
-5  22 
17  6 
-12  -1 
58  25 
-1  -7 
37  47 
9  22 
-4  5 
-15  20 
-16  42 
26  32 
32  20 
-17  48 
-22  12 
48  2 
4  60 
22  -28 
-17  7 
-14  5 
-1  24 
37  -8 
11  2 
47  -15 
-50  16 
51  -52 
29  10 
34  8 
6  7 
-13  9 
27  1 
-10  23 
14  -2 
3  21 
-5  27 
50  31 
35  16 
43  -21 
16  21 
-38  6 
3  20 
19  -13 
32  14 
-19  -28 
33  3 
83  26 
19  14 
-11  -32 
16  -32 
0  4 
-38  -11 
22  -17 
-4  -14 
20  5 
-33  -7 
22  8 
10  25 
1  -7 
-25  23 
41  16 
28  -31 
3  0 
19  10 
-44  21 
-45  -4 
27  -46 
-23  25 
27  45 
77  4 
-10  -2 
11  38 
38  21 
30  13 
-4  25 
20  4 
-11  0 
56  22 
4  -5 
36  47 
10  23 
-4  6 
-15  23 
-14  43 
28  38 
35  22 
-15  50 
-27  14 
48  2 
2  59 
26  -23 
-19  6 
-14  7 
-4  28 
36  -8 
11  2 
44  -14 
-52  15 
48  -54 
22  8 
33  8 
7  9 
-10  11 
27  0 
-10  22 
15  -5 
5  22 
-5  27 
49  30 
36  16 
43  -19 
14  20 
-41  11 
2  18 
18  -15 
37  9 
-20  -30 
33  3 
84  24 
19  13 
-11  -35 
13  -30 
-1  6 
-38  -10 
22  -18 
-1  -13 
20  5 
-22  -10 
27  13 
9  26 
5  -4 
-25  23 
47  11 
29  -32 
6  -1 
19  11 
-43  24 
-49  -3 
26  -48 
-23  26 
28  44 
78  3 
-6  0 
12  34 
33  13 
30  14 
-4  21 
20  4 
-11  0 
57  25 
9  -4 
35  43 
10  23 
-1  7 
-17  21 
-20  38 
27  36 
34  22 
-13  54 
-32  15 
48  2 
2  59 
25  -18 
-18  6 
-16  6 
-4  27 
34  -8 
12  9 
50  -15 
-50  16 
46  -54 
23  6 
33  5 
13  9 
-10  11 
30  0 
-9  22 
13  -4 
6  23 
-2  33 
48  29 
33  14 
43  -20 
10  21 
-38  12 
1  15 
19  -14 
34  6 
-20  -30 
33  3 
82  28 
20  16 
-12  -34 
16  -32 
-4  5 
-33  -11 
22  -17 
-3  -13 
16  -1 
-22  -10 
27  13 
9  30 
0  -6 
-25  22 
42  10 
27  -34 
6  -8 
21  13 
-40  25 
-44  -4 
23  -47 
-22  27 
28  44 
78  5 
-7  0 
11  35 
34  15 
28  14 
-4  19 
16  5 
-10  -2 
57  24 
11  -3 
35  43 
12  20 
-1  7 
-18  20 
-24  47 
23  35 
34  22 
-19  54 
-31  16 
52  1 
5  60 
26  -12 
-18  8 
-13  5 
-6  29 
33  -6 
14  8 
45  -14 
-53  18 
42  -51 
23  9 
33  7 
15  8 
-11  10 
23  -3 
-12  19 
15  -4 
6  23 
-3  33 
45  35 
30  13 
43  -19 
10  20 
-42  13 
7  13 
19  -14 
29  5 
-21  -29 
33  3 
82  30 
19  14 
-12  -32 
16  -32 
-5  7 
-32  -11 
22  -18 
0  -7 
14  0 
-23  -10 
28  17 
12  29 
2  -3 
-25  22 
41  12 
27  -35 
6  -8 
20  10 
-40  24 
-42  -2 
27  -46 
-20  25 
30  45 
79  6 
-10  1 
10  33 
33  13 
23  15 
-1  20 
13  5 
-10  -2 
59  28 
9  -4 
34  45 
12  14 
0  7 
-18  17 
-24  47 
26  37 
34  22 
-20  54 
-29  17 
51  2 
10  62 
28  -15 
-18  10 
-11  9 
-5  28 
34  -2 
9  7 
42  -11 
-53  19 
48  -48 
22  8 
36  1 
14  8 
-12  6 
26  -1 
-10  23 
15  -4 
3  20 
-1  34 
48  35 
31  16 
43  -24 
7  21 
-41  10 
11  14 
26  -12 
31  8 
-21  -29 
37  5 
81  32 
21  15 
-12  -31 
13  -33 
-2  5 
-34  -13 
22  -18 
-7  -6 
14  -1 
-21  -19 
30  20 
17  23 
0  -5 
-25  23 
42  12 
28  -35 
11  -6 
22  6 
-41  25 
-44  -3 
27  -47 
-20  25 
28  46 
78  5 
-11  0 
7  29 
33  14 
25  14 
0  24 
16  7 
-9  -3 
59  27 
11  -4 
36  46 
10  13 
-1  6 
-14  17 
-24  45 
25  39 
34  22 
-18  57 
-31  19 
50  3 
8  62 
31  -16 
-16  11 
-9  7 
-4  28 
34  -2 
5  11 
42  -12 
-55  20 
46  -46 
22  10 
36  0 
15  6 
-15  6 
26  -1 
-9  22 
13  -5 
4  20 
1  32 
46  32 
29  21 
40  -26 
7  22 
-42  14 
12  14 
23  -15 
26  6 
-22  -28 
38  10 
79  34 
19  11 
-10  -33 
8  -32 
-7  5 
-34  -13 
20  -19 
-3  -6 
15  3 
-23  -16 
30  19 
19  24 
0  -4 
-23  25 
40  10 
29  -30 
6  -8 
22  10 
-44  27 
-43  -1 
27  -47 
-22  25 
26  48 
78  6 
-10  -5 
2  26 
29  16 
27  14 
-2  21 
16  6 
-8  -3 
62  28 
8  -7 
37  45 
10  13 
-3  4 
-12  18 
-19  46 
28  39 
34  22 
-23  51 
-28  20 
51  2 
10  63 
31  -16 
-17  6 
-11  11 
-4  28 
33  3 
1  12 
44  -13 
-55  20 
45  -42 
27  9 
36  1 
14  8 
-7  8 
30  0 
-11  23 
10  -4 
2  23 
-2  31 
45  31 
29  21 
40  -25 
2  19 
-41  14 
11  14 
25  -14 
26  3 
-24  -28 
38  10 
86  33 
19  11 
-11  -31 
8  -31 
-5  3 
-38  -13 
20  -16 
-6  -8 
15  2 
-24  -15 
31  17 
20  25 
2  -3 
-30  30 
40  10 
35  -33 
5  -7 
21  7 
-47  27 
-44  1 
26  -46 
-21  27 
26  47 
73  5 
-11  -4 
3  27 
35  15 
26  8 
-4  19 
8  6 
-8  -5 
64  24 
8  -8 
40  44 
10  13 
-1  4 
-14  17 
-20  50 
25  42 
35  23 
-23  50 
-30  16 
51  2 
9  62 
31  -16 
-21  8 
-12  9 
-3  24 
35  2 
1  16 
42  -10 
-52  15 
46  -40 
24  11 
38  -2 
16  7 
-8  9 
30  0 
-7  21 
15  -6 
3  19 
-7  28 
48  34 
25  20 
46  -21 
6  23 
-42  11 
13  14 
25  -14 
27  5 
-24  -24 
37  5 
79  33 
19  11 
-13  -34 
6  -30 
-4  8 
-38  -12 
19  -22 
-7  -7 
14  0 
-27  -11 
32  14 
19  26 
4  -7 
-32  28 
35  13 
32  -33 
0  -8 
23  9 
-46  28 
-44  -1 
26  -47 
-23  24 
25  46 
78  5 
-9  -4 
7  25 
34  14 
21  13 
-4  21 
8  4 
-7  -6 
62  22 
7  -6 
39  45 
10  13 
-2  3 
-11  22 
-21  50 
24  40 
34  22 
-22  53 
-29  18 
47  2 
11  62 
31  -16 
-23  3 
-10  11 
-5  22 
36  0 
2  13 
42  -10 
-54  15 
50  -37 
28  9 
36  -4 
20  1 
-12  6 
30  2 
-10  18 
16  -15 
4  15 
-9  27 
46  37 
25  21 
46  -24 
5  23 
-46  12 
15  16 
19  -12 
27  6 
-27  -30 
39  7 
83  35 
18  10 
-15  -38 
7  -27 
-7  7 
-34  -13 
23  -19 
-7  -5 
13  -3 
-31  -10 
28  15 
16  27 
1  -8 
-32  28 
35  13 
31  -31 
-2  -7 
27  9 
-46  28 
-40  -4 
27  -47 
-23  23 
26  47 
75  8 
-10  -6 
7  25 
30  16 
21  10 
-5  16 
7  6 
-6  -7 
62  23 
1  -5 
39  40 
10  13 
-3  4 
-11  20 
-21  47 
23  39 
35  22 
-27  53 
-27  16 
49  2 
10  62 
30  -17 
-24  4 
-10  9 
-4  28 
34  -1 
-1  14 
42  -10 
-54  19 
51  -38 
28  8 
33  -6 
20  1 
-10  11 
29  1 
-7  15 
16  -15 
6  17 
-8  29 
43  35 
22  20 
46  -26 
1  26 
-45  13 
20  10 
17  -15 
28  6 
-30  -32 
38  1 
81  32 
17  12 
-18  -38 
6  -28 
-7  11 
-35  -14 
22  -19 
-8  -6 
14  -2 
-31  -14 
31  16 
14  26 
2  -14 
-32  29 
35  12 
30  -30 
-1  -10 
23  9 
-43  24 
-44  -8 
23  -45 
-23  25 
25  51 
70  6 
-8  -6 
10  25 
32  20 
20  12 
-3  16 
6  7 
-5  -4 
62  23 
-4  -4 
40  44 
13  14 
-5  6 
-14  12 
-22  43 
22  41 
33  23 
-30  56 
-30  18 
50  2 
11  64 
28  -18 
-23  3 
-12  8 
-3  26 
31  2 
5  13 
34  -12 
-51  15 
49  -38 
28  9 
33  -7 
20  1 
-10  11 
29  3 
-9  16 
13  -13 
6  19 
-2  27 
43  41 
25  20 
47  -27 
2  29 
-40  10 
22  10 
18  -15 
28  4 
-29  -32 
34  2 
88  34 
19  13 
-18  -38 
0  -24 
-7  11 
-32  -15 
25  -18 
-11  -4 
14  0 
-33  -11 
29  20 
17  29 
-1  -13 
-31  30 
38  10 
32  -34 
5  -5 
19  5 
-43  24 
-46  -8 
27  -47 
-22  24 
27  49 
73  7 
-5  -7 
9  28 
31  16 
19  14 
-2  10 
7  6 
-7  -6 
62  22 
-4  -4 
39  44 
19  10 
-4  8 
-14  17 
-24  47 
22  40 
33  23 
-31  56 
-28  14 
50  3 
11  64 
31  -18 
-20  4 
-11  9 
-2  25 
30  6 
6  12 
34  -13 
-49  14 
49  -34 
27  12 
34  -5 
24  2 
-10  11 
28  -3 
-11  15 
9  -13 
9  20 
2  28 
43  40 
22  19 
47  -26 
3  28 
-39  14 
24  4 
17  -15 
28  6 
-25  -33 
35  3 
88  35 
15  11 
-20  -39 
0  -24 
-6  8 
-29  -13 
26  -17 
-7  -4 
16  1 
-32  -12 
34  18 
19  31 
-4  -21 
-24  25 
41  12 
29  -32 
2  -10 
13  9 
-37  19 
-45  -8 
28  -46 
-24  19 
28  48 
80  5 
0  -8 
11  27 
35  13 
24  15 
-3  10 
8  6 
-8  -6 
62  22 
-6  -6 
39  42 
19  11 
-5  7 
-17  21 
-26  48 
26  39 
33  23 
-32  57 
-30  13 
51  2 
11  64 
30  -17 
-23  6 
-14  8 
3  28 
29  0 
8  12 
34  -8 
-52  15 
49  -30 
27  13 
36  -4 
25  0 
-10  11 
30  2 
-7  15 
6  -13 
10  20 
-1  27 
44  40 
22  20 
47  -26 
2  26 
-33  18 
23  6 
18  -15 
28  4 
-24  -39 
39  6 
92  36 
19  14 
-20  -39 
0  -24 
-4  6 
-32  -15 
25  -18 
-7  -7 
16  0 
-28  -11 
34  18 
21  36 
-1  -15 
-25  25 
43  11 
30  -29 
3  -9 
12  14 
-41  18 
-41  -9 
22  -43 
-24  19 
29  46 
83  7 
2  -7 
9  30 
36  5 
20  16 
0  5 
8  6 
-9  -7 
60  22 
-1  -6 
38  38 
21  16 
-6  8 
-14  19 
-28  48 
25  39 
34  23 
-29  57 
-25  16 
51  4 
8  64 
30  -20 
-24  7 
-13  9 
2  28 
29  3 
10  15 
35  -7 
-47  16 
48  -31 
25  13 
33  -7 
22  3 
-9  12 
26  1 
-4  16 
6  -8 
9  16 
2  27 
44  40 
23  20 
47  -27 
0  27 
-36  19 
21  7 
14  -14 
25  6 
-25  -38 
40  3 
92  38 
17  19 
-23  -36 
-6  -26 
-3  5 
-34  -11 
25  -18 
-6  -5 
16  1 
-25  -14 
32  20 
14  32 
-5  -13 
-22  26 
40  10 
30  -29 
2  -6 
9  16 
-34  17 
-43  -11 
26  -48 
-26  18 
26  49 
82  10 
1  -13 
8  29 
38  5 
21  13 
-1  7 
6  10 
-14  -4 
60  21 
-6  -8 
39  41 
20  16 
-6  8 
-16  20 
-30  46 
23  39 
35  22 
-29  62 
-27  13 
51  4 
8  64 
30  -17 
-24  5 
-14  13 
4  25 
28  2 
13  16 
33  -6 
-40  12 
47  -31 
24  15 
30  0 
22  3 
-3  17 
26  1 
-4  21 
3  -9 
11  17 
2  29 
43  40 
23  21 
48  -27 
2  26 
-36  21 
22  16 
15  -17 
25  6 
-27  -35 
40  5 
95  41 
16  22 
-24  -33 
-2  -22 
-6  7 
-32  -14 
25  -18 
-1  -6 
14  0 
-20  -18 
32  21 
15  32 
-7  -13 
-24  19 
41  12 
30  -29 
2  -7 
15  13 
-31  16 
-43  -6 
28  -51 
-24  21 
26  46 
83  11 
3  -12 
9  26 
37  0 
19  11 
-6  8 
8  5 
-13  -6 
60  25 
-9  -8 
43  37 
22  8 
0  3 
-11  22 
-29  47 
22  39 
33  23 
-29  62 
-27  14 
51  4 
8  64 
28  -23 
-24  8 
-12  15 
5  24 
30  -2 
10  13 
35  -6 
-40  16 
48  -32 
21  18 
31  -3 
22  2 
-2  18 
30  2 
-2  25 
-3  -10 
11  14 
6  32 
40  38 
25  22 
48  -27 
8  26 
-37  15 
23  19 
15  -18 
24  4 
-31  -30 
38  7 
94  42 
15  27 
-21  -33 
-1  -17 
-4  5 
-33  -15 
26  -17 
1  -8 
10  -4 
-17  -20 
32  21 
19  34 
-10  -10 
-23  25 
42  20 
31  -31 
1  -8 
16  12 
-27  10 
-52  -5 
34  -54 
-23  25 
29  48 
73  13 
2  -12 
13  27 
36  1 
20  10 
-3  7 
14  7 
-15  -1 
60  25 
-9  -4 
40  36 
19  6 
-3  4 
-12  22 
-32  48 
22  40 
34  22 
-30  62 
-28  18 
51  6 
6  67 
29  -18 
-29  8 
-15  20 
4  24 
30  -2 
11  15 
32  -4 
-46  14 
48  -31 
23  16 
35  -4 
22  3 
-4  20 
30  3 
3  29 
-1  -9 
13  14 
6  37 
39  34 
23  20 
47  -29 
7  25 
-33  13 
22  19 
18  -15 
27  9 
-34  -26 
34  12 
95  42 
19  20 
-25  -33 
0  -16 
-5  14 
-37  -21 
26  -17 
0  -8 
12  -6 
-14  -21 
32  21 
19  33 
-8  -11 
-24  28 
45  18 
30  -27 
-3  -8 
13  9 
-29  8 
-55  -5 
39  -52 
-23  27 
28  48 
70  15 
7  -11 
15  28 
31  -2 
18  10 
-3  4 
15  7 
-12  -1 
54  27 
-9  -6 
39  33 
26  7 
-7  8 
-10  23 
-31  49 
25  40 
33  25 
-30  62 
-26  18 
48  4 
7  65 
29  -18 
-29  7 
-14  19 
2  19 
31  -3 
10  16 
40  -2 
-46  14 
42  -30 
22  8 
35  -7 
22  2 
-6  20 
29  3 
6  32 
-1  -9 
13  16 
5  39 
40  36 
26  23 
50  -30 
9  27 
-33  13 
23  19 
19  -14 
28  6 
-34  -27 
33  13 
100  45 
17  20 
-30  -35 
-6  -12 
-9  16 
-37  -20 
24  -16 
5  -9 
12  -6 
-12  -22 
32  20 
19  32 
-7  -17 
-21  24 
49  17 
30  -27 
-7  -7 
14  12 
-27  5 
-53  -2 
44  -53 
-18  22 
28  48 
74  14 
6  -8 
20  24 
28  -2 
17  11 
-1  7 
14  7 
-14  -7 
57  25 
-11  -2 
40  32 
26  7 
-10  11 
-11  23 
-33  49 
30  42 
31  27 
-32  62 
-30  20 
48  4 
5  71 
29  -20 
-33  5 
-13  16 
4  19 
32  -4 
11  14 
36  -4 
-49  15 
41  -27 
22  10 
35  -7 
22  3 
-8  17 
31  2 
8  35 
0  -10 
13  16 
7  34 
46  34 
24  21 
48  -31 
8  26 
-31  15 
25  18 
14  -12 
25  6 
-29  -24 
30  12 
100  41 
18  19 
-29  -36 
0  -15 
-9  17 
-35  -18 
24  -16 
4  -9 
15  -5 
-10  -17 
34  20 
23  31 
-7  -17 
-22  25 
46  19 
31  -26 
-9  -8 
15  13 
-25  3 
-53  -2 
42  -49 
-20  21 
28  49 
79  13 
3  -5 
14  20 
30  0 
19  6 
-5  7 
17  6 
-14  -5 
58  25 
-6  -2 
37  29 
26  7 
-10  10 
-11  22 
-35  46 
27  42 
31  24 
-33  61 
-30  19 
47  5 
1  66 
29  -20 
-31  7 
-14  13 
5  19 
30  -6 
10  13 
37  -3 
-48  14 
37  -35 
22  14 
39  -6 
22  3 
-5  21 
31  2 
10  35 
-4  -4 
16  14 
8  33 
47  34 
23  21 
47  -34 
2  28 
-30  11 
26  17 
19  -13 
22  6 
-29  -24 
29  16 
96  41 
20  18 
-26  -38 
3  -9 
-9  17 
-37  -20 
26  -21 
4  -9 
17  -4 
-12  -18 
32  20 
20  36 
-7  -17 
-18  27 
46  18 
38  -18 
-3  -6 
13  13 
-22  5 
-50  0 
42  -47 
-20  21 
28  44 
75  12 
6  -10 
16  21 
30  -2 
16  4 
-3  6 
9  9 
-16  -5 
55  23 
-4  0 
40  30 
22  10 
-12  9 
-11  22 
-35  49 
28  42 
30  23 
-37  59 
-27  16 
47  9 
3  69 
29  -20 
-26  7 
-15  10 
4  22 
32  -6 
10  13 
36  -4 
-45  15 
38  -34 
23  8 
39  -7 
22  2 
-3  17 
31  2 
11  36 
-5  -7 
13  14 
6  32 
48  35 
26  23 
45  -34 
-1  27 
-30  11 
26  19 
15  -13 
22  6 
-30  -24 
33  18 
96  39 
25  20 
-25  -38 
9  -10 
-9  17 
-37  -19 
23  -20 
3  -7 
15  -4 
-10  -18 
34  22 
23  31 
-6  -17 
-25  25 
39  14 
39  -9 
-5  -7 
12  16 
-24  7 
-51  0 
46  -48 
-20  21 
28  48 
76  16 
9  -10 
18  21 
30  0 
18  5 
-5  7 
11  8 
-14  -6 
56  21 
-6  -2 
38  30 
25  11 
-10  5 
-11  22 
-35  46 
23  41 
31  24 
-35  60 
-29  17 
47  5 
-7  69 
28  -21 
-26  8 
-12  9 
5  22 
36  -8 
8  17 
37  -6 
-46  12 
33  -35 
26  13 
47  -6 
22  2 
-4  14 
32  7 
8  35 
-8  -6 
13  19 
7  33 
51  34 
23  20 
40  -35 
-3  24 
-32  13 
23  17 
18  -14 
23  8 
-31  -24 
35  15 
97  36 
23  19 
-26  -40 
10  -10 
-10  13 
-41  -13 
19  -22 
3  -2 
13  -6 
-10  -18 
35  21 
22  30 
-7  -17 
-25  22 
41  12 
38  -10 
-3  -8 
15  12 
-29  9 
-49  2 
46  -48 
-24  23 
30  50 
74  19 
9  -10 
17  16 
30  0 
19  6 
-4  5 
13  7 
-13  -7 
56  19 
-7  -4 
40  30 
26  7 
-12  4 
-13  21 
-32  46 
24  42 
31  24 
-35  59 
-30  16 
47  6 
-8  74 
25  -22 
-21  7 
-12  8 
4  24 
45  -7 
8  15 
37  -11 
-46  12 
34  -32 
26  13 
46  -6 
22  3 
-4  16 
35  2 
7  34 
-7  -7 
9  16 
6  39 
50  33 
22  22 
35  -32 
-3  24 
-32  13 
17  14 
22  -11 
22  6 
-29  -23 
35  13 
100  38 
22  20 
-21  -35 
9  -14 
-11  15 
-40  -16 
24  -19 
-1  -10 
13  -6 
-11  -19 
39  20 
21  32 
-7  -17 
-26  22 
42  8 
40  -10 
-1  -9 
16  16 
-32  9 
-50  3 
48  -46 
-26  18 
36  48 
76  21 
7  -11 
17  19 
29  0 
16  7 
2  2 
18  5 
-15  -7 
59  21 
-8  -6 
42  26 
28  6 
-9  8 
-11  22 
-35  50 
25  40 
31  24 
-36  62 
-30  15 
47  5 
-7  73 
28  -22 
-17  7 
-11  9 
7  26 
44  -9 
8  15 
36  -6 
-42  9 
32  -33 
20  16 
47  -4 
22  3 
-3  17 
36  2 
6  39 
-9  -5 
10  13 
5  39 
49  36 
23  19 
42  -32 
-3  25 
-33  13 
26  13 
17  -10 
23  6 
-30  -22 
33  16 
96  39 
30  20 
-20  -35 
8  -12 
-6  14 
-41  -12 
23  -19 
-2  -10 
11  -4 
-10  -18 
38  22 
19  33 
-7  -17 
-25  22 
46  7 
41  -9 
-1  -9 
16  16 
-31  10 
-49  2 
46  -47 
-28  17 
35  42 
76  19 
2  -10 
13  16 
27  2 
16  7 
2  2 
18  5 
-9  -5 
60  21 
-5  -6 
39  27 
28  6 
-10  9 
-11  22 
-37  51 
22  40 
30  24 
-38  59 
-28  14 
53  9 
-7  74 
27  -26 
-19  13 
-10  10 
8  29 
41  -5 
8  13 
35  -7 
-44  5 
37  -36 
26  19 
50  -2 
22  3 
-3  17 
37  7 
6  37 
-7  -12 
10  14 
5  40 
51  39 
16  14 
42  -34 
-1  20 
-33  13 
31  16 
20  -5 
21  6 
-30  -24 
31  14 
97  39 
29  20 
-25  -37 
7  -11 
-7  13 
-42  -13 
23  -20 
0  -10 
15  -4 
-10  -18 
40  24 
18  34 
-6  -17 
-26  22 
47  6 
43  -4 
0  -9 
16  16 
-32  4 
-50  2 
43  -39 
-29  13 
33  43 
70  23 
3  -16 
13  14 
26  -3 
16  7 
3  -1 
19  7 
-11  -5 
60  21 
2  -6 
40  24 
24  11 
-9  7 
-12  22 
-38  50 
22  42 
26  27 
-38  60 
-21  14 
49  10 
-10  74 
29  -29 
-15  11 
-10  11 
7  29 
37  -3 
8  8 
37  -15 
-42  5 
34  -37 
26  18 
52  1 
22  3 
0  16 
34  8 
5  35 
-1  -12 
10  13 
6  43 
50  38 
13  13 
43  -34 
-4  21 
-33  14 
31  17 
20  -5 
22  8 
-30  -24 
31  16 
97  39 
30  20 
-19  -34 
8  -14 
-7  15 
-44  -12 
20  -22 
1  -8 
15  -4 
-11  -20 
38  24 
15  34 
-11  -18 
-25  22 
48  9 
40  -6 
-4  -8 
19  11 
-32  4 
-49  4 
45  -40 
-27  13 
33  43 
68  22 
1  -6 
12  14 
25  -1 
15  7 
2  -1 
20  5 
-12  -7 
60  21 
5  -6 
39  27 
22  10 
-12  6 
-14  19 
-36  51 
20  44 
27  26 
-37  59 
-26  12 
48  5 
-9  77 
29  -32 
-14  8 
-10  11 
6  26 
34  -5 
8  9 
39  -20 
-51  10 
34  -38 
23  20 
55  1 
23  1 
2  14 
30  5 
11  29 
-1  -14 
10  13 
9  36 
50  34 
13  16 
45  -38 
-3  19 
-33  14 
28  19 
22  -4 
21  7 
-30  -24 
32  13 
94  38 
31  18 
-18  -32 
7  -15 
-6  14 
-42  -13 
16  -24 
1  -8 
19  -5 
-11  -18 
35  23 
18  30 
-13  -18 
-25  22 
47  9 
39  -7 
-5  -13 
19  11 
-32  5 
-49  4 
47  -44 
-26  12 
36  41 
70  22 
-1  -10 
16  16 
27  -6 
16  4 
5  2 
19  8 
-15  -6 
60  21 
0  -6 
37  24 
23  9 
-14  7 
-11  20 
-38  48 
20  45 
27  25 
-34  52 
-32  15 
53  10 
-10  80 
25  -30 
-19  15 
-11  8 
9  26 
35  -8 
8  9 
37  -20 
-50  5 
36  -41 
18  18 
59  0 
24  2 
3  16 
31  7 
8  34 
-6  -12 
10  14 
7  41 
51  37 
12  14 
44  -36 
-5  23 
-37  6 
28  17 
21  -4 
22  10 
-29  -24 
34  14 
92  36 
32  20 
-17  -35 
8  -18 
-3  8 
-42  -15 
13  -26 
1  -8 
20  -4 
-10  -17 
35  22 
20  30 
-11  -18 
-22  21 
42  7 
33  -6 
-4  -15 
21  14 
-30  10 
-49  4 
46  -47 
-26  12 
37  37 
71  22 
-3  -6 
13  16 
27  -6 
16  8 
4  4 
13  9 
-16  0 
60  21 
4  -5 
35  23 
23  9 
-13  6 
-11  20 
-41  46 
20  45 
28  29 
-33  49 
-32  15 
48  13 
-14  76 
18  -25 
-14  10 
-14  7 
8  25 
32  -6 
9  7 
41  -24 
-49  9 
34  -42 
21  15 
60  4 
27  -2 
6  12 
31  8 
10  31 
-6  -12 
10  13 
10  42 
50  40 
11  14 
42  -40 
-4  19 
-43  4 
26  19 
25  -10 
22  10 
-29  -23 
33  13 
92  33 
35  13 
-18  -33 
9  -18 
-9  6 
-46  -18 
12  -29 
0  -10 
20  -4 
-10  -11 
35  22 
18  30 
-13  -19 
-23  26 
38  6 
39  -7 
0  -10 
25  12 
-31  9 
-49  4 
47  -47 
-27  14 
34  38 
69  23 
-9  -5 
10  14 
28  -5 
18  3 
3  1 
13  10 
-7  -2 
58  20 
6  -5 
38  25 
21  12 
-14  6 
-10  23 
-35  46 
16  44 
35  26 
-33  46 
-32  13 
42  10 
-18  79 
20  -22 
-21  7 
-13  5 
8  24 
32  -4 
8  9 
40  -26 
-44  8 
29  -45 
27  14 
59  5 
25  -2 
5  15 
35  8 
10  36 
-4  -19 
10  13 
9  42 
51  37 
9  16 
42  -40 
-4  19 
-43  3 
26  17 
26  -8 
25  10 
-27  -24 
33  11 
86  39 
32  14 
-21  -34 
10  -18 
-7  5 
-46  -18 
8  -34 
-3  -11 
19  -6 
-9  -13 
35  23 
16  36 
-15  -20 
-24  25 
42  9 
41  -9 
1  -8 
28  14 
-33  9 
-50  5 
51  -46 
-31  16 
34  38 
70  20 
-10  -4 
15  16 
28  -5 
17  4 
3  -1 
15  7 
-12  -2 
56  26 
6  -5 
34  27 
20  16 
-15  6 
-9  21 
-35  50 
14  48 
40  25 
-31  50 
-30  11 
42  10 
-17  80 
18  -22 
-18  8 
-13  6 
9  27 
35  -6 
5  9 
43  -24 
-42  4 
33  -46 
21  16 
57  7 
25  4 
4  21 
42  6 
10  38 
-4  -21 
10  13 
9  42 
51  36 
11  18 
45  -38 
0  21 
-41  2 
25  18 
26  -8 
23  11 
-26  -26 
37  11 
82  40 
35  13 
-21  -32 
10  -18 
-7  8 
-45  -17 
8  -34 
-1  -6 
18  -5 
-4  -15 
33  23 
17  36 
-17  -19 
-21  27 
41  6 
36  -8 
1  -8 
27  13 
-31  9 
-53  5 
53  -45 
-32  15 
34  38 
71  22 
-10  -6 
17  16 
25  -5 
18  5 
6  -3 
19  7 
-11  0 
55  27 
5  -1 
31  27 
23  13 
-10  5 
-10  23 
-35  51 
15  46 
37  21 
-32  50 
-30  11 
40  7 
-16  84 
19  -26 
-17  9 
-17  10 
9  30 
34  -12 
-1  10 
47  -26 
-40  4 
35  -47 
19  15 
53  7 
26  3 
1  16 
36  6 
9  35 
-6  -21 
12  14 
9  41 
50  36 
10  18 
45  -38 
0  21 
-38  3 
28  14 
26  -7 
20  10 
-25  -26 
35  15 
82  42 
34  12 
-24  -32 
12  -19 
-15  6 
-45  -18 
8  -36 
-3  -8 
19  -7 
-4  -13 
33  23 
15  36 
-19  -21 
-18  28 
38  10 
33  -6 
-4  -4 
25  14 
-33  5 
-55  3 
47  -46 
-27  16 
36  41 
70  22 
-7  -7 
15  13 
25  -5 
13  8 
5  0 
14  8 
-10  -1 
48  29 
1  -9 
33  27 
25  10 
-8  9 
-12  22 
-31  49 
15  43 
40  30 
-38  48 
-31  10 
37  12 
-15  82 
15  -19 
-24  7 
-13  16 
7  29 
35  -13 
-1  11 
45  -28 
-44  5 
38  -48 
19  14 
56  4 
26  3 
1  13 
37  5 
11  36 
-11  -20 
10  18 
6  39 
50  33 
8  15 
44  -40 
0  21 
-38  2 
28  17 
27  -7 
19  10 
-25  -24 
32  14 
84  41 
35  12 
-23  -36 
14  -22 
-15  6 
-47  -17 
6  -32 
-6  -8 
19  -7 
-1  -16 
35  28 
14  35 
-21  -20 
-14  30 
37  10 
38  -7 
-9  1 
25  15 
-32  4 
-56  5 
42  -50 
-25  19 
36  40 
69  23 
-6  -5 
13  13 
26  -8 
6  7 
12  -7 
13  8 
-10  0 
49  28 
2  -2 
33  30 
23  11 
-6  8 
-11  20 
-24  45 
15  43 
37  31 
-36  46 
-32  8 
37  10 
-11  82 
16  -19 
-27  3 
-19  13 
8  26 
36  -12 
0  10 
41  -28 
-40  7 
39  -49 
19  13 
60  1 
26  3 
0  12 
39  6 
7  33 
-15  -22 
14  18 
8  42 
50  34 
6  17 
45  -40 
-1  24 
-38  0 
27  19 
28  -5 
14  7 
-28  -26 
30  13 
82  39 
34  13 
-24  -33 
9  -22 
-13  6 
-45  -18 
5  -34 
-6  -8 
18  -6 
0  -16 
37  25 
11  36 
-20  -15 
-10  31 
38  10 
39  -9 
-10  3 
19  15 
-35  6 
-60  3 
42  -54 
-24  19 
34  38 
70  20 
-4  -4 
12  14 
26  -8 
6  7 
9  -14 
15  3 
-14  -1 
44  28 
2  2 
34  26 
19  10 
-4  5 
-11  20 
-28  46 
15  46 
40  32 
-40  53 
-37  9 
39  13 
-9  82 
16  -19 
-27  3 
-19  13 
9  30 
38  -10 
5  11 
40  -26 
-44  7 
42  -50 
15  13 
59  3 
26  3 
-5  14 
33  9 
6  33 
-16  -16 
8  17 
7  42 
51  37 
2  19 
44  -40 
-2  25 
-37  0 
25  22 
27  -4 
17  8 
-31  -24 
30  16 
85  40 
34  12 
-26  -32 
6  -25 
-13  6 
-45  -18 
7  -35 
-7  -6 
22  -8 
0  -15 
34  22 
14  35 
-23  -15 
-9  29 
37  16 
39  -9 
-10  2 
16  16 
-32  6 
-62  6 
43  -53 
-24  19 
30  38 
69  23 
-3  -6 
15  14 
26  -13 
4  4 
7  -14 
17  5 
-15  -1 
42  26 
2  3 
38  25 
15  13 
-1  7 
-12  22 
-26  46 
20  44 
41  32 
-37  53 
-38  9 
39  14 
-11  80 
14  -22 
-27  3 
-17  19 
8  29 
38  -10 
2  5 
41  -27 
-44  8 
44  -49 
14  12 
59  -2 
23  0 
-10  20 
35  6 
7  29 
-18  -12 
7  18 
2  37 
50  35 
2  19 
45  -40 
-4  25 
-38  2 
27  21 
26  -8 
13  11 
-32  -21 
32  14 
85  42 
39  13 
-25  -33 
11  -24 
-11  10 
-45  -17 
7  -35 
-8  -4 
26  -14 
-2  -16 
32  20 
13  35 
-24  -13 
-5  28 
40  21 
37  -8 
-9  2 
16  16 
-30  11 
-63  5 
42  -50 
-22  18 
36  41 
70  23 
-2  -10 
14  19 
21  -14 
4  4 
15  -13 
16  5 
-18  0 
40  25 
2  3 
40  23 
15  16 
-1  5 
-11  22 
-26  48 
18  46 
40  36 
-42  49 
-38  14 
37  13 
-9  84 
19  -20 
-27  3 
-17  21 
8  28 
34  -8 
-1  6 
39  -27 
-47  7 
42  -54 
19  10 
60  -5 
23  -1 
-10  20 
35  9 
9  30 
-12  -14 
8  19 
6  35 
52  37 
3  20 
45  -40 
-6  27 
-40  7 
30  22 
26  -7 
11  7 
-34  -21 
33  13 
86  43 
39  11 
-21  -33 
2  -24 
-10  5 
-45  -18 
7  -35 
-10  -4 
28  -16 
-2  -15 
32  21 
13  34 
-24  -12 
-9  29 
43  26 
40  -6 
-9  2 
20  16 
-27  14 
-63  7 
39  -46 
-18  13 
37  33 
69  23 
-3  -4 
14  18 
21  -14 
5  11 
14  -12 
15  7 
-13  -4 
37  23 
2  2 
39  27 
16  16 
-3  4 
-13  21 
-31  47 
14  47 
46  34 
-43  51 
-34  12 
31  15 
-9  84 
19  -18 
-27  3 
-14  23 
6  27 
35  -4 
3  7 
41  -25 
-48  9 
40  -53 
20  10 
59  -7 
22  -3 
-9  17 
33  10 
7  29 
-13  -15 
6  19 
7  34 
50  33 
2  19 
43  -40 
-13  26 
-38  10 
30  23 
23  -6 
8  9 
-35  -20 
33  13 
84  44 
42  14 
-21  -29 
1  -24 
-12  4 
-43  -15 
8  -34 
-8  -6 
30  -15 
-5  -12 
36  19 
8  42 
-25  -17 
-5  25 
42  26 
41  -8 
-10  3 
20  13 
-26  14 
-66  8 
45  -48 
-17  11 
38  32 
67  21 
-3  -4 
16  20 
26  -12 
3  8 
10  -14 
15  7 
-17  0 
36  28 
2  2 
40  24 
16  16 
-1  5 
-17  19 
-30  51 
15  43 
43  35 
-42  50 
-33  14 
36  21 
-9  84 
16  -15 
-27  3 
-18  19 
6  27 
35  -5 
2  6 
39  -26 
-53  9 
37  -56 
20  10 
61  -7 
22  -6 
-5  16 
29  10 
8  29 
-13  -15 
5  20 
6  37 
51  36 
0  16 
48  -34 
-12  25 
-38  8 
31  22 
28  -7 
11  9 
-30  -22 
33  13 
84  44 
39  13 
-23  -31 
5  -30 
-7  7 
-47  -11 
8  -36 
-11  2 
33  -10 
-4  -13 
36  19 
6  39 
-22  -15 
-3  25 
42  30 
43  -8 
-10  2 
26  10 
-28  14 
-67  8 
47  -46 
-21  14 
30  33 
68  22 
-2  -2 
19  23 
21  -9 
2  10 
9  -14 
15  6 
-18  1 
36  27 
2  2 
35  27 
16  16 
-10  4 
-18  20 
-30  50 
14  38 
40  36 
-44  52 
-34  16 
34  19 
-10  83 
18  -15 
-27  3 
-17  20 
6  28 
34  -6 
2  8 
40  -22 
-58  6 
37  -54 
19  10 
57  -4 
23  -5 
-8  15 
29  9 
7  29 
-10  -13 
6  19 
6  37 
50  38 
-6  12 
46  -33 
-13  25 
-42  11 
28  26 
26  -7 
16  5 
-27  -24 
30  16 
86  43 
38  13 
-23  -30 
4  -29 
-13  6 
-46  -12 
8  -36 
-11  2 
33  -9 
-4  -14 
36  19 
8  38 
-20  -16 
-1  20 
39  26 
47  -11 
-9  2 
28  8 
-27  13 
-67  7 
46  -48 
-19  16 
34  35 
68  18 
-4  1 
15  25 
20  -10 
3  8 
8  -11 
16  7 
-17  0 
34  26 
2  3 
33  30 
16  16 
-9  4 
-14  19 
-30  51 
11  37 
35  33 
-41  47 
-37  13 
32  20 
-11  81 
15  -18 
-22  5 
-17  19 
5  31 
32  -6 
2  6 
45  -18 
-56  4 
36  -52 
19  11 
61  -8 
26  -4 
-7  15 
29  7 
9  30 
-11  -11 
5  14 
2  40 
49  40 
-4  12 
46  -35 
-13  25 
-45  14 
31  29 
28  -5 
19  6 
-26  -28 
32  11 
86  47 
39  14 
-25  -28 
7  -27 
-11  6 
-40  -17 
10  -35 
-12  2 
33  -9 
-5  -13 
38  18 
1  38 
-24  -16 
-7  25 
35  20 
49  -12 
-9  2 
29  9 
-29  16 
-70  5 
43  -54 
-22  10 
33  33 
66  17 
-4  0 
14  22 
19  -10 
2  6 
8  -11 
16  8 
-17  1 
37  25 
2  0 
42  28 
15  16 
-9  4 
-15  20 
-31  50 
9  35 
38  41 
-40  50 
-39  12 
36  21 
-11  82 
13  -17 
-20  5 
-20  21 
5  31 
30  -7 
3  12 
49  -17 
-56  4 
38  -54 
19  13 
66  -8 
26  -1 
-9  17 
35  7 
7  25 
-4  -13 
0  14 
5  38 
49  36 
-2  12 
48  -36 
-13  29 
-39  14 
27  26 
27  -6 
15  3 
-25  -27 
37  11 
85  46 
39  11 
-27  -26 
8  -28 
-14  6 
-38  -18 
10  -38 
-14  0 
29  -13 
2  -10 
37  19 
-4  36 
-21  -15 
-6  26 
29  21 
47  -14 
-9  1 
31  8 
-30  18 
-72  5 
46  -50 
-27  11 
34  34 
68  14 
-6  -1 
16  21 
12  -4 
2  10 
9  -11 
18  -3 
-17  -1 
36  25 
9  -1 
39  23 
12  14 
-9  4 
-14  19 
-31  48 
10  36 
37  44 
-33  49 
-32  13 
34  18 
-9  82 
13  -17 
-20  4 
-20  21 
1  30 
31  -4 
7  16 
50  -17 
-56  4 
39  -53 
18  12 
64  -5 
26  -8 
-11  21 
38  6 
6  27 
-7  -13 
2  17 
2  40 
49  40 
-1  11 
48  -36 
-12  29 
-39  11 
31  27 
28  -5 
19  5 
-22  -22 
39  15 
87  45 
40  10 
-30  -26 
7  -26 
-12  10 
-38  -17 
9  -37 
-10  2 
29  -13 
0  -9 
36  19 
-4  36 
-20  -13 
-9  29 
30  20 
54  -12 
-8  1 
34  12 
-30  20 
-69  6 
45  -49 
-23  14 
33  33 
68  14 
-4  1 
18  23 
13  -4 
4  4 
10  -9 
16  -1 
-15  2 
35  26 
3  -2 
40  24 
11  17 
-9  4 
-14  17 
-32  48 
10  36 
36  48 
-37  47 
-42  10 
34  18 
-9  83 
13  -17 
-24  5 
-20  21 
0  36 
32  -6 
6  14 
48  -18 
-58  8 
40  -53 
8  13 
65  0 
21  -8 
-10  23 
39  6 
6  27 
-1  -16 
2  19 
2  40 
50  38 
-5  12 
47  -35 
-11  36 
-41  14 
29  28 
26  -8 
19  8 
-20  -22 
38  18 
88  46 
43  15 
-30  -25 
5  -25 
-13  9 
-36  -15 
9  -38 
-9  2 
33  -9 
-1  -7 
36  20 
-5  36 
-17  -9 
-2  25 
26  18 
55  -13 
-9  1 
35  13 
-30  18 
-63  5 
46  -51 
-25  14 
33  34 
66  12 
-5  3 
22  19 
16  -4 
4  4 
8  -12 
12  -2 
-15  0 
39  26 
2  2 
40  25 
15  22 
-9  4 
-12  19 
-32  49 
11  37 
33  51 
-38  49 
-40  10 
34  18 
-3  87 
13  -17 
-20  3 
-20  21 
-1  34 
28  -5 
6  17 
48  -18 
-56  5 
39  -53 
8  17 
66  -1 
20  -8 
-13  22 
41  7 
6  27 
0  -16 
7  13 
6  43 
52  40 
-5  16 
46  -34 
-9  38 
-46  12 
30  31 
23  -5 
23  7 
-16  -20 
35  20 
87  49 
43  20 
-26  -27 
7  -26 
-18  11 
-39  -14 
9  -38 
-10  2 
33  -13 
-3  -3 
35  21 
-1  38 
-17  -12 
-2  27 
30  20 
55  -14 
-10  2 
35  12 
-30  20 
-67  10 
46  -48 
-28  14 
35  33 
64  11 
-6  2 
24  21 
16  -6 
7  6 
8  -14 
10  -4 
-12  -3 
43  26 
2  3 
40  24 
16  24 
-9  4 
-7  16 
-32  48 
10  39 
33  48 
-38  46 
-44  5 
36  19 
-3  85 
18  -15 
-19  6 
-24  21 
2  33 
27  -6 
5  20 
49  -18 
-57  7 
38  -53 
10  18 
62  1 
23  -5 
-13  21 
39  4 
8  25 
3  -11 
-1  14 
6  43 
60  36 
-9  17 
48  -36 
-11  38 
-41  13 
28  29 
22  2 
24  4 
-15  -18 
35  22 
87  49 
44  20 
-27  -27 
6  -23 
-16  15 
-38  -10 
9  -37 
-11  0 
39  -9 
-3  -7 
32  21 
-7  35 
-19  -7 
1  27 
29  16 
56  -12 
-10  3 
35  3 
-35  18 
-67  11 
46  -47 
-21  13 
37  30 
65  15 
-6  2 
22  19 
18  -6 
7  5 
7  -14 
17  -3 
-22  -2 
46  26 
2  2 
39  26 
19  22 
-9  4 
-6  20 
-35  49 
11  36 
33  45 
-38  50 
-44  4 
36  20 
0  85 
19  -6 
-17  11 
-24  21 
2  28 
27  -7 
3  20 
50  -18 
-54  7 
37  -55 
9  20 
66  3 
21  -8 
-12  22 
46  9 
8  26 
1  -14 
-6  15 
5  42 
60  36 
-9  21 
48  -36 
-18  40 
-45  14 
28  28 
23  1 
24  4 
-13  -19 
38  25 
85  46 
38  21 
-32  -25 
6  -26 
-12  9 
-41  -10 
11  -38 
-11  2 
39  -9 
-7  -4 
33  21 
-7  34 
-13  -6 
4  21 
30  16 
60  -16 
-10  2 
38  5 
-34  17 
-65  7 
46  -42 
-23  9 
38  30 
67  13 
-5  2 
22  20 
12  1 
6  7 
8  -16 
17  -4 
-24  1 
49  29 
-3  3 
38  24 
16  25 
-9  4 
-7  14 
-27  47 
9  36 
34  48 
-40  50 
-44  0 
37  24 
2  83 
14  -8 
-17  7 
-21  20 
2  26 
28  -7 
3  20 
50  -17 
-51  7 
39  -54 
9  18 
66  1 
21  -8 
-12  22 
48  6 
7  26 
2  -10 
-4  16 
5  42 
63  36 
-12  18 
47  -35 
-19  36 
-40  16 
31  28 
25  0 
24  4 
-13  -18 
39  27 
85  46 
40  25 
-35  -22 
6  -28 
-9  6 
-47  -4 
11  -38 
-10  -2 
39  -9 
-9  -3 
31  16 
-5  36 
-13  -6 
3  21 
30  13 
57  -16 
-14  -1 
35  7 
-34  12 
-64  5 
48  -47 
-26  5 
37  29 
63  16 
-7  3 
21  16 
10  -2 
5  10 
8  -16 
13  -6 
-17  0 
49  31 
-9  9 
32  20 
14  27 
-10  3 
-7  13 
-23  43 
8  35 
30  46 
-45  46 
-44  0 
37  30 
2  83 
12  -6 
-15  6 
-25  22 
2  28 
27  -6 
0  21 
50  -18 
-53  5 
37  -55 
5  17 
67  -2 
19  -7 
-10  20 
48  6 
6  28 
2  -10 
-3  16 
3  41 
61  35 
-15  15 
49  -33 
-18  42 
-41  14 
32  26 
24  0 
24  4 
-12  -18 
37  27 
85  42 
33  16 
-34  -23 
1  -28 
-13  9 
-45  -5 
10  -35 
-6  -2 
39  -9 
-9  -3 
31  16 
-5  33 
-10  -4 
3  19 
30  14 
56  -13 
-13  -6 
38  5 
-38  17 
-63  5 
46  -48 
-27  7 
40  30 
58  15 
-6  2 
15  15 
14  -6 
8  8 
10  -13 
13  -7 
-18  0 
50  31 
-9  13 
32  21 
15  24 
-11  1 
-8  14 
-20  44 
5  33 
28  46 
-43  44 
-49  -3 
33  35 
2  83 
10  -7 
-13  5 
-25  22 
2  26 
28  -6 
0  21 
50  -17 
-43  6 
37  -51 
3  21 
70  -5 
18  -7 
-12  18 
49  10 
7  26 
2  -10 
2  14 
5  42 
67  29 
-18  13 
46  -32 
-18  42 
-35  10 
31  29 
27  -2 
24  4 
-9  -18 
39  24 
86  43 
34  12 
-35  -22 
3  -28 
-12  9 
-40  -4 
15  -34 
-6  -2 
39  -9 
-11  0 
30  16 
-4  32 
-7  -4 
5  23 
28  15 
53  -15 
-10  -4 
35  7 
-38  20 
-68  6 
47  -46 
-26  8 
45  30 
59  14 
-5  2 
16  16 
14  -8 
8  8 
7  -15 
12  -6 
-16  0 
47  29 
-5  16 
29  22 
18  24 
-11  1 
-2  15 
-24  39 
5  35 
26  55 
-40  44 
-48  -2 
33  35 
2  83 
11  -3 
-14  6 
-24  21 
3  31 
28  -6 
0  21 
48  -18 
-44  7 
38  -53 
2  19 
70  0 
17  -11 
-12  15 
47  6 
8  24 
3  -12 
-1  13 
3  40 
64  31 
-18  10 
46  -30 
-18  42 
-38  8 
37  25 
31  -4 
24  4 
-10  -15 
37  24 
86  43 
32  13 
-34  -27 
7  -27 
-12  6 
-42  -10 
14  -34 
-6  -2 
41  -8 
-8  1 
33  16 
-7  34 
-7  -7 
3  19 
30  13 
56  -12 
-9  -4 
35  7 
-43  19 
-66  5 
47  -51 
-24  5 
45  22 
55  12 
-6  2 
16  16 
19  -9 
2  8 
8  -16 
9  -4 
-14  -2 
50  31 
-5  16 
30  23 
18  21 
-11  2 
1  13 
-27  41 
4  35 
28  58 
-43  44 
-52  -1 
38  31 
2  82 
9  0 
-18  7 
-23  21 
4  25 
26  -1 
0  21 
48  -18 
-41  7 
39  -55 
3  20 
76  0 
18  -10 
-16  14 
49  6 
8  26 
5  -14 
-1  13 
4  42 
62  30 
-19  11 
50  -30 
-18  40 
-43  5 
40  25 
32  -6 
24  4 
-8  -22 
38  26 
86  43 
31  17 
-32  -25 
5  -25 
-11  10 
-41  -10 
17  -33 
-4  1 
41  -4 
-10  0 
30  14 
-6  32 
-7  -6 
2  19 
30  16 
55  -6 
-6  -6 
32  6 
-44  19 
-63  5 
48  -51 
-20  3 
43  21 
54  13 
-6  2 
15  13 
18  -7 
3  7 
7  -14 
12  -4 
-20  -5 
48  28 
-9  15 
32  20 
16  25 
-10  2 
-1  15 
-29  44 
4  35 
25  58 
-45  43 
-54  -5 
37  32 
2  83 
11  2 
-18  8 
-20  21 
1  27 
22  -1 
-1  27 
46  -20 
-35  6 
38  -55 
5  20 
76  1 
18  -10 
-21  11 
54  8 
8  24 
9  -13 
-7  14 
4  40 
62  30 
-14  14 
47  -31 
-14  37 
-41  6 
36  28 
31  -4 
26  7 
-13  -18 
39  28 
86  43 
28  15 
-33  -26 
1  -25 
-14  6 
-37  -4 
18  -36 
-4  0 
39  -7 
-10  -2 
34  20 
-7  33 
-9  -8 
3  20 
33  19 
