Created:October-13-2022 
Coverage:22 
N:20 
NUM-IONS:88 
NSTEPS:15000 
WRITE-PERIODICITY:100 
epsilon:1.71 
29  11 
-22  1 
11  -45 
-8  -18 
25  35 
28  20 
-3  14 
20  25 
8  -7 
2  4 
27  3 
-6  18 
10  -6 
36  8 
5  -7 
2  12 
35  28 
9  -3 
0  16 
8  6 
52  -14 
26  -2 
32  25 
3  7 
1  0 
6  9 
13  18 
-11  0 
39  51 
-2  49 
-15  -4 
10  45 
24  20 
-1  15 
-16  25 
23  36 
-2  14 
9  24 
-3  21 
-9  -11 
2  10 
32  29 
39  27 
23  17 
1  5 
8  11 
13  -30 
7  51 
27  27 
1  16 
9  -5 
-15  26 
20  12 
20  31 
17  10 
-17  23 
23  29 
7  6 
18  22 
16  21 
-9  44 
-14  11 
33  0 
24  29 
48  -13 
31  -35 
15  -2 
0  10 
-4  16 
-18  1 
5  -3 
4  2 
14  29 
1  38 
45  4 
-5  26 
-6  -7 
12  11 
29  33 
-7  -5 
7  1 
-11  -12 
22  -9 
-8  13 
-14  43 
10  7 
7  -2 
6  13 
31  9 
-24  6 
3  -41 
-8  -18 
27  35 
37  21 
0  16 
27  27 
6  -7 
7  3 
22  4 
-7  20 
9  -7 
36  5 
5  -7 
3  16 
32  26 
5  -3 
-2  20 
7  6 
50  -16 
32  -2 
32  31 
4  8 
3  0 
8  8 
14  16 
-9  3 
40  51 
-3  50 
-14  -2 
10  49 
28  18 
1  19 
-14  24 
21  37 
2  16 
15  26 
0  23 
-11  -12 
1  13 
35  28 
36  27 
21  15 
-1  0 
9  11 
16  -28 
6  49 
26  31 
-1  16 
11  -1 
-15  25 
18  14 
21  31 
19  10 
-21  26 
23  29 
6  7 
16  21 
15  22 
-9  44 
-13  9 
34  -2 
20  28 
48  -13 
27  -35 
15  -2 
0  12 
-8  14 
-18  -1 
9  -2 
2  -7 
15  30 
1  41 
48  6 
-7  30 
-6  -7 
10  13 
29  30 
-8  -3 
10  1 
-12  -11 
22  -10 
-7  13 
-12  42 
10  7 
9  -4 
2  12 
31  8 
-21  5 
1  -41 
-5  -14 
29  33 
39  22 
-1  15 
28  27 
6  -7 
5  5 
22  4 
-7  19 
6  -10 
36  5 
4  -8 
4  18 
32  25 
5  -3 
-2  29 
4  6 
54  -13 
32  -1 
31  29 
4  11 
2  -1 
9  8 
14  16 
-10  5 
40  50 
-3  50 
-12  -2 
7  51 
29  20 
4  20 
-14  23 
23  36 
2  11 
16  26 
-3  21 
-11  -13 
0  11 
35  23 
38  25 
20  16 
-1  -1 
6  11 
16  -28 
9  49 
30  35 
-2  14 
11  -1 
-13  23 
15  13 
19  31 
18  10 
-21  27 
23  28 
8  6 
18  15 
17  22 
-5  50 
-17  7 
35  -2 
21  26 
48  -10 
27  -35 
15  -1 
5  13 
-11  16 
-14  0 
9  -5 
4  -5 
17  29 
5  38 
45  8 
-8  31 
-4  -6 
11  15 
28  31 
-7  0 
11  -4 
-8  -10 
22  -10 
-6  13 
-13  41 
9  11 
8  -4 
2  12 
35  9 
-21  5 
1  -41 
-11  -16 
28  33 
37  22 
3  16 
32  29 
4  -9 
4  6 
29  1 
-3  21 
6  -13 
35  8 
2  -10 
5  15 
27  21 
7  -1 
-3  29 
2  1 
55  -14 
32  2 
25  24 
4  10 
1  -7 
8  10 
13  19 
-6  7 
40  51 
-3  50 
-12  1 
9  49 
31  23 
1  21 
-14  23 
19  39 
6  13 
16  25 
-7  20 
-9  -15 
0  12 
31  24 
39  23 
21  14 
2  -5 
7  11 
16  -28 
9  50 
34  36 
-8  14 
11  -1 
-12  22 
15  13 
21  32 
20  10 
-22  26 
27  28 
8  6 
18  15 
18  21 
-7  50 
-17  7 
35  -2 
20  25 
51  -9 
28  -29 
19  4 
5  16 
-11  20 
-14  -2 
9  -4 
10  -5 
18  27 
4  42 
47  7 
-8  33 
-3  -6 
11  15 
29  31 
-7  -6 
13  -5 
-9  -11 
23  -11 
-6  13 
-13  43 
9  13 
8  -4 
5  17 
37  14 
-19  5 
4  -40 
-9  -16 
25  33 
39  20 
0  16 
27  33 
3  -7 
5  6 
33  0 
-3  22 
8  -14 
34  7 
2  -9 
5  17 
27  26 
8  -7 
-5  30 
7  4 
54  -17 
31  3 
25  25 
4  8 
1  -7 
6  9 
12  17 
-11  7 
39  45 
-7  51 
-11  1 
10  49 
30  24 
1  19 
-13  23 
24  42 
5  15 
16  25 
-9  19 
-13  -11 
0  12 
29  24 
37  21 
18  18 
6  -2 
6  13 
20  -29 
7  51 
32  42 
-6  13 
14  -2 
-16  26 
15  15 
22  32 
17  9 
-20  25 
29  28 
9  11 
16  14 
16  24 
-8  51 
-12  7 
32  -5 
22  24 
56  -8 
24  -29 
15  -2 
7  15 
-7  23 
-11  -2 
10  -3 
11  -5 
19  22 
3  40 
47  7 
-8  33 
-4  -5 
9  13 
27  25 
-6  -4 
15  -7 
-4  -9 
23  -13 
-5  12 
-15  44 
12  14 
12  1 
6  20 
39  15 
-20  8 
7  -35 
-8  -15 
26  32 
39  20 
1  19 
28  26 
5  -7 
4  3 
33  0 
-4  21 
8  -15 
40  5 
2  -10 
3  15 
34  27 
5  -5 
-5  30 
7  3 
62  -16 
31  4 
24  26 
4  10 
3  -4 
5  6 
17  22 
-9  8 
37  49 
-8  51 
-12  2 
9  51 
29  24 
1  18 
-15  23 
25  41 
4  13 
13  25 
-5  18 
-11  -13 
-1  11 
33  19 
38  22 
19  14 
11  -5 
1  11 
13  -29 
5  54 
33  43 
-6  13 
13  -2 
-16  22 
19  18 
23  32 
17  10 
-17  27 
25  28 
8  11 
16  16 
7  26 
-7  50 
-10  10 
32  -7 
25  25 
54  -11 
20  -29 
14  -4 
7  15 
-9  21 
-15  -3 
8  -4 
14  -2 
18  26 
1  41 
50  4 
-8  34 
-5  -7 
10  14 
25  24 
-11  -4 
16  -12 
-4  -8 
24  -8 
-6  10 
-16  45 
11  11 
12  2 
3  23 
42  15 
-20  8 
4  -34 
-9  -16 
27  31 
39  20 
1  19 
28  25 
3  -8 
4  2 
31  -1 
-3  22 
8  -13 
42  10 
3  -9 
2  12 
35  29 
7  -2 
-6  29 
7  3 
62  -16 
30  3 
23  29 
4  10 
1  -4 
3  4 
23  20 
-7  6 
37  49 
-9  49 
-12  3 
10  57 
32  20 
2  19 
-14  23 
24  40 
9  20 
14  25 
1  18 
-12  -14 
2  11 
34  18 
39  27 
21  17 
11  -5 
-3  10 
14  -30 
8  50 
33  40 
-3  14 
12  -3 
-13  21 
20  18 
21  33 
18  12 
-15  25 
29  24 
9  13 
18  22 
7  24 
-8  53 
-11  8 
32  -9 
25  23 
56  -9 
18  -29 
13  -6 
8  13 
-7  15 
-14  -2 
9  1 
15  -2 
20  25 
0  43 
51  5 
-8  34 
-6  -7 
10  15 
25  24 
-17  -4 
15  -10 
-4  -12 
24  -8 
-4  5 
-16  45 
9  11 
8  2 
4  21 
41  15 
-20  10 
4  -30 
-7  -15 
25  34 
41  17 
-1  21 
27  23 
4  -13 
5  1 
34  -4 
-6  28 
7  -14 
42  12 
4  -9 
2  13 
39  30 
7  -4 
-5  30 
5  5 
66  -20 
30  5 
29  31 
2  10 
3  -4 
7  9 
22  18 
-2  6 
38  50 
-14  50 
-13  4 
11  55 
31  19 
1  19 
-17  23 
24  42 
7  19 
11  29 
3  13 
-14  -13 
0  11 
36  16 
40  25 
19  14 
10  -6 
-5  9 
13  -29 
16  47 
33  39 
-3  9 
10  -4 
-17  20 
20  15 
25  35 
19  11 
-15  26 
31  24 
3  17 
18  24 
7  25 
-8  55 
-12  7 
27  -9 
25  23 
56  -9 
17  -30 
12  -7 
5  18 
-7  15 
-16  0 
12  2 
14  -2 
19  25 
2  39 
49  9 
-4  34 
-3  -3 
7  15 
21  25 
-22  -6 
15  -7 
-7  -10 
26  -8 
-4  5 
-16  49 
12  11 
7  1 
5  24 
43  16 
-26  10 
7  -29 
-9  -11 
24  31 
40  16 
-4  21 
27  27 
4  -10 
5  4 
34  -4 
-8  31 
8  -10 
41  13 
6  -7 
3  15 
39  31 
9  -4 
-4  34 
3  0 
67  -23 
31  4 
27  26 
0  11 
1  -4 
9  10 
21  21 
3  9 
38  51 
-16  53 
-14  3 
13  56 
33  22 
-2  22 
-16  29 
20  42 
8  16 
9  27 
9  13 
-16  -12 
0  12 
39  20 
41  25 
18  18 
11  -4 
-1  5 
13  -33 
17  49 
33  39 
-2  10 
9  -2 
-16  20 
19  14 
25  33 
23  13 
-16  24 
31  23 
-2  15 
18  24 
15  24 
-4  56 
-12  6 
29  -9 
32  21 
56  -8 
22  -30 
12  -6 
6  18 
-7  15 
-18  0 
12  -2 
14  -2 
20  25 
-3  41 
49  8 
-9  35 
1  -6 
7  15 
21  26 
-22  -6 
15  -7 
-7  -10 
23  -8 
-1  7 
-13  45 
12  13 
7  1 
3  27 
43  17 
-28  10 
5  -26 
-8  -9 
22  36 
41  17 
-6  18 
27  31 
1  -15 
4  3 
36  -6 
-2  26 
7  -15 
44  11 
6  -7 
5  13 
42  30 
12  2 
-9  29 
4  0 
69  -20 
28  6 
27  29 
-4  12 
-1  -4 
7  13 
27  21 
4  10 
34  49 
-16  54 
-15  3 
8  56 
33  19 
-2  21 
-19  27 
21  39 
8  14 
11  30 
9  11 
-15  -16 
-1  11 
39  20 
40  25 
17  18 
12  -2 
-3  2 
7  -34 
17  50 
31  39 
-2  11 
9  1 
-11  18 
23  15 
25  36 
24  13 
-16  26 
31  25 
6  14 
18  22 
13  26 
-4  56 
-16  8 
28  -13 
31  23 
59  -5 
27  -33 
13  -5 
7  15 
-9  17 
-16  2 
8  0 
13  -2 
19  22 
-5  42 
50  10 
-11  37 
3  -4 
2  12 
20  28 
-22  -6 
17  -3 
-2  -13 
14  -4 
-2  10 
-15  37 
11  15 
12  -3 
3  27 
44  19 
-31  8 
4  -28 
-2  -10 
21  34 
42  19 
-5  19 
28  31 
3  -13 
5  6 
35  -2 
-3  29 
7  -17 
44  11 
6  -7 
3  17 
42  30 
6  0 
-8  29 
-1  0 
69  -20 
28  6 
29  29 
-5  9 
0  -4 
7  11 
27  21 
4  6 
37  50 
-15  55 
-12  2 
9  58 
33  20 
-1  23 
-18  23 
23  39 
5  13 
11  29 
9  7 
-15  -16 
0  12 
38  14 
39  27 
21  21 
13  -1 
-3  2 
6  -37 
12  51 
31  39 
-1  11 
12  7 
-15  17 
25  16 
27  35 
24  8 
-16  22 
32  26 
11  15 
16  21 
13  27 
-5  54 
-16  13 
30  -13 
31  24 
59  -6 
25  -35 
12  -6 
7  18 
-10  15 
-17  3 
4  0 
14  -2 
19  25 
-5  42 
49  10 
-12  36 
-1  -4 
2  12 
21  31 
-26  -7 
16  -10 
-9  -10 
16  -4 
0  11 
-14  38 
8  18 
11  3 
4  30 
50  13 
-34  9 
5  -27 
-2  -9 
19  39 
40  21 
-3  22 
32  31 
3  -13 
5  4 
32  -2 
-1  33 
4  -14 
44  11 
8  -9 
3  20 
44  30 
5  1 
-7  31 
3  -4 
69  -20 
27  6 
35  30 
-3  12 
0  -4 
5  12 
31  21 
4  3 
38  49 
-12  48 
-11  1 
10  57 
35  18 
-4  21 
-21  25 
23  35 
6  18 
19  30 
8  7 
-12  -18 
2  10 
35  15 
31  27 
22  18 
12  5 
-1  0 
10  -39 
15  51 
31  39 
0  5 
10  9 
-19  15 
25  15 
23  32 
24  1 
-15  20 
29  28 
11  16 
11  23 
17  29 
-6  56 
-13  15 
27  -15 
31  24 
59  -6 
25  -35 
12  -5 
6  20 
-11  17 
-13  3 
1  0 
16  -4 
19  27 
4  40 
47  7 
-12  36 
-3  -6 
5  17 
19  31 
-28  -6 
11  -11 
-11  -7 
15  -7 
2  12 
-11  38 
12  17 
11  -5 
7  31 
51  15 
-33  9 
5  -26 
-3  -13 
18  34 
44  20 
-4  21 
31  24 
-1  -13 
7  5 
33  2 
0  29 
4  -16 
43  13 
9  -9 
5  15 
46  30 
6  2 
-8  31 
6  -2 
69  -20 
31  7 
37  34 
-6  9 
-4  -8 
10  14 
27  21 
7  7 
33  51 
-11  48 
-11  1 
13  55 
36  17 
-3  22 
-22  27 
23  36 
6  15 
21  35 
7  6 
-13  -17 
4  11 
34  16 
31  25 
20  21 
16  5 
-6  -2 
8  -38 
15  49 
33  40 
0  8 
11  11 
-17  15 
21  19 
26  33 
23  2 
-19  21 
28  28 
9  17 
13  23 
12  29 
-13  57 
-13  15 
23  -20 
31  23 
57  -7 
26  -36 
10  -5 
3  17 
-12  16 
-14  3 
2  -4 
14  -7 
15  30 
8  39 
48  7 
-11  36 
-6  -6 
4  10 
20  32 
-29  -11 
9  -11 
-12  -7 
15  -7 
1  18 
-11  38 
11  19 
12  -6 
8  31 
51  15 
-32  7 
4  -31 
0  -9 
17  29 
41  20 
-1  19 
30  25 
4  -14 
7  9 
32  -2 
1  31 
4  -15 
42  12 
9  -9 
5  13 
45  35 
7  7 
-8  31 
2  -5 
71  -17 
31  5 
37  30 
-6  7 
-4  -10 
9  13 
24  20 
10  9 
34  51 
-12  48 
-8  7 
16  56 
36  14 
-6  21 
-21  27 
19  35 
4  14 
17  35 
7  11 
-21  -20 
3  9 
32  21 
37  27 
23  28 
15  9 
-5  -4 
11  -39 
13  50 
35  38 
0  8 
15  10 
-19  13 
21  18 
24  32 
27  5 
-24  21 
29  26 
8  16 
9  20 
13  27 
-13  58 
-10  24 
22  -16 
31  24 
60  -3 
28  -34 
15  -7 
-2  14 
-14  18 
-13  3 
3  -4 
10  -6 
18  30 
7  35 
47  8 
-13  41 
-7  -5 
8  11 
22  30 
-29  -11 
8  -11 
-13  -7 
17  -6 
-2  18 
-10  37 
14  16 
12  -6 
6  33 
45  16 
-35  6 
2  -28 
0  -8 
18  29 
47  23 
-5  18 
27  27 
5  -15 
8  7 
33  -5 
-4  31 
2  -20 
46  7 
8  -9 
5  13 
47  29 
3  3 
-8  34 
1  -1 
67  -12 
37  2 
37  29 
-7  10 
0  -12 
9  17 
29  18 
19  7 
40  51 
-12  46 
-8  7 
15  55 
35  13 
-1  25 
-19  26 
23  35 
3  16 
18  44 
5  15 
-22  -14 
6  8 
32  21 
42  24 
23  29 
13  11 
-2  -5 
10  -39 
11  49 
33  38 
0  5 
8  9 
-14  13 
21  21 
26  30 
27  6 
-23  21 
32  22 
5  14 
9  20 
11  25 
-13  55 
-9  24 
26  -17 
32  23 
59  -1 
32  -29 
11  -5 
-2  14 
-15  17 
-16  6 
4  0 
10  -5 
22  31 
7  34 
50  10 
-13  41 
-11  -4 
4  13 
24  28 
-31  -9 
7  -9 
-16  -9 
14  -10 
0  16 
-11  33 
14  16 
17  -3 
2  30 
46  13 
-35  4 
3  -28 
-1  -9 
15  29 
44  24 
-9  19 
27  27 
7  -15 
9  11 
34  -7 
-5  31 
4  -18 
47  3 
8  -9 
6  10 
47  26 
5  5 
-7  35 
3  0 
71  -11 
37  3 
34  27 
-8  9 
0  -9 
9  18 
26  18 
20  5 
37  49 
-9  44 
-5  8 
12  53 
36  16 
-1  23 
-21  25 
21  39 
3  17 
19  47 
1  17 
-23  -10 
7  9 
32  21 
45  21 
23  29 
12  11 
-2  -6 
13  -40 
8  49 
33  38 
3  -1 
11  8 
-13  11 
19  20 
28  33 
28  2 
-22  22 
36  25 
6  11 
10  21 
9  20 
-12  58 
-11  27 
27  -19 
31  23 
62  -1 
28  -32 
14  -4 
-5  13 
-14  14 
-17  7 
5  3 
12  -5 
24  30 
10  35 
48  7 
-16  40 
-13  -3 
5  13 
18  27 
-33  -12 
8  -14 
-16  -5 
17  -6 
0  16 
-11  33 
16  15 
14  -2 
2  30 
46  15 
-35  5 
4  -29 
2  -8 
17  31 
44  24 
-8  19 
31  29 
6  -13 
9  13 
34  -7 
-4  32 
7  -14 
45  4 
12  -9 
4  10 
47  31 
3  0 
-8  32 
5  -2 
74  -11 
36  1 
29  28 
-5  9 
0  -8 
10  19 
28  18 
20  5 
43  47 
-9  44 
-4  7 
13  51 
34  16 
2  26 
-22  26 
22  35 
6  18 
19  47 
-1  20 
-23  -10 
9  9 
37  22 
44  20 
26  29 
13  10 
-2  -6 
13  -40 
8  50 
29  38 
6  3 
16  6 
-12  11 
19  19 
30  30 
33  2 
-21  22 
36  25 
6  13 
9  20 
12  15 
-12  56 
-12  28 
27  -19 
35  18 
60  -4 
28  -34 
13  -5 
-5  13 
-13  15 
-19  -1 
5  6 
12  -7 
20  28 
9  36 
47  7 
-19  45 
-13  -1 
5  13 
18  30 
-32  -13 
7  -17 
-17  -10 
23  -8 
-2  18 
-14  31 
19  13 
13  -2 
-1  31 
45  17 
-30  7 
6  -28 
2  -4 
15  30 
45  22 
-9  19 
32  31 
6  -18 
9  8 
34  -4 
0  31 
5  -16 
45  6 
13  -9 
4  9 
47  31 
4  0 
-8  33 
3  -4 
76  -8 
40  5 
28  31 
-3  9 
0  -8 
7  23 
28  16 
19  5 
46  53 
-9  44 
-4  7 
11  51 
30  17 
-4  25 
-22  26 
22  40 
1  15 
18  49 
-1  20 
-24  -9 
7  6 
39  22 
41  21 
24  28 
15  9 
-1  -4 
12  -41 
8  53 
29  38 
6  3 
15  5 
-13  7 
16  18 
33  30 
36  1 
-23  22 
33  25 
5  13 
9  20 
9  16 
-9  55 
-7  28 
27  -19 
33  20 
58  -6 
29  -33 
12  -2 
-5  13 
-13  15 
-19  -1 
3  4 
13  -5 
20  28 
9  31 
47  5 
-16  50 
-11  -3 
3  12 
21  31 
-31  -10 
3  -20 
-18  -8 
24  -9 
2  19 
-18  33 
22  18 
12  -3 
-3  30 
45  15 
-26  8 
8  -31 
3  0 
12  29 
51  24 
-8  18 
32  31 
12  -21 
17  8 
32  -6 
-1  31 
5  -17 
45  5 
15  -11 
3  11 
47  28 
3  3 
-8  32 
5  -6 
78  -4 
40  5 
30  29 
-4  12 
-1  -10 
7  26 
29  16 
19  5 
47  51 
-8  42 
-7  7 
10  54 
28  19 
-5  25 
-20  28 
25  41 
5  17 
11  49 
-1  22 
-25  -12 
11  3 
36  21 
46  23 
26  30 
17  9 
-1  0 
14  -44 
9  53 
29  38 
8  6 
21  6 
-13  9 
20  16 
33  31 
43  -1 
-25  22 
29  28 
7  13 
11  21 
11  15 
-10  55 
-6  27 
29  -20 
34  18 
58  -6 
31  -33 
15  -2 
-5  13 
-15  13 
-16  0 
1  4 
12  -7 
19  27 
11  28 
45  8 
-17  47 
-12  -7 
6  13 
22  30 
-36  -6 
6  -22 
-18  -8 
21  -9 
1  19 
-18  34 
23  16 
13  3 
-3  30 
47  15 
-27  5 
12  -27 
1  -3 
9  28 
52  20 
-7  18 
37  29 
13  -20 
21  7 
33  -5 
0  31 
5  -17 
47  9 
15  -11 
-1  15 
47  26 
5  6 
-9  29 
5  -3 
79  -1 
41  6 
32  29 
-4  16 
4  -10 
10  29 
26  23 
20  5 
48  50 
-6  36 
-9  4 
9  56 
27  21 
-4  25 
-21  30 
27  44 
6  15 
10  45 
-3  22 
-22  -10 
11  3 
37  21 
47  23 
28  31 
16  12 
-1  0 
14  -42 
10  55 
23  40 
7  5 
19  5 
-16  6 
20  16 
36  27 
44  -13 
-21  22 
33  27 
9  13 
18  21 
8  20 
-12  56 
-5  31 
32  -22 
35  12 
58  -6 
31  -35 
15  -2 
-4  10 
-19  19 
-14  2 
4  2 
8  -13 
19  27 
13  31 
42  11 
-14  47 
-14  -7 
1  16 
22  30 
-37  -13 
11  -21 
-16  -9 
19  -9 
3  19 
-18  33 
22  14 
16  1 
-7  30 
47  15 
-28  7 
12  -26 
1  -7 
8  30 
41  21 
-9  19 
38  34 
13  -20 
23  10 
28  -4 
-4  27 
3  -13 
50  11 
12  -9 
0  12 
47  25 
4  2 
-13  29 
8  -2 
83  -4 
39  3 
34  29 
-6  21 
2  -8 
9  24 
22  24 
21  6 
44  52 
-7  35 
-11  6 
9  58 
29  17 
-4  25 
-22  31 
26  44 
-1  22 
8  42 
-5  22 
-23  -11 
11  3 
38  22 
47  23 
27  31 
16  12 
-1  0 
12  -41 
7  59 
26  40 
8  7 
19  5 
-16  6 
20  21 
37  30 
43  -11 
-24  21 
28  25 
9  16 
21  24 
9  20 
-9  55 
-2  30 
34  -24 
34  10 
60  -4 
31  -36 
15  -2 
0  11 
-14  23 
-15  5 
3  2 
9  -7 
15  26 
9  31 
44  11 
-13  46 
-16  -6 
5  17 
22  30 
-36  -16 
13  -22 
-17  -3 
19  -9 
4  20 
-15  36 
21  14 
9  1 
-7  31 
48  16 
-25  5 
18  -29 
3  -5 
9  31 
48  27 
-8  17 
38  34 
14  -20 
22  11 
30  1 
-9  28 
5  -14 
53  5 
13  -13 
-1  11 
45  24 
7  1 
-9  29 
7  -1 
81  -4 
38  2 
33  30 
0  26 
4  -8 
8  28 
28  22 
23  7 
42  52 
-6  36 
-14  4 
13  55 
27  15 
-4  25 
-25  28 
25  45 
-1  27 
7  43 
-6  18 
-28  -9 
11  1 
38  21 
47  29 
24  34 
19  10 
3  -1 
12  -47 
4  60 
26  38 
15  9 
15  6 
-10  7 
23  20 
34  33 
44  -9 
-24  21 
22  24 
12  14 
20  25 
9  27 
-12  58 
-3  28 
36  -26 
36  11 
56  -4 
31  -36 
12  -2 
2  10 
-14  23 
-13  4 
4  2 
0  -9 
17  29 
12  30 
47  11 
-14  42 
-20  -4 
6  12 
23  29 
-36  -15 
11  -21 
-16  -2 
20  -13 
2  19 
-17  37 
23  16 
12  2 
-3  30 
49  17 
-28  5 
20  -29 
5  -3 
5  33 
50  25 
-9  16 
38  32 
10  -21 
21  11 
28  -2 
-7  30 
-1  -13 
51  3 
16  -10 
-1  15 
43  29 
7  -3 
-13  31 
4  -1 
82  -6 
35  2 
31  28 
0  25 
3  -13 
8  31 
29  22 
24  11 
44  52 
-6  36 
-15  6 
14  53 
27  15 
-4  25 
-23  29 
22  46 
-4  24 
7  43 
-4  19 
-27  -6 
13  0 
38  22 
49  31 
27  38 
15  13 
3  0 
13  -45 
2  64 
32  38 
14  9 
15  6 
-13  8 
23  19 
26  27 
43  -4 
-24  22 
27  26 
11  15 
19  25 
11  31 
-11  58 
1  27 
38  -26 
37  10 
58  -1 
32  -34 
15  -2 
0  12 
-13  24 
-13  5 
6  2 
-2  -9 
18  30 
13  31 
47  7 
-13  39 
-18  -10 
5  15 
24  26 
-35  -15 
14  -22 
-16  0 
19  -9 
6  18 
-13  41 
19  20 
9  1 
0  28 
49  16 
-28  2 
21  -29 
5  0 
5  33 
50  25 
-10  15 
40  31 
11  -21 
22  10 
29  -3 
-8  31 
-1  -13 
49  4 
18  -10 
-2  14 
43  29 
5  -3 
-14  33 
4  5 
82  0 
36  1 
34  25 
-2  24 
4  -10 
3  33 
39  22 
24  11 
42  51 
-4  36 
-15  6 
14  53 
27  15 
0  23 
-27  31 
20  46 
-5  29 
4  42 
-2  18 
-21  -6 
13  0 
38  26 
48  27 
23  36 
15  13 
5  4 
12  -46 
2  64 
33  38 
15  11 
16  5 
-11  8 
24  20 
27  29 
40  -4 
-29  21 
28  26 
7  18 
18  27 
9  33 
-12  56 
0  25 
38  -25 
37  7 
53  -5 
26  -41 
15  -2 
0  12 
-13  26 
-12  10 
6  2 
-1  -9 
19  25 
10  37 
50  10 
-11  38 
-18  -8 
4  12 
24  29 
-33  -15 
12  -22 
-15  1 
16  -8 
6  18 
-13  41 
19  20 
7  -3 
0  28 
48  19 
-31  1 
20  -30 
-1  0 
-1  31 
50  24 
-10  14 
37  30 
11  -21 
22  10 
27  -9 
-10  31 
-2  -13 
51  3 
18  -10 
0  16 
43  29 
5  -3 
-13  33 
6  2 
81  -1 
37  2 
35  29 
-4  25 
0  -9 
4  32 
38  22 
23  13 
40  52 
-2  34 
-15  5 
12  53 
26  13 
-1  22 
-32  31 
20  45 
-6  29 
6  40 
-1  16 
-26  -4 
13  -5 
38  26 
47  27 
23  36 
15  13 
4  2 
9  -47 
4  66 
33  40 
13  11 
11  4 
-15  6 
21  20 
23  27 
45  -5 
-29  21 
33  24 
9  18 
14  30 
7  29 
-9  56 
2  24 
36  -26 
32  11 
54  -5 
28  -44 
12  -2 
-8  14 
-14  27 
-12  13 
10  -5 
-3  -11 
19  25 
11  35 
56  12 
-10  37 
-22  -9 
4  11 
24  27 
-34  -17 
16  -24 
-17  -1 
13  -10 
5  18 
-11  40 
22  18 
6  -6 
0  28 
49  28 
-35  0 
20  -30 
6  0 
-3  30 
50  24 
-9  15 
37  29 
15  -22 
22  12 
24  -8 
-11  31 
4  -12 
52  2 
18  -12 
2  16 
42  30 
4  -3 
-13  31 
6  3 
81  -3 
37  1 
37  28 
-4  25 
1  -9 
4  30 
35  29 
23  15 
40  51 
-1  40 
-16  2 
11  51 
29  15 
-2  22 
-31  29 
19  42 
-5  33 
4  40 
-3  22 
-27  -5 
12  -7 
31  25 
49  27 
27  33 
14  13 
5  -2 
9  -47 
5  66 
31  39 
8  10 
10  7 
-17  7 
23  16 
24  31 
41  -4 
-26  25 
35  28 
6  19 
11  28 
7  27 
-8  55 
5  24 
36  -24 
33  11 
55  -5 
29  -44 
12  -6 
-8  9 
-13  25 
-12  16 
10  -6 
-1  -10 
21  27 
10  35 
58  9 
-13  37 
-21  -9 
6  13 
26  27 
-31  -19 
13  -26 
-19  -1 
13  -10 
9  20 
-9  42 
23  20 
6  -2 
0  28 
48  26 
-31  1 
20  -29 
7  1 
-4  28 
53  25 
-7  18 
38  29 
17  -27 
24  14 
25  -15 
-7  29 
3  -13 
49  0 
18  -9 
0  23 
42  32 
5  -3 
-13  31 
4  4 
84  2 
42  4 
33  30 
-4  25 
3  -11 
4  27 
35  29 
22  14 
40  52 
-3  42 
-16  5 
6  49 
30  16 
-3  23 
-31  33 
19  47 
-5  33 
3  40 
-1  23 
-29  -4 
13  -6 
28  31 
46  22 
24  28 
13  16 
4  -4 
9  -49 
7  66 
35  38 
4  13 
7  3 
-16  6 
27  13 
18  34 
46  4 
-30  27 
35  25 
6  18 
6  32 
7  24 
-7  55 
5  26 
36  -19 
31  11 
55  -1 
36  -45 
12  -7 
-8  9 
-12  27 
-8  14 
10  -6 
-2  -10 
20  25 
10  35 
54  9 
-11  37 
-17  -8 
6  13 
29  29 
-30  -19 
12  -29 
-19  -1 
16  -10 
12  15 
-7  43 
29  18 
5  -2 
1  25 
47  29 
-30  2 
20  -32 
3  1 
-2  26 
51  24 
-11  16 
36  27 
19  -26 
23  13 
24  -14 
-8  30 
4  -9 
51  3 
19  -18 
-2  21 
42  30 
9  0 
-14  31 
4  2 
84  0 
43  0 
35  30 
-4  25 
3  -11 
8  27 
38  30 
22  20 
40  52 
-4  41 
-18  4 
8  46 
31  16 
-2  22 
-35  37 
19  47 
-6  33 
3  36 
-3  22 
-32  -3 
11  -1 
32  29 
45  18 
22  34 
13  20 
5  -4 
3  -48 
6  70 
34  38 
2  12 
7  1 
-16  10 
25  13 
18  35 
46  2 
-33  26 
33  25 
10  16 
7  31 
5  25 
-7  59 
9  27 
38  -21 
39  11 
55  -2 
37  -46 
12  -8 
-11  8 
-13  23 
-6  16 
11  -11 
-5  -12 
18  25 
8  36 
54  5 
-18  35 
-20  -9 
4  12 
30  27 
-31  -22 
12  -29 
-18  -1 
15  -7 
13  15 
-10  41 
25  20 
7  -5 
0  25 
46  33 
-25  -5 
24  -34 
4  2 
-3  30 
54  25 
-9  15 
38  26 
17  -27 
25  15 
28  -14 
-5  29 
5  -7 
53  5 
17  -18 
-2  18 
40  31 
10  1 
-14  30 
2  -1 
85  4 
41  -1 
37  29 
-5  26 
4  -11 
3  27 
39  31 
26  25 
34  49 
-4  41 
-18  4 
6  49 
32  13 
-1  23 
-33  33 
20  45 
-5  33 
5  37 
-2  22 
-34  -2 
11  -1 
29  28 
49  20 
20  36 
12  21 
6  -4 
4  -50 
3  73 
32  38 
2  10 
7  1 
-18  12 
24  12 
18  34 
46  4 
-32  31 
31  24 
10  15 
11  33 
9  30 
-7  55 
10  27 
37  -26 
40  12 
55  -2 
38  -49 
9  -4 
-13  11 
-14  23 
-7  13 
15  -12 
-1  -13 
19  25 
8  36 
53  11 
-17  36 
-22  -10 
5  14 
25  25 
-29  -19 
12  -26 
-21  0 
20  -10 
14  13 
-8  42 
25  21 
7  -5 
1  25 
44  32 
-27  -4 
24  -34 
6  4 
-5  28 
53  24 
-8  15 
39  20 
18  -26 
25  16 
28  -13 
-6  36 
2  -8 
49  10 
17  -18 
-4  16 
43  33 
15  1 
-14  32 
5  4 
87  3 
42  -6 
34  27 
-10  25 
4  -10 
3  29 
39  30 
28  26 
33  51 
-2  41 
-22  5 
11  46 
32  14 
-2  24 
-32  33 
22  45 
-5  30 
5  37 
-4  21 
-34  -2 
11  -1 
33  25 
49  20 
22  36 
12  22 
5  -5 
6  -57 
6  73 
33  38 
2  10 
8  -1 
-21  14 
24  11 
19  39 
44  5 
-31  31 
31  24 
10  12 
9  41 
7  28 
-11  58 
9  33 
34  -27 
39  11 
54  -2 
37  -50 
11  -5 
-14  10 
-17  16 
-4  14 
12  -10 
-3  -11 
16  25 
7  39 
52  13 
-15  33 
-23  -7 
7  18 
25  26 
-29  -13 
13  -25 
-16  0 
12  -9 
15  13 
-8  41 
27  17 
7  -5 
2  24 
38  34 
-27  -2 
24  -38 
8  7 
-6  29 
52  23 
-7  14 
40  17 
18  -25 
21  19 
28  -10 
-5  38 
-1  -10 
49  7 
13  -20 
-5  15 
42  32 
9  1 
-13  31 
4  6 
86  3 
41  -2 
35  29 
-3  27 
4  -12 
5  26 
40  32 
29  28 
35  50 
0  41 
-20  2 
9  40 
44  13 
-2  27 
-34  30 
19  42 
-8  30 
1  41 
-2  22 
-31  -5 
12  -3 
30  25 
48  21 
24  40 
11  24 
5  0 
4  -56 
5  73 
31  39 
3  9 
7  1 
-19  20 
24  5 
18  38 
46  4 
-31  29 
36  28 
9  13 
7  35 
9  30 
-12  55 
9  31 
34  -24 
37  9 
49  -2 
38  -50 
12  -2 
-12  11 
-16  10 
-5  16 
13  -9 
-1  -13 
16  25 
3  36 
51  15 
-15  38 
-20  -4 
10  15 
27  23 
-30  -11 
14  -25 
-17  -1 
15  -6 
15  13 
-12  42 
25  15 
4  -8 
-3  22 
44  31 
-25  -7 
19  -37 
8  7 
-7  31 
53  20 
-10  15 
43  15 
20  -28 
19  14 
31  -9 
-9  39 
2  -8 
47  4 
12  -23 
-4  21 
37  29 
10  2 
-14  32 
4  8 
86  2 
38  -1 
33  30 
-4  30 
5  -11 
4  20 
41  25 
27  25 
38  50 
-1  39 
-22  2 
7  39 
45  15 
-8  25 
-36  34 
19  42 
-13  27 
2  39 
-3  22 
-31  -2 
12  -6 
34  27 
47  23 
24  42 
13  23 
6  -1 
4  -53 
3  79 
32  42 
2  10 
7  1 
-20  23 
28  11 
18  38 
49  7 
-29  29 
38  24 
1  19 
7  38 
6  29 
-14  58 
12  31 
28  -24 
40  11 
45  -6 
38  -51 
11  3 
-11  11 
-17  9 
-4  16 
12  -10 
-1  -15 
16  25 
1  38 
49  13 
-17  40 
-22  -6 
11  15 
25  25 
-28  -8 
14  -27 
-17  2 
9  -4 
16  12 
-24  47 
25  17 
4  -8 
-6  18 
45  24 
-24  -5 
21  -39 
6  10 
-8  31 
54  16 
-8  13 
38  14 
19  -29 
22  15 
27  -9 
-8  38 
2  -10 
47  3 
14  -22 
-5  19 
35  28 
4  0 
-15  34 
2  12 
84  8 
39  -1 
37  29 
-7  35 
8  -12 
2  18 
41  25 
27  28 
40  50 
-6  35 
-21  5 
7  39 
46  18 
-6  25 
-36  30 
11  43 
-11  28 
1  40 
-1  22 
-32  -2 
16  -4 
34  27 
48  25 
25  39 
13  25 
3  0 
5  -54 
-2  84 
28  33 
6  13 
7  1 
-21  20 
29  11 
22  34 
48  6 
-24  32 
37  28 
2  16 
11  44 
9  37 
-16  61 
10  29 
29  -24 
37  10 
47  -5 
38  -50 
12  6 
-16  11 
-17  9 
-5  18 
11  -11 
0  -15 
16  25 
3  36 
51  16 
-19  36 
-25  -5 
9  18 
28  27 
-27  -10 
14  -27 
-17  2 
11  -5 
14  9 
-27  51 
18  22 
7  -14 
-7  20 
44  29 
-24  -8 
23  -44 
9  13 
-12  27 
54  16 
-8  14 
36  15 
18  -30 
22  15 
27  -9 
-8  38 
2  -10 
46  3 
14  -22 
-5  18 
36  31 
1  -1 
-19  33 
2  12 
84  10 
40  -4 
36  29 
-10  43 
13  -14 
3  19 
45  25 
27  28 
37  49 
-7  34 
-21  5 
7  43 
46  13 
-6  27 
-40  31 
11  45 
-13  27 
-1  42 
0  26 
-37  -3 
15  -5 
36  25 
45  28 
30  37 
15  26 
-5  -1 
7  -54 
-3  81 
31  36 
7  9 
7  1 
-21  20 
29  8 
20  32 
47  5 
-26  34 
38  26 
4  13 
13  45 
9  36 
-16  60 
9  31 
30  -25 
39  11 
45  -5 
35  -47 
14  9 
-16  11 
-20  8 
-4  21 
8  -12 
0  -15 
15  28 
-2  34 
52  15 
-21  36 
-24  -4 
8  22 
28  29 
-25  -11 
17  -27 
-14  4 
12  -7 
10  4 
-27  51 
17  22 
11  -11 
-7  15 
44  31 
-27  -15 
23  -44 
8  9 
-13  25 
53  16 
-11  7 
33  15 
20  -29 
24  20 
30  -11 
-9  39 
2  -9 
47  3 
11  -25 
-7  20 
36  33 
0  -3 
-20  36 
4  14 
83  12 
41  -2 
32  33 
-8  45 
19  -15 
5  15 
45  24 
26  27 
37  49 
-10  36 
-22  2 
1  40 
43  17 
-4  27 
-39  31 
8  51 
-17  27 
-2  39 
4  23 
-35  -3 
18  -6 
35  26 
44  27 
29  36 
16  25 
-7  -1 
5  -55 
-4  81 
30  34 
9  8 
10  -1 
-21  20 
28  7 
20  32 
44  2 
-21  35 
40  25 
7  12 
5  46 
9  40 
-17  60 
12  34 
28  -24 
39  11 
45  -7 
35  -47 
17  10 
-16  12 
-20  8 
-5  18 
10  -13 
2  -16 
20  30 
-3  33 
54  13 
-21  36 
-26  -2 
10  25 
35  30 
-26  -11 
16  -28 
-15  2 
18  -10 
11  3 
-29  48 
19  22 
13  -9 
-14  18 
45  25 
-29  -15 
21  -45 
7  5 
-13  24 
55  15 
-10  10 
38  16 
17  -31 
27  17 
30  -16 
-13  39 
3  -8 
46  3 
12  -26 
-7  18 
34  36 
2  -8 
-15  34 
4  11 
85  18 
43  -1 
32  33 
-11  49 
20  -15 
6  9 
47  27 
24  24 
41  52 
-10  37 
-21  -1 
1  39 
50  16 
-6  27 
-40  32 
6  53 
-17  27 
-5  38 
5  23 
-34  -2 
20  -4 
39  25 
51  31 
28  38 
16  25 
-8  -1 
4  -53 
-6  81 
31  35 
7  9 
8  -4 
-22  24 
29  8 
25  35 
45  4 
-23  33 
39  27 
7  14 
2  44 
7  41 
-16  59 
16  31 
25  -24 
40  11 
49  -7 
39  -49 
15  10 
-16  10 
-18  7 
-6  18 
9  -16 
3  -11 
21  31 
-1  35 
55  13 
-24  32 
-27  0 
11  24 
38  26 
-25  -14 
13  -25 
-16  2 
18  -10 
9  0 
-27  51 
19  20 
7  -9 
-10  15 
44  26 
-22  -13 
21  -44 
10  7 
-14  25 
59  13 
-13  6 
36  16 
18  -30 
25  13 
27  -13 
-8  39 
5  -5 
46  3 
12  -27 
-8  18 
34  36 
3  -11 
-20  38 
4  12 
85  20 
50  1 
29  30 
-13  49 
21  -15 
4  13 
45  34 
21  21 
40  56 
-10  35 
-25  -2 
4  42 
49  16 
-5  27 
-40  32 
6  56 
-16  29 
-1  43 
5  24 
-35  1 
19  -4 
39  25 
49  27 
27  41 
16  25 
-7  0 
3  -53 
-3  82 
31  35 
9  8 
6  0 
-22  22 
32  11 
25  37 
43  3 
-27  35 
42  27 
6  13 
0  45 
12  42 
-11  58 
15  29 
22  -30 
36  7 
49  -7 
39  -49 
9  4 
-16  11 
-20  8 
-6  18 
10  -15 
-1  -13 
19  34 
-4  37 
54  13 
-23  30 
-29  -1 
11  24 
33  25 
-26  -11 
13  -21 
-13  4 
16  -10 
10  -4 
-26  51 
21  19 
8  -13 
-11  17 
47  19 
-24  -19 
18  -46 
8  7 
-13  26 
63  19 
-15  2 
39  13 
15  -29 
25  13 
27  -13 
-6  38 
11  -5 
43  4 
13  -30 
-8  15 
35  35 
4  -9 
-18  36 
-1  11 
84  26 
53  3 
26  32 
-17  49 
26  -17 
4  12 
42  39 
27  23 
41  58 
-13  33 
-22  4 
1  40 
47  18 
0  31 
-40  32 
6  53 
-15  24 
-1  43 
3  30 
-34  2 
16  -4 
36  25 
50  31 
28  40 
14  25 
-6  -4 
4  -50 
0  85 
32  33 
9  8 
8  -2 
-23  22 
29  11 
26  38 
44  2 
-28  31 
36  30 
7  15 
1  46 
12  37 
-11  58 
14  31 
22  -30 
35  9 
50  -11 
42  -48 
13  5 
-18  4 
-22  11 
0  17 
11  -16 
-1  -13 
21  36 
-2  40 
54  13 
-26  30 
-25  -2 
13  29 
38  25 
-24  -8 
11  -21 
-6  1 
18  -10 
12  -6 
-25  53 
19  22 
7  -15 
-15  17 
49  19 
-21  -18 
19  -40 
13  5 
-11  31 
68  18 
-8  1 
32  14 
16  -29 
26  10 
31  -16 
-9  39 
9  -2 
47  5 
13  -29 
-7  15 
35  35 
2  -8 
-20  37 
-1  11 
86  23 
51  3 
28  31 
-18  51 
28  -13 
7  13 
44  40 
27  26 
41  59 
-11  33 
-23  2 
6  40 
45  17 
0  28 
-40  32 
11  51 
-17  27 
-2  42 
3  32 
-35  4 
15  -2 
36  25 
52  29 
33  39 
17  27 
-8  -5 
4  -48 
-1  85 
31  35 
9  9 
8  -4 
-19  20 
28  8 
24  42 
47  3 
-33  31 
34  29 
7  15 
1  47 
14  38 
-11  57 
15  30 
25  -25 
29  7 
55  -14 
46  -47 
9  4 
-16  10 
-20  11 
3  20 
13  -13 
-2  -10 
24  31 
-2  39 
55  13 
-28  33 
-27  -2 
6  29 
38  26 
-25  -11 
5  -27 
-4  2 
17  -10 
13  0 
-26  52 
20  25 
9  -12 
-21  14 
49  16 
-18  -16 
19  -40 
11  4 
-9  31 
70  16 
-7  3 
30  15 
12  -29 
24  11 
31  -17 
-9  39 
8  -4 
44  4 
17  -31 
-9  15 
35  33 
6  -9 
-21  35 
-3  7 
88  21 
49  -2 
29  31 
-17  53 
30  -10 
9  10 
50  47 
31  29 
43  60 
-8  34 
-22  2 
6  38 
41  19 
0  28 
-40  31 
12  55 
-11  28 
2  40 
4  33 
-33  3 
15  -2 
36  25 
48  27 
32  38 
17  30 
-7  -1 
5  -43 
-1  85 
30  37 
15  6 
12  2 
-15  21 
27  5 
26  44 
47  1 
-33  31 
33  25 
6  12 
4  47 
14  38 
-11  57 
16  28 
26  -27 
29  5 
52  -15 
48  -51 
10  4 
-13  15 
-21  11 
4  20 
14  -11 
-1  -6 
23  27 
3  39 
57  13 
-26  36 
-27  -2 
8  30 
39  27 
-22  -10 
4  -28 
-1  2 
18  -4 
13  0 
-26  53 
20  25 
12  -8 
-24  16 
49  18 
-17  -13 
19  -41 
9  0 
-8  33 
70  17 
-4  2 
30  15 
12  -29 
24  11 
28  -14 
-12  42 
8  -4 
44  8 
17  -30 
-8  14 
34  32 
4  -8 
-24  36 
-4  10 
87  23 
40  1 
29  31 
-19  55 
29  -8 
7  11 
49  49 
36  32 
40  56 
-8  35 
-24  1 
5  40 
34  18 
2  24 
-40  30 
18  61 
-11  28 
2  34 
5  34 
-30  7 
18  -2 
33  25 
47  26 
31  39 
17  29 
-8  -1 
2  -45 
-1  85 
29  36 
11  4 
12  1 
-14  22 
27  4 
24  42 
51  1 
-32  30 
31  31 
5  13 
-2  51 
19  42 
-13  57 
18  30 
22  -28 
30  5 
47  -19 
47  -53 
11  6 
-15  15 
-20  12 
4  20 
11  -11 
-5  -5 
25  25 
-1  40 
55  11 
-26  36 
-21  -5 
10  29 
36  25 
-21  -10 
1  -24 
-1  3 
18  -6 
12  -2 
-26  53 
26  23 
11  -5 
-27  15 
49  17 
-15  -17 
21  -44 
11  1 
-8  32 
68  16 
-1  2 
30  14 
15  -31 
26  13 
27  -15 
-13  37 
7  -1 
43  9 
19  -33 
-8  13 
32  31 
0  -9 
-24  37 
-3  14 
87  23 
39  -1 
31  27 
-22  55 
29  -7 
9  11 
46  49 
36  30 
39  54 
-11  35 
-26  -2 
5  37 
35  16 
-3  22 
-43  29 
15  68 
-12  26 
2  35 
7  31 
-32  9 
13  0 
36  25 
48  25 
31  39 
19  25 
-11  0 
0  -44 
0  85 
29  36 
10  4 
12  2 
-15  24 
27  4 
23  40 
52  0 
-35  34 
30  27 
4  11 
-2  50 
18  47 
-16  64 
15  38 
22  -22 
32  6 
47  -19 
44  -54 
4  7 
-15  15 
-21  11 
1  19 
9  -11 
2  -10 
25  26 
-5  39 
56  11 
-27  36 
-17  -4 
8  27 
32  25 
-19  -14 
-2  -21 
-3  1 
18  -6 
11  4 
-25  53 
25  25 
10  -5 
-27  15 
57  14 
-14  -17 
20  -44 
7  -3 
-5  35 
66  20 
-1  0 
32  12 
13  -36 
25  17 
25  -15 
-18  38 
3  0 
43  9 
18  -31 
-9  15 
32  34 
4  -10 
-23  33 
-3  9 
89  31 
38  1 
30  24 
-21  55 
30  -8 
7  9 
50  49 
34  29 
36  54 
-10  34 
-29  1 
7  31 
36  16 
-4  21 
-40  30 
20  68 
-12  29 
7  35 
8  31 
-35  15 
13  -1 
36  25 
51  29 
31  39 
24  26 
-15  3 
1  -41 
3  87 
28  36 
9  0 
9  1 
-13  23 
31  4 
20  38 
53  -5 
-40  35 
35  29 
-1  10 
-1  47 
15  50 
-12  62 
15  39 
23  -24 
31  6 
44  -18 
44  -49 
5  6 
-11  16 
-22  14 
3  19 
18  -10 
6  -7 
28  27 
-7  42 
56  12 
-26  36 
-19  -6 
7  25 
36  27 
-15  -16 
2  -26 
-1  2 
15  -7 
9  4 
-26  53 
27  26 
5  -7 
-30  16 
58  10 
-12  -11 
19  -42 
7  -3 
-8  31 
67  19 
-4  -9 
34  10 
12  -35 
26  18 
25  -15 
-17  39 
1  -2 
43  7 
18  -25 
-10  16 
33  35 
4  -9 
-29  35 
0  12 
87  27 
39  2 
31  24 
-17  56 
29  -11 
7  11 
49  47 
33  34 
40  56 
-8  32 
-31  -4 
8  31 
37  10 
-3  22 
-41  30 
19  67 
-12  26 
5  35 
9  31 
-33  15 
12  -1 
38  26 
51  29 
33  40 
19  24 
-14  4 
-2  -37 
4  85 
30  37 
9  0 
7  5 
-13  24 
25  -4 
19  40 
53  -4 
-35  33 
40  25 
2  10 
0  48 
11  51 
-7  63 
15  38 
23  -18 
31  3 
45  -14 
48  -53 
4  2 
-10  15 
-22  14 
3  20 
13  -11 
6  -11 
27  26 
-8  41 
52  15 
-26  36 
-11  -7 
10  29 
36  25 
-15  -16 
3  -25 
2  4 
14  -7 
9  4 
-24  56 
33  30 
2  -8 
-31  18 
58  7 
-14  -13 
22  -42 
4  -8 
-8  31 
65  16 
-5  -9 
35  8 
12  -31 
25  15 
28  -18 
-18  39 
2  -4 
45  5 
21  -24 
-11  18 
31  35 
4  -9 
-30  35 
-1  13 
93  31 
37  1 
30  25 
-18  55 
26  -7 
7  11 
46  43 
37  33 
41  59 
-8  33 
-34  -2 
7  28 
36  12 
-4  21 
-42  31 
19  67 
-12  31 
5  34 
11  28 
-34  20 
9  -4 
35  26 
51  25 
32  34 
20  25 
-14  11 
-1  -38 
3  87 
28  36 
11  3 
6  5 
-11  20 
24  -6 
19  40 
53  -6 
-32  33 
39  25 
2  12 
0  48 
16  56 
-7  63 
14  38 
23  -23 
31  -1 
47  -14 
49  -49 
4  -2 
-10  14 
-22  14 
1  17 
16  -13 
6  -8 
27  25 
-13  41 
55  13 
-26  36 
-13  -7 
12  27 
36  25 
-16  -18 
3  -24 
4  8 
11  -11 
13  5 
-22  50 
35  29 
2  -10 
-31  21 
61  5 
-16  -12 
26  -40 
2  -10 
-8  30 
69  18 
-4  -8 
37  10 
17  -31 
25  17 
24  -14 
-14  38 
1  -7 
47  5 
23  -24 
-12  16 
25  35 
3  -18 
-27  35 
0  12 
92  31 
37  2 
35  29 
-23  53 
24  -6 
6  11 
46  52 
36  34 
42  52 
-8  35 
-33  -3 
9  27 
33  10 
-1  20 
-41  31 
20  65 
-14  33 
5  32 
11  29 
-39  15 
9  -4 
35  25 
56  21 
30  35 
21  26 
-12  7 
-1  -35 
6  84 
31  35 
10  5 
6  3 
-13  18 
24  -8 
24  41 
52  -1 
-30  34 
34  30 
5  13 
1  51 
16  56 
-9  63 
12  33 
25  -22 
36  0 
48  -14 
48  -52 
3  -1 
-11  15 
-24  13 
1  19 
18  -14 
4  -9 
27  24 
-16  40 
55  13 
-26  36 
-17  -5 
16  27 
38  24 
-16  -27 
0  -24 
8  11 
12  -11 
16  5 
-17  50 
38  30 
4  -10 
-33  21 
60  8 
-13  -11 
26  -40 
3  -11 
-8  33 
67  17 
-5  -12 
37  9 
14  -30 
25  15 
27  -14 
-15  37 
0  -10 
44  4 
23  -23 
-13  15 
25  34 
5  -16 
-33  39 
-4  12 
96  30 
36  1 
34  29 
-22  54 
21  -1 
11  8 
47  51 
34  35 
40  51 
-6  36 
-32  -4 
11  24 
32  10 
2  14 
-42  30 
21  64 
-8  35 
6  30 
8  29 
-36  20 
12  -6 
34  25 
57  22 
30  34 
13  31 
-12  7 
-1  -35 
8  86 
34  33 
13  5 
11  3 
-18  24 
23  -4 
26  42 
53  0 
-30  37 
36  31 
6  13 
4  50 
16  56 
-9  61 
13  35 
23  -25 
33  -1 
48  -9 
51  -49 
1  0 
-10  15 
-25  17 
-1  20 
17  -13 
4  -6 
26  24 
-15  40 
58  19 
-24  34 
-14  -2 
10  29 
39  22 
-21  -26 
-1  -21 
8  10 
12  -11 
11  7 
-11  51 
37  30 
4  -14 
-31  22 
61  6 
-12  -12 
25  -43 
4  -10 
-7  35 
64  20 
-8  -9 
37  10 
11  -32 
33  20 
29  -12 
-19  37 
0  -8 
44  7 
22  -26 
-11  18 
24  31 
8  -14 
-35  39 
-8  5 
100  31 
36  1 
36  28 
-18  56 
21  -1 
9  9 
49  51 
34  36 
46  50 
-5  35 
-32  -4 
11  25 
31  4 
3  13 
-41  31 
24  68 
-7  36 
11  29 
7  25 
-38  19 
12  -6 
30  22 
58  22 
32  33 
12  32 
-13  7 
1  -39 
10  87 
36  32 
14  9 
12  3 
-15  24 
21  -5 
23  40 
49  1 
-29  35 
38  34 
7  15 
5  56 
18  59 
-7  58 
11  39 
23  -24 
35  -2 
48  -13 
47  -54 
1  -2 
-15  14 
-26  18 
-1  19 
26  -17 
4  -7 
29  27 
-11  40 
62  20 
-21  36 
-17  -5 
11  31 
37  22 
-20  -24 
-1  -20 
7  3 
13  -10 
14  7 
-12  51 
33  31 
5  -17 
-32  22 
60  8 
-12  -7 
27  -37 
5  -14 
-10  35 
65  21 
-5  -11 
37  10 
5  -32 
31  19 
27  -7 
-15  37 
-1  -9 
44  6 
22  -28 
-11  16 
20  31 
8  -14 
-36  40 
-6  7 
100  32 
40  1 
36  30 
-17  56 
23  0 
10  10 
49  50 
35  33 
49  53 
-4  37 
-31  -2 
19  27 
33  7 
0  15 
-42  30 
26  73 
-5  38 
11  27 
6  22 
-41  22 
13  -5 
32  22 
62  23 
32  31 
9  32 
-11  11 
4  -38 
11  83 
38  27 
16  12 
12  1 
-15  24 
22  -10 
21  38 
53  0 
-28  33 
39  35 
5  18 
7  59 
14  58 
-8  58 
14  36 
23  -25 
38  -6 
51  -16 
45  -55 
1  0 
-15  13 
-24  21 
-2  19 
27  -15 
4  -8 
27  26 
-11  40 
62  24 
-19  39 
-20  -4 
13  31 
37  24 
-18  -29 
-1  -20 
6  3 
14  -11 
20  5 
-14  51 
35  30 
4  -15 
-33  21 
59  7 
-13  -7 
27  -35 
5  -16 
-9  35 
69  18 
-5  -11 
31  11 
8  -34 
31  19 
25  -7 
-14  33 
-1  -9 
44  8 
22  -30 
-12  16 
15  30 
4  -14 
-35  40 
-8  13 
100  32 
35  2 
36  32 
-19  56 
23  -3 
11  7 
48  51 
34  29 
48  53 
-6  38 
-30  -5 
18  29 
34  5 
3  20 
-40  31 
25  77 
-5  38 
16  25 
7  21 
-44  21 
16  -4 
31  23 
64  22 
37  29 
12  30 
-11  11 
11  -38 
10  84 
36  27 
18  11 
9  -4 
-21  14 
24  -9 
22  38 
46  2 
-26  34 
37  34 
8  19 
6  58 
9  61 
-7  60 
13  35 
24  -20 
40  -4 
51  -15 
46  -57 
1  -3 
-13  15 
-22  22 
-3  13 
31  -11 
3  -11 
30  27 
-11  40 
63  23 
-18  39 
-18  -5 
12  31 
44  24 
-23  -30 
-2  -21 
7  3 
13  -10 
18  7 
-11  50 
38  34 
7  -14 
-28  19 
56  1 
-14  -7 
28  -33 
7  -19 
-14  38 
69  16 
-7  -10 
32  14 
9  -31 
31  19 
23  -3 
-15  35 
1  -7 
44  10 
20  -28 
-13  15 
12  30 
5  -16 
-33  45 
-7  19 
101  38 
36  0 
36  32 
-18  56 
22  -1 
13  9 
47  47 
27  31 
44  51 
-6  38 
-32  -7 
14  29 
31  4 
2  18 
-40  28 
25  80 
-5  38 
15  26 
10  21 
-45  21 
21  -4 
29  24 
63  20 
38  30 
12  31 
-15  13 
13  -37 
11  89 
39  26 
19  11 
11  -5 
-23  14 
24  -6 
20  36 
43  -1 
-31  38 
38  34 
11  23 
5  57 
12  55 
-7  60 
19  36 
24  -20 
41  -1 
54  -15 
44  -57 
3  -5 
-15  14 
-23  21 
1  17 
39  -15 
0  -10 
28  31 
-8  41 
61  21 
-21  40 
-17  -11 
13  31 
45  21 
-25  -31 
-6  -21 
6  2 
12  -7 
20  5 
-13  46 
35  33 
7  -17 
-28  19 
56  -4 
-11  -7 
27  -33 
7  -19 
-15  37 
68  16 
-4  -10 
38  14 
5  -28 
32  20 
19  -7 
-18  32 
1  -7 
45  11 
20  -29 
-13  15 
6  32 
6  -16 
-32  51 
-8  23 
98  39 
34  -2 
37  33 
-15  56 
25  1 
15  9 
45  44 
29  31 
42  50 
-7  36 
-31  -12 
12  35 
30  7 
1  21 
-41  25 
26  82 
-3  37 
15  26 
13  19 
-42  22 
20  -4 
31  24 
66  23 
36  32 
9  30 
-13  17 
15  -38 
8  86 
43  27 
18  10 
9  -2 
-26  16 
26  -7 
22  36 
41  -1 
-31  39 
39  37 
9  24 
5  53 
11  55 
-8  61 
16  33 
22  -16 
39  2 
52  -12 
45  -55 
5  -5 
-13  8 
-23  22 
8  18 
36  -15 
-1  -9 
27  29 
-13  43 
64  20 
-21  40 
-16  -8 
11  29 
44  26 
-25  -30 
-11  -20 
0  5 
13  -5 
18  4 
-12  45 
35  33 
4  -16 
-24  15 
56  0 
-14  -7 
26  -36 
9  -20 
-12  36 
69  18 
-2  -9 
40  16 
5  -35 
31  15 
20  -12 
-18  32 
3  -11 
44  10 
20  -28 
-11  11 
2  35 
4  -17 
-31  48 
-8  12 
99  40 
35  -2 
39  34 
-16  52 
24  0 
16  5 
44  42 
33  30 
42  50 
-6  38 
-29  -17 
14  29 
35  2 
-1  22 
-45  26 
24  86 
-6  36 
15  29 
11  19 
-47  20 
22  0 
30  29 
67  25 
35  31 
7  29 
-17  16 
16  -39 
8  87 
44  31 
15  12 
6  5 
-19  20 
23  -5 
24  37 
43  -1 
-34  43 
41  37 
9  24 
5  55 
9  56 
-14  58 
14  33 
22  -16 
38  2 
56  -9 
46  -54 
10  -5 
-13  7 
-21  24 
5  17 
36  -16 
1  -9 
31  24 
-13  43 
63  20 
-22  39 
-12  -12 
11  29 
48  26 
-25  -27 
-8  -19 
0  5 
7  -5 
17  2 
-13  48 
36  36 
1  -21 
-20  17 
56  -5 
-16  -5 
26  -37 
5  -21 
-14  36 
68  16 
-3  -13 
38  15 
2  -36 
34  16 
20  -12 
-15  33 
2  -10 
44  9 
19  -29 
-11  8 
3  35 
6  -21 
-31  51 
-9  15 
99  42 
35  -1 
40  32 
-14  53 
21  0 
16  5 
47  43 
31  29 
42  51 
-4  34 
-32  -19 
13  30 
37  2 
-1  27 
-48  26 
25  85 
-7  40 
16  30 
13  19 
-48  18 
24  2 
28  31 
68  26 
33  29 
7  26 
-17  19 
16  -39 
4  84 
46  38 
16  12 
7  7 
-19  15 
21  -2 
24  38 
41  -1 
-33  41 
38  41 
10  22 
3  56 
9  57 
-11  58 
14  33 
19  -15 
38  2 
57  -9 
46  -58 
7  -3 
-17  0 
-20  25 
5  17 
31  -16 
3  -13 
27  25 
-15  44 
64  23 
-25  34 
-11  -7 
8  27 
45  26 
-25  -27 
-10  -19 
-2  6 
7  -5 
14  -2 
-15  55 
37  33 
1  -24 
-16  12 
56  -4 
-16  -8 
27  -35 
5  -22 
-15  37 
67  15 
-4  -12 
36  17 
0  -34 
38  18 
20  -12 
-11  28 
4  -10 
43  9 
13  -29 
-11  11 
1  35 
9  -20 
-29  49 
-8  14 
100  42 
34  -2 
39  31 
-16  51 
24  0 
15  6 
43  43 
28  31 
40  51 
-1  36 
-33  -17 
15  29 
36  1 
-2  29 
-49  25 
24  88 
-8  39 
16  31 
8  17 
-49  19 
25  6 
29  32 
69  29 
31  31 
7  26 
-17  20 
17  -38 
5  85 
46  38 
13  10 
8  13 
-25  17 
18  -5 
24  42 
39  2 
-33  41 
35  38 
11  23 
0  56 
11  55 
-11  58 
13  35 
20  -15 
37  1 
57  -10 
48  -53 
5  -5 
-17  -1 
-19  26 
7  19 
33  -13 
3  -13 
33  25 
-14  43 
64  26 
-21  34 
-11  -7 
7  28 
42  32 
-28  -27 
-9  -19 
-8  11 
3  -7 
14  -4 
-14  54 
38  34 
-1  -25 
-18  10 
56  -4 
-16  -9 
26  -37 
8  -24 
-13  38 
67  15 
-7  -15 
42  15 
4  -31 
39  20 
17  -11 
-13  23 
4  -10 
43  9 
11  -29 
-12  7 
1  34 
10  -19 
-31  49 
-8  13 
97  41 
33  -2 
40  31 
-15  53 
27  4 
16  5 
45  45 
28  26 
42  50 
3  36 
-36  -14 
13  27 
36  1 
-4  30 
-49  24 
23  87 
-5  37 
14  31 
10  15 
-52  18 
25  4 
29  31 
68  30 
31  28 
7  26 
-23  22 
20  -35 
7  87 
45  35 
16  12 
6  11 
-25  15 
20  -4 
23  42 
38  1 
-33  41 
35  39 
15  18 
4  60 
10  54 
-11  58 
13  34 
18  -14 
39  2 
60  -11 
43  -57 
4  -6 
-17  0 
-25  26 
9  13 
35  -11 
4  -12 
34  25 
-18  44 
60  22 
-22  34 
-9  -5 
7  29 
46  32 
-27  -25 
-9  -21 
-8  12 
8  -9 
16  -5 
-13  51 
35  33 
5  -23 
-21  11 
56  -7 
-17  -8 
27  -31 
5  -23 
-14  38 
67  15 
-9  -15 
41  11 
4  -30 
38  22 
15  -11 
-16  22 
4  -8 
43  9 
14  -31 
-11  7 
4  38 
10  -19 
-34  53 
-7  16 
99  43 
33  0 
40  32 
-13  47 
33  7 
14  5 
44  46 
27  24 
44  53 
3  35 
-37  -12 
7  26 
37  1 
0  31 
-52  24 
22  86 
-5  38 
17  30 
10  16 
-51  20 
26  2 
31  28 
73  31 
31  29 
9  30 
-22  23 
20  -35 
8  87 
45  35 
15  10 
6  7 
-24  12 
17  -7 
22  41 
36  1 
-33  41 
39  40 
11  19 
5  65 
8  53 
-13  57 
13  35 
16  -13 
39  2 
60  -12 
47  -61 
2  -10 
-20  -3 
-27  25 
9  13 
29  -16 
3  -13 
33  30 
-18  44 
66  20 
-21  35 
-9  -5 
9  31 
46  31 
-30  -25 
-6  -22 
-8  11 
7  -7 
16  -4 
-10  49 
35  33 
8  -29 
-23  9 
57  -7 
-14  -7 
32  -30 
9  -22 
-14  38 
67  15 
-9  -17 
40  11 
4  -30 
38  22 
16  -8 
-21  20 
2  -9 
44  9 
13  -30 
-16  6 
5  37 
13  -18 
-32  62 
-4  16 
87  47 
42  -5 
40  32 
-13  43 
28  0 
16  5 
45  46 
25  24 
44  51 
2  38 
-36  -12 
7  25 
32  -1 
2  30 
-56  24 
23  89 
-5  38 
17  30 
13  19 
-54  23 
24  2 
30  25 
73  31 
34  29 
7  28 
-21  22 
19  -35 
5  85 
43  36 
16  6 
10  10 
-26  13 
23  -1 
16  41 
37  2 
-33  41 
38  39 
13  20 
2  64 
4  52 
-12  56 
10  34 
18  -14 
45  -2 
62  -14 
50  -64 
5  -5 
-23  -3 
-21  27 
9  13 
29  -21 
3  -10 
32  31 
-18  47 
64  20 
-17  40 
-3  -13 
8  30 
51  29 
-33  -22 
-6  -22 
-3  9 
2  -8 
19  -4 
-12  51 
32  33 
12  -34 
-21  11 
53  -12 
-9  -11 
31  -32 
9  -20 
-12  36 
65  15 
-12  -18 
39  11 
10  -33 
38  21 
18  -9 
-21  20 
1  -9 
45  4 
15  -27 
-12  6 
4  40 
13  -18 
-31  58 
-5  10 
87  46 
42  -4 
43  30 
-14  42 
32  -2 
16  5 
44  45 
24  22 
43  47 
-2  42 
-36  -10 
5  33 
33  0 
3  40 
-52  17 
26  90 
-5  38 
20  32 
14  13 
-56  23 
25  -4 
27  27 
73  30 
38  30 
7  31 
-16  24 
21  -35 
6  84 
41  36 
9  2 
4  14 
-22  14 
22  -6 
12  45 
37  1 
-33  41 
43  29 
12  22 
2  64 
4  51 
-8  52 
10  35 
17  -10 
49  -9 
56  -10 
51  -65 
6  -5 
-24  -4 
-20  28 
9  13 
32  -19 
2  -10 
35  28 
-21  47 
65  17 
-17  39 
-6  -11 
9  30 
48  31 
-31  -24 
-6  -24 
-2  9 
1  0 
21  -5 
-9  45 
32  33 
11  -37 
-23  9 
56  -13 
-7  -15 
36  -35 
15  -22 
-9  35 
65  15 
-14  -16 
35  15 
8  -29 
38  21 
20  -8 
-19  19 
8  -10 
45  5 
19  -27 
-13  4 
6  43 
18  -14 
-31  60 
-6  13 
87  46 
42  -6 
44  31 
-13  43 
34  -2 
14  7 
45  44 
18  22 
43  47 
-1  40 
-36  -8 
7  33 
33  -2 
-2  39 
-54  18 
27  92 
-13  37 
18  35 
13  15 
-57  19 
25  -2 
32  30 
73  31 
37  29 
9  31 
-17  23 
17  -33 
5  86 
40  36 
13  0 
5  17 
-21  16 
26  -7 
11  46 
36  2 
-33  41 
50  29 
11  23 
0  65 
5  53 
-10  50 
7  36 
15  -12 
47  -15 
53  -10 
50  -65 
7  -2 
-21  -2 
-23  30 
9  13 
32  -19 
4  -10 
42  32 
-23  42 
66  16 
-17  36 
-6  -11 
6  32 
47  27 
-33  -21 
-6  -24 
0  10 
4  6 
19  -1 
-10  47 
32  33 
8  -34 
-24  8 
56  -15 
-3  -13 
30  -36 
16  -25 
-12  36 
65  15 
-14  -18 
35  15 
8  -34 
39  20 
19  -9 
-18  18 
11  -12 
46  4 
17  -26 
-13  5 
6  43 
19  -18 
-33  61 
-6  16 
85  45 
41  -5 
44  29 
-9  46 
32  -3 
13  5 
45  44 
20  23 
44  46 
-2  44 
-37  -4 
9  33 
34  -2 
0  37 
-54  18 
29  91 
-13  35 
16  34 
13  15 
-56  20 
25  -3 
33  30 
68  30 
37  29 
9  28 
-16  24 
19  -33 
7  83 
40  36 
11  -1 
7  17 
-22  14 
24  -9 
13  51 
42  4 
-35  39 
51  29 
11  21 
0  68 
4  50 
-12  47 
11  35 
16  -8 
47  -13 
52  -9 
50  -65 
9  -2 
-14  -7 
-20  31 
7  13 
29  -24 
2  -10 
42  32 
-22  42 
65  13 
-21  36 
-5  -7 
6  29 
45  26 
-28  -25 
-8  -28 
3  9 
3  7 
19  -1 
-11  49 
34  33 
10  -33 
-25  9 
56  -15 
0  -15 
32  -40 
21  -21 
-16  34 
63  13 
-17  -17 
35  18 
4  -31 
38  18 
20  -8 
-18  15 
9  -9 
51  4 
19  -29 
-12  6 
7  44 
18  -18 
-31  60 
-6  16 
87  46 
46  -2 
40  22 
-8  51 
33  -4 
18  10 
45  46 
19  25 
45  41 
-1  40 
-39  -4 
10  32 
33  0 
-1  43 
-55  17 
27  91 
-16  32 
15  29 
16  16 
-58  16 
25  -4 
33  31 
71  29 
34  29 
8  30 
-17  27 
14  -35 
0  81 
42  33 
8  2 
5  25 
-20  16 
24  -10 
18  49 
38  4 
-32  39 
45  33 
11  19 
0  68 
4  47 
-12  51 
13  35 
16  -10 
46  -13 
54  -9 
51  -65 
7  -5 
-11  -7 
-23  30 
7  9 
34  -22 
0  -9 
42  31 
-21  42 
63  9 
-17  36 
-5  -7 
6  26 
48  27 
-32  -24 
-8  -28 
7  8 
2  4 
19  -4 
-12  49 
34  33 
9  -32 
-22  11 
56  -15 
-1  -15 
28  -34 
21  -21 
-23  29 
62  19 
-14  -17 
38  22 
4  -30 
38  18 
20  -8 
-16  20 
11  -9 
53  7 
20  -32 
-10  7 
7  47 
13  -19 
-31  60 
-4  16 
87  43 
46  -2 
39  22 
-8  51 
29  -5 
18  10 
47  44 
18  27 
45  39 
-4  41 
-36  2 
10  35 
31  4 
-5  49 
-59  18 
26  91 
-20  36 
14  29 
20  10 
-61  15 
26  -13 
32  34 
74  26 
31  29 
9  28 
-16  28 
11  -35 
-2  79 
41  36 
10  1 
9  27 
-22  14 
24  -8 
15  52 
41  6 
-31  38 
45  37 
13  17 
3  67 
4  44 
-7  51 
14  36 
14  -7 
44  -9 
55  -10 
48  -64 
7  -5 
-10  -6 
-27  30 
7  6 
33  -20 
1  -7 
38  31 
-23  42 
64  14 
-14  30 
-5  -7 
4  26 
48  27 
-29  -25 
-7  -24 
5  6 
2  4 
16  -8 
-14  49 
36  35 
9  -29 
-20  11 
56  -15 
-1  -17 
27  -34 
22  -25 
-21  27 
53  20 
-13  -17 
43  20 
6  -30 
35  18 
22  -10 
-19  21 
15  -11 
46  9 
20  -32 
-12  8 
11  46 
8  -18 
-31  58 
-2  15 
85  43 
44  0 
38  22 
-10  50 
32  -6 
20  11 
45  46 
17  29 
41  39 
-3  42 
-35  4 
9  33 
31  3 
-3  48 
-59  18 
31  89 
-14  38 
19  25 
18  10 
-61  11 
27  -13 
33  35 
71  25 
33  30 
14  29 
-16  26 
11  -36 
-1  74 
43  35 
7  1 
7  28 
-22  14 
29  -9 
14  53 
44  2 
-35  37 
44  32 
12  18 
4  71 
4  49 
-3  50 
12  33 
15  -3 
38  -11 
56  -10 
43  -68 
7  -4 
-10  -5 
-28  29 
6  3 
30  -16 
1  -7 
37  33 
-17  36 
62  16 
-14  33 
-6  -4 
6  24 
47  25 
-29  -25 
-14  -21 
5  5 
1  6 
16  -8 
-16  44 
38  36 
8  -29 
-12  7 
57  -13 
-2  -18 
26  -32 
25  -34 
-21  27 
52  19 
-14  -16 
42  19 
5  -27 
35  18 
22  -10 
-8  17 
12  -9 
47  13 
20  -32 
-9  9 
13  51 
10  -19 
-32  56 
0  12 
87  43 
44  0 
38  24 
-13  46 
36  -5 
15  9 
43  43 
20  29 
41  39 
-1  42 
-36  3 
10  37 
31  3 
-5  53 
-57  19 
27  87 
-11  40 
17  22 
17  10 
-61  10 
31  -16 
32  33 
72  26 
36  33 
16  32 
-16  26 
20  -33 
1  76 
43  36 
6  -4 
11  25 
-23  14 
29  -9 
15  54 
44  2 
-34  38 
43  35 
9  18 
2  64 
3  49 
-10  49 
12  30 
16  1 
39  -9 
57  -11 
46  -67 
7  -5 
-10  -5 
-26  27 
7  1 
30  -16 
4  -9 
32  34 
-21  34 
62  18 
-11  33 
-7  -5 
8  27 
47  25 
-30  -24 
-13  -22 
4  5 
-1  5 
15  -5 
-11  48 
37  33 
8  -29 
-12  10 
58  -10 
-2  -18 
23  -33 
27  -34 
-21  27 
56  19 
-12  -14 
46  23 
7  -29 
32  19 
24  -5 
-9  19 
16  -11 
46  18 
20  -32 
-9  9 
18  46 
9  -22 
-36  60 
-2  11 
87  47 
41  0 
39  25 
-14  47 
35  -5 
12  5 
47  39 
16  36 
37  38 
0  45 
-33  3 
11  35 
30  4 
-7  55 
-58  20 
29  87 
-9  41 
23  20 
20  12 
-60  11 
29  -16 
29  30 
77  27 
33  36 
18  27 
-15  25 
19  -38 
6  73 
43  36 
2  -9 
16  25 
-24  14 
29  -9 
13  53 
44  11 
-33  37 
45  37 
10  16 
2  66 
4  48 
-12  47 
14  29 
16  1 
37  -11 
56  -8 
47  -72 
7  -5 
-7  -10 
-25  29 
10  -3 
31  -17 
4  -8 
36  30 
-26  38 
61  18 
-18  30 
-8  -3 
5  33 
49  28 
-32  -24 
-9  -18 
4  6 
5  4 
15  -9 
-14  51 
35  38 
8  -29 
-10  15 
56  -13 
-2  -18 
23  -37 
30  -35 
-16  26 
55  22 
-13  -12 
47  25 
8  -30 
33  20 
19  0 
-8  18 
15  -14 
46  20 
20  -33 
-8  6 
17  47 
9  -21 
-35  60 
-3  10 
87  47 
38  4 
38  25 
-13  46 
43  -5 
10  9 
45  33 
16  34 
41  38 
3  47 
-34  3 
11  35 
28  -4 
-6  56 
-59  17 
31  88 
-10  41 
24  20 
24  12 
-62  10 
31  -16 
26  32 
79  31 
31  39 
16  26 
-15  25 
16  -38 
5  74 
44  34 
0  -9 
16  25 
-27  14 
28  -9 
13  55 
40  16 
-33  38 
46  38 
7  13 
1  65 
4  49 
-12  46 
15  31 
16  1 
40  -8 
58  -9 
46  -67 
6  -5 
-13  -11 
-25  29 
10  -5 
29  -12 
4  -9 
38  29 
-23  42 
63  20 
-14  31 
-8  1 
9  33 
47  31 
-31  -23 
-6  -22 
3  9 
7  1 
16  -8 
-12  49 
38  46 
9  -33 
-6  9 
51  -9 
-3  -18 
28  -38 
31  -37 
-14  23 
56  21 
-17  -13 
43  22 
8  -33 
33  17 
15  -2 
-10  15 
15  -12 
43  20 
22  -36 
-4  5 
21  45 
9  -20 
-29  59 
-3  9 
93  50 
39  3 
38  27 
-17  41 
40  -4 
10  9 
44  32 
16  36 
44  34 
3  48 
-35  5 
12  34 
27  -3 
-6  56 
-58  19 
35  86 
-13  39 
26  21 
29  11 
-62  11 
31  -19 
24  31 
77  30 
32  39 
17  27 
-16  22 
19  -38 
5  73 
38  30 
2  -10 
15  31 
-26  13 
28  -11 
15  55 
43  15 
-35  37 
49  37 
8  13 
-1  65 
3  49 
-12  46 
14  29 
15  2 
40  -8 
60  -9 
47  -72 
6  -7 
-13  -13 
-25  27 
9  -4 
27  -14 
7  -15 
36  32 
-26  38 
61  15 
-12  31 
-4  2 
7  33 
49  28 
-29  -24 
-2  -26 
5  6 
13  0 
15  -10 
-8  53 
39  47 
11  -31 
-7  11 
47  -14 
1  -21 
29  -39 
32  -39 
-13  25 
55  18 
-11  -13 
47  23 
11  -37 
29  17 
14  -2 
-9  16 
19  -10 
46  19 
25  -35 
-4  5 
20  45 
7  -19 
-28  58 
-5  9 
91  51 
46  -2 
39  27 
-19  46 
44  -6 
12  6 
44  27 
19  33 
42  30 
3  47 
-37  8 
16  36 
33  -5 
-7  56 
-56  11 
38  89 
-15  35 
21  17 
27  11 
-59  11 
33  -17 
24  30 
74  30 
33  40 
16  28 
-18  24 
24  -38 
5  73 
39  31 
1  -7 
20  28 
-22  15 
29  -12 
17  53 
38  19 
-33  35 
49  38 
11  9 
-1  65 
3  53 
-10  49 
18  30 
16  1 
40  -8 
62  -8 
48  -71 
0  -4 
-13  -13 
-26  29 
4  -7 
28  -13 
6  -17 
36  32 
-29  39 
62  20 
-12  34 
4  3 
9  31 
47  29 
-33  -23 
-2  -26 
6  7 
12  -7 
14  -7 
-6  56 
38  41 
13  -26 
-7  11 
45  -22 
0  -17 
24  -38 
34  -44 
-15  24 
55  18 
-13  -15 
45  23 
13  -35 
30  15 
11  2 
-11  15 
20  -9 
45  17 
25  -29 
-4  5 
21  45 
7  -19 
-29  61 
-5  11 
92  51 
46  -2 
40  25 
-21  47 
46  -9 
10  5 
45  25 
19  34 
42  32 
5  56 
-36  11 
16  36 
29  -4 
-7  54 
-57  16 
35  86 
-12  33 
18  19 
29  10 
-61  10 
29  -20 
24  32 
77  29 
33  40 
15  29 
-16  23 
24  -34 
4  74 
38  32 
0  -4 
20  28 
-22  14 
32  -11 
17  53 
41  18 
-33  35 
54  33 
12  13 
-6  69 
4  58 
-13  46 
17  30 
18  -2 
40  -8 
62  -10 
49  -72 
-2  -5 
-12  -13 
-29  29 
5  -5 
23  -13 
7  -17 
35  33 
-28  38 
64  20 
-13  31 
6  3 
7  29 
49  31 
-37  -28 
-2  -27 
7  4 
12  -6 
14  -6 
-5  55 
39  42 
9  -27 
-7  9 
47  -22 
-2  -18 
24  -38 
36  -45 
-17  23 
54  18 
-11  -13 
43  21 
11  -31 
28  16 
5  4 
-11  18 
24  -9 
48  18 
25  -27 
-3  10 
24  48 
8  -18 
-29  59 
-4  9 
92  50 
49  0 
39  27 
-23  49 
44  -10 
16  5 
44  26 
12  34 
40  32 
5  54 
-32  11 
16  36 
32  -5 
-9  56 
-59  18 
31  85 
-14  33 
19  20 
30  15 
-60  11 
29  -24 
22  35 
84  32 
33  36 
14  29 
-18  24 
25  -35 
4  69 
43  32 
-4  -10 
20  28 
-25  11 
29  -9 
18  54 
41  19 
-30  37 
55  33 
13  14 
-8  69 
3  56 
-12  46 
19  31 
18  4 
43  -9 
62  -10 
53  -73 
-4  -3 
-12  -13 
-30  31 
4  -6 
26  -17 
7  -14 
38  32 
-26  36 
63  20 
-11  30 
4  0 
7  29 
55  30 
-37  -31 
-2  -21 
7  3 
12  -9 
17  -6 
-4  52 
36  41 
9  -27 
-7  10 
47  -25 
-3  -18 
27  -39 
36  -45 
-14  24 
47  19 
-11  -12 
41  19 
15  -29 
29  16 
5  3 
-13  17 
23  -10 
46  18 
24  -28 
-7  14 
23  47 
6  -17 
-28  57 
-1  2 
91  51 
52  1 
38  21 
-22  50 
44  -10 
19  5 
39  27 
13  31 
42  30 
5  57 
-27  10 
16  37 
31  -5 
-8  53 
-62  19 
33  83 
-10  27 
19  20 
33  19 
-53  5 
28  -24 
18  38 
85  36 
31  39 
14  27 
-16  23 
27  -36 
0  71 
44  31 
-2  -6 
20  28 
-21  10 
23  -11 
16  50 
42  14 
-31  38 
52  29 
13  16 
-9  64 
2  55 
-13  43 
20  30 
20  5 
41  -3 
63  -4 
51  -71 
-5  -1 
-14  -10 
-31  31 
6  -7 
26  -11 
7  -11 
39  31 
-26  36 
62  20 
-12  30 
5  -5 
7  27 
54  29 
-36  -34 
-2  -25 
5  6 
14  -7 
17  -10 
-8  54 
36  41 
5  -27 
-4  7 
47  -25 
-2  -18 
27  -39 
40  -44 
-15  23 
46  22 
-12  -14 
41  20 
15  -27 
30  14 
7  3 
-10  15 
20  -9 
43  20 
25  -25 
-5  15 
24  49 
8  -13 
-26  56 
1  -1 
89  53 
49  0 
37  21 
-23  49 
44  -8 
20  5 
38  26 
9  28 
42  30 
6  57 
-27  11 
21  33 
31  -5 
-7  55 
-61  20 
32  78 
-13  26 
16  21 
33  18 
-57  7 
28  -24 
14  38 
82  34 
31  39 
8  31 
-14  20 
25  -36 
0  70 
42  38 
-1  -6 
21  26 
-23  10 
24  -10 
14  49 
42  15 
-33  37 
44  26 
13  20 
-9  63 
1  61 
-16  45 
18  31 
18  7 
43  -3 
61  -2 
47  -72 
-5  -2 
-7  -10 
-34  33 
5  -7 
31  -11 
7  -15 
36  30 
-27  34 
64  22 
-11  31 
5  -2 
3  35 
55  29 
-35  -35 
-3  -26 
4  8 
14  -7 
18  -10 
-12  53 
35  42 
6  -29 
0  12 
47  -25 
-2  -18 
27  -39 
46  -46 
-19  19 
45  26 
-11  -9 
42  20 
16  -27 
29  12 
3  0 
-10  15 
17  -10 
40  16 
24  -28 
-7  14 
22  52 
5  -12 
-26  56 
7  -3 
89  53 
49  0 
39  23 
-24  48 
46  -11 
20  5 
36  25 
8  27 
42  30 
6  58 
-27  15 
20  29 
27  -7 
-4  56 
-64  14 
31  79 
-11  28 
16  21 
30  16 
-56  7 
28  -24 
15  39 
83  36 
31  43 
7  27 
-15  16 
27  -36 
-5  69 
41  36 
-3  -7 
22  24 
-27  5 
25  -7 
13  47 
43  17 
-31  36 
44  26 
12  19 
-9  64 
-2  58 
-15  45 
14  29 
18  7 
38  -6 
59  0 
48  -69 
-6  -2 
-9  -11 
-40  32 
6  -7 
32  -9 
6  -17 
31  25 
-31  38 
67  23 
-10  30 
5  0 
2  36 
55  30 
-36  -29 
-4  -25 
7  5 
15  -7 
13  -10 
-13  51 
37  42 
7  -31 
-2  9 
48  -29 
-3  -19 
28  -38 
45  -43 
-21  15 
45  26 
-12  -14 
38  22 
17  -30 
27  7 
9  -2 
-11  16 
20  -8 
42  10 
24  -28 
-8  13 
24  53 
4  -9 
-26  56 
2  3 
89  53 
44  3 
39  24 
-20  45 
44  -11 
22  0 
36  25 
8  30 
44  35 
5  58 
-28  14 
20  28 
25  -7 
-5  59 
-65  11 
34  78 
-13  29 
17  22 
28  18 
-54  7 
29  -23 
15  38 
81  33 
31  41 
7  26 
-15  14 
23  -37 
-4  76 
38  34 
2  -5 
22  24 
-31  4 
23  -4 
15  48 
41  19 
-30  35 
47  28 
10  14 
-9  63 
-1  60 
-16  46 
15  29 
18  4 
41  -5 
58  -1 
49  -69 
-8  -2 
-4  -8 
-41  31 
6  -4 
36  -13 
4  -13 
34  30 
-33  38 
66  23 
-13  31 
4  0 
3  40 
60  31 
-34  -27 
-9  -29 
8  7 
14  -7 
13  -10 
-14  49 
39  42 
11  -32 
-1  7 
48  -30 
4  -20 
29  -39 
46  -40 
-17  17 
46  23 
-9  -16 
38  24 
18  -30 
27  8 
5  -3 
-11  20 
20  -8 
43  15 
25  -25 
-8  13 
26  55 
2  -8 
-24  55 
-2  3 
89  53 
47  5 
38  26 
-21  45 
46  -11 
19  0 
29  28 
17  29 
47  36 
6  58 
-26  16 
20  25 
26  -10 
-5  59 
-67  7 
34  78 
-13  26 
15  22 
29  16 
-56  8 
28  -22 
15  38 
82  29 
34  45 
8  26 
-14  12 
23  -40 
-8  74 
41  36 
1  -5 
17  22 
-27  5 
21  -1 
12  49 
42  20 
-30  34 
51  29 
7  13 
-5  66 
-1  59 
-15  46 
15  29 
18  7 
36  -4 
58  -1 
47  -77 
-8  -3 
-6  -7 
-44  32 
7  -5 
33  -10 
3  -11 
37  31 
-28  41 
65  24 
-11  31 
4  2 
-2  42 
59  31 
-34  -27 
-7  -25 
10  9 
17  -6 
12  -9 
-16  46 
36  41 
9  -33 
-3  7 
45  -29 
-1  -20 
33  -37 
38  -38 
-15  20 
44  22 
-9  -17 
39  22 
12  -27 
27  5 
5  -3 
-11  18 
18  -9 
43  16 
20  -24 
-7  11 
16  56 
2  -10 
-26  53 
-3  2 
86  48 
47  7 
40  23 
-15  38 
42  -8 
21  -1 
26  29 
18  34 
49  36 
6  58 
-27  16 
20  25 
26  -14 
-5  62 
-62  7 
29  77 
-13  24 
15  18 
30  16 
-55  6 
29  -20 
12  39 
82  28 
32  45 
7  26 
-18  7 
25  -35 
-1  76 
43  32 
-4  -6 
11  19 
-22  4 
21  -3 
11  45 
43  19 
-35  35 
52  29 
7  9 
-4  65 
-1  59 
-17  49 
19  33 
19  7 
35  -5 
54  -2 
46  -77 
-12  -4 
-3  -7 
-42  30 
7  -5 
34  -11 
4  -9 
40  28 
-28  41 
67  21 
-13  31 
2  4 
-5  37 
60  32 
-35  -27 
-7  -25 
9  8 
22  -2 
13  -10 
-15  42 
36  41 
10  -33 
-4  7 
46  -22 
-1  -20 
31  -36 
36  -39 
-15  24 
43  23 
-9  -19 
41  21 
14  -24 
28  6 
7  -4 
-20  25 
14  -11 
42  16 
17  -18 
-7  10 
19  59 
3  -11 
-28  53 
-5  2 
84  48 
49  11 
39  25 
-15  37 
38  -6 
23  -3 
27  29 
25  36 
49  35 
7  61 
-28  14 
21  26 
28  -13 
-3  61 
-66  7 
31  79 
-13  23 
15  18 
29  18 
-57  4 
29  -19 
13  40 
78  27 
24  49 
11  31 
-19  -1 
24  -38 
-6  74 
44  31 
-8  1 
13  17 
-23  10 
22  0 
12  45 
42  18 
-34  30 
52  31 
8  11 
-4  65 
4  60 
-16  47 
19  31 
23  7 
35  -7 
54  -2 
43  -80 
-10  -5 
-4  0 
-43  29 
6  -8 
37  -9 
3  -4 
40  32 
-32  41 
69  22 
-13  31 
2  4 
-9  35 
58  32 
-33  -27 
-8  -28 
8  9 
22  2 
12  -10 
-16  46 
40  42 
9  -30 
-4  7 
50  -25 
-1  -21 
31  -36 
37  -38 
-16  26 
45  25 
-8  -21 
41  20 
19  -26 
32  11 
5  -5 
-20  28 
16  -9 
45  14 
18  -18 
-6  10 
19  56 
3  -11 
-24  56 
-5  1 
80  52 
44  10 
38  27 
-17  37 
39  -7 
18  -5 
29  31 
23  32 
47  33 
7  59 
-22  14 
23  20 
30  -11 
-2  61 
-65  6 
32  75 
-13  29 
15  18 
27  15 
-52  7 
29  -19 
13  40 
81  26 
22  50 
6  26 
-20  -4 
26  -37 
-7  75 
44  31 
-8  2 
9  20 
-22  9 
26  2 
12  46 
41  18 
-36  32 
53  31 
7  5 
-4  65 
5  64 
-16  47 
16  27 
25  6 
35  -7 
54  -2 
51  -81 
-11  -4 
-5  -1 
-38  24 
2  -8 
33  -10 
6  -2 
40  31 
-33  41 
71  23 
-12  31 
7  6 
-10  34 
57  24 
-35  -23 
-8  -26 
10  10 
24  2 
12  -7 
-18  48 
39  46 
10  -33 
-1  7 
54  -27 
-2  -23 
31  -37 
38  -39 
-15  24 
43  29 
-5  -22 
42  19 
21  -23 
35  13 
6  -2 
-20  28 
12  -14 
46  13 
19  -16 
-8  11 
19  62 
2  -8 
-17  59 
-5  2 
80  52 
45  14 
39  27 
-11  32 
38  -8 
18  -6 
26  30 
24  32 
45  32 
11  59 
-21  20 
22  18 
28  -13 
-3  64 
-65  6 
31  75 
-12  31 
17  22 
27  15 
-52  6 
32  -22 
7  43 
76  22 
22  50 
7  31 
-16  -6 
21  -42 
-5  75 
46  35 
-10  1 
9  19 
-22  10 
26  0 
14  45 
44  18 
-35  36 
56  28 
6  3 
-4  65 
0  65 
-16  49 
15  29 
27  4 
36  -9 
58  -1 
53  -80 
-12  -4 
-7  -5 
-39  21 
0  -9 
40  -10 
7  -2 
39  31 
-33  41 
67  27 
-12  30 
9  11 
-9  28 
59  25 
-37  -24 
-9  -31 
7  6 
24  2 
12  -6 
-15  46 
38  44 
10  -31 
-7  10 
53  -25 
-6  -24 
25  -32 
38  -39 
-15  26 
48  25 
-3  -18 
41  17 
25  -23 
35  13 
5  -4 
-20  28 
11  -16 
46  10 
16  -18 
-8  9 
19  65 
2  -9 
-19  60 
-9  -1 
82  52 
44  12 
39  27 
-6  33 
40  -8 
18  -6 
24  34 
28  26 
43  29 
14  58 
-19  21 
22  18 
29  -16 
-9  69 
-61  2 
31  76 
-13  31 
16  21 
27  15 
-53  5 
35  -22 
2  44 
77  21 
22  50 
4  26 
-13  -11 
21  -47 
1  76 
45  35 
-8  1 
9  16 
-20  11 
23  0 
15  49 
44  13 
-36  40 
57  34 
7  6 
-4  65 
7  63 
-16  51 
14  27 
23  -3 
36  -8 
59  -1 
52  -81 
-10  -3 
-8  -6 
-38  19 
3  -4 
39  -9 
6  -2 
38  27 
-33  41 
69  30 
-10  29 
9  11 
-2  31 
61  25 
-40  -24 
-9  -29 
5  5 
23  7 
10  -5 
-20  45 
38  42 
8  -29 
-5  10 
53  -25 
-5  -24 
27  -31 
45  -37 
-16  27 
43  24 
-1  -18 
41  19 
23  -28 
35  13 
5  -3 
-20  26 
8  -18 
47  11 
14  -22 
-6  9 
19  65 
0  -9 
-15  64 
-7  0 
81  60 
46  7 
37  29 
-8  31 
40  -10 
12  -6 
29  33 
34  25 
44  28 
16  54 
-21  24 
18  24 
34  -13 
-5  75 
-62  -2 
34  76 
-14  33 
17  22 
26  18 
-53  6 
35  -22 
2  44 
77  21 
22  50 
-1  27 
-12  -12 
18  -46 
3  73 
41  35 
-15  0 
11  15 
-22  10 
21  -2 
15  51 
44  11 
-31  40 
54  33 
8  11 
-2  66 
4  66 
-18  52 
17  27 
29  -2 
36  -8 
59  0 
53  -84 
-11  -4 
-7  -6 
-36  20 
2  -2 
37  -10 
11  -1 
35  24 
-36  42 
67  23 
-13  27 
12  13 
-2  31 
61  25 
-41  -26 
-7  -30 
8  -1 
25  5 
10  -5 
-20  45 
38  42 
11  -31 
-6  10 
58  -24 
-4  -24 
28  -33 
44  -35 
-21  27 
44  27 
-3  -19 
44  22 
27  -29 
35  13 
5  -2 
-23  27 
6  -17 
46  13 
9  -19 
-7  10 
18  62 
0  -8 
-15  66 
-8  -2 
86  58 
50  9 
37  30 
-6  33 
44  -8 
11  -4 
26  32 
32  25 
40  31 
15  49 
-21  22 
19  26 
32  -11 
3  76 
-64  2 
32  74 
-12  31 
14  18 
27  15 
-51  4 
34  -20 
0  45 
76  21 
24  50 
-1  30 
-11  -12 
23  -45 
6  71 
45  33 
-19  -2 
12  13 
-22  12 
18  3 
13  51 
39  3 
-30  42 
53  34 
7  6 
0  68 
4  63 
-18  50 
16  25 
26  -3 
36  -8 
57  2 
54  -84 
-11  -4 
-2  -6 
-40  16 
6  0 
39  -9 
11  -1 
31  29 
-37  43 
67  23 
-12  26 
12  12 
-2  30 
62  24 
-39  -21 
-8  -29 
9  0 
26  5 
9  -5 
-21  45 
35  42 
9  -29 
-8  6 
58  -22 
-4  -23 
31  -31 
44  -34 
-21  27 
43  27 
-2  -21 
47  24 
26  -28 
33  19 
3  -3 
-27  29 
5  -16 
39  14 
11  -16 
-6  10 
18  62 
0  -8 
-12  66 
-8  -3 
85  57 
45  6 
39  31 
-5  33 
46  -7 
10  -5 
30  29 
34  27 
37  29 
16  48 
-17  20 
20  26 
28  -10 
2  80 
-71  1 
33  74 
-14  23 
14  18 
27  15 
-48  6 
33  -20 
-2  46 
77  22 
25  54 
-3  30 
-11  -7 
22  -48 
7  65 
42  31 
-17  -4 
10  16 
-27  10 
16  2 
12  51 
38  4 
-33  41 
52  33 
7  7 
0  68 
4  60 
-18  50 
16  27 
29  -3 
36  -9 
59  4 
53  -83 
-12  -4 
-4  -7 
-43  13 
1  -1 
45  -5 
11  -1 
30  30 
-36  52 
67  31 
-11  31 
12  14 
0  31 
62  24 
-37  -21 
-4  -28 
12  -2 
27  3 
9  -2 
-21  45 
35  39 
7  -31 
-5  9 
58  -21 
0  -24 
29  -31 
42  -40 
-20  28 
43  29 
-1  -20 
47  24 
27  -31 
35  19 
-2  -5 
-29  25 
2  -16 
38  14 
11  -17 
-5  9 
24  63 
0  -9 
-12  68 
-4  -8 
81  56 
45  5 
37  29 
-5  33 
47  -5 
12  -7 
28  27 
35  30 
33  31 
9  41 
-19  19 
16  25 
29  -7 
1  78 
-69  4 
34  73 
-14  23 
15  18 
28  11 
-48  5 
33  -20 
-5  44 
78  22 
24  50 
-3  30 
-11  -3 
24  -48 
12  60 
42  32 
-17  0 
14  15 
-27  10 
15  2 
12  52 
41  1 
-36  44 
52  31 
9  7 
5  64 
3  59 
-19  53 
10  29 
31  -5 
40  -10 
59  2 
59  -81 
-15  -3 
-3  -6 
-44  16 
1  -5 
43  -4 
7  -2 
34  29 
-36  53 
67  31 
-12  26 
11  13 
-2  30 
64  22 
-37  -23 
-6  -24 
14  1 
27  3 
9  -2 
-21  51 
36  42 
9  -32 
-4  11 
55  -18 
6  -17 
27  -34 
42  -41 
-20  28 
40  32 
-1  -17 
47  23 
24  -33 
33  13 
-2  -6 
-26  25 
-1  -15 
36  14 
5  -16 
0  11 
24  66 
0  -10 
-9  69 
-5  -2 
78  50 
45  5 
33  31 
2  32 
47  -5 
12  -7 
31  24 
36  32 
32  31 
11  39 
-15  17 
16  25 
29  -7 
2  75 
-69  3 
34  73 
-22  22 
10  15 
30  9 
-51  4 
33  -20 
-5  46 
76  21 
23  49 
-7  35 
-13  -2 
26  -47 
11  61 
44  32 
-15  -5 
14  16 
-27  6 
13  3 
12  54 
37  1 
-37  47 
55  29 
7  13 
7  65 
2  57 
-20  59 
11  28 
31  -5 
37  -10 
58  1 
59  -80 
-14  -2 
-5  -7 
-38  16 
1  -4 
37  -4 
8  -4 
33  29 
-33  51 
65  33 
-13  29 
9  11 
-1  27 
62  24 
-37  -24 
-5  -21 
14  -2 
28  2 
17  2 
-21  51 
39  42 
8  -33 
-4  7 
58  -18 
5  -14 
27  -34 
44  -41 
-20  28 
41  31 
-4  -12 
46  24 
24  -30 
36  14 
-4  -4 
-28  26 
-5  -12 
40  11 
7  -17 
0  12 
23  67 
-3  -11 
-12  69 
5  -3 
75  49 
49  11 
32  33 
-2  30 
47  -3 
12  -9 
36  25 
42  36 
29  28 
7  40 
-17  20 
14  25 
25  -6 
4  77 
-71  4 
35  73 
-20  16 
10  14 
27  11 
-56  2 
34  -24 
-1  45 
76  22 
23  49 
-2  34 
-11  -4 
27  -51 
13  65 
41  33 
-16  -8 
12  14 
-27  7 
9  1 
13  54 
35  2 
-38  50 
53  30 
9  7 
2  64 
4  60 
-15  59 
11  28 
30  -5 
37  -13 
59  3 
59  -80 
-14  -2 
-4  -8 
-37  13 
2  0 
37  -4 
7  -2 
25  32 
-34  53 
70  30 
-16  29 
8  7 
-4  27 
60  25 
-41  -24 
-9  -21 
15  -2 
27  1 
10  1 
-15  55 
39  42 
8  -29 
-3  10 
59  -20 
5  -16 
27  -33 
46  -42 
-19  25 
41  31 
-1  -13 
43  23 
23  -31 
38  10 
-1  -4 
-27  27 
-8  -15 
41  17 
6  -20 
6  17 
21  61 
-5  -5 
-14  73 
5  -5 
75  48 
52  11 
33  30 
-5  33 
49  -2 
13  -9 
36  25 
40  36 
28  28 
12  39 
-17  16 
17  27 
28  -4 
9  73 
-71  4 
34  73 
-17  19 
8  11 
28  14 
-54  3 
34  -24 
-1  45 
75  19 
23  47 
-1  35 
-6  -5 
24  -52 
20  71 
41  38 
-16  -9 
12  12 
-32  6 
11  4 
12  54 
38  2 
-36  52 
57  29 
5  20 
7  63 
4  55 
-18  64 
8  30 
30  -5 
41  -14 
56  1 
66  -76 
-15  2 
-4  -10 
-38  12 
1  0 
35  -2 
10  -4 
27  29 
-35  51 
69  28 
-15  25 
4  4 
-6  29 
60  25 
-51  -20 
-8  -18 
13  -1 
31  2 
11  3 
-15  54 
38  44 
7  -29 
-5  9 
61  -22 
5  -16 
29  -30 
52  -42 
-21  27 
40  31 
-4  -15 
48  27 
23  -31 
39  11 
0  -4 
-27  28 
-8  -14 
42  19 
5  -23 
6  19 
26  65 
-2  -6 
-19  65 
6  -7 
75  53 
52  12 
33  31 
-7  30 
50  -5 
9  -9 
37  30 
42  30 
27  29 
13  40 
-18  14 
17  29 
28  -4 
9  73 
-65  4 
36  76 
-21  20 
11  3 
31  15 
-50  2 
32  -27 
-1  45 
78  21 
27  48 
0  32 
-8  -6 
24  -51 
20  69 
41  39 
-16  -10 
16  13 
-33  5 
11  -1 
19  54 
38  2 
-35  55 
58  29 
3  20 
7  67 
1  56 
-13  64 
11  29 
29  -2 
42  -16 
57  2 
66  -72 
-15  3 
-2  -10 
-38  12 
6  0 
35  -2 
14  -7 
29  28 
-36  51 
68  26 
-16  23 
4  2 
-8  29 
60  25 
-50  -19 
-9  -19 
14  -2 
31  -4 
6  3 
-13  53 
36  41 
7  -29 
-6  9 
64  -28 
5  -22 
29  -29 
47  -44 
-21  25 
38  31 
-1  -13 
52  26 
23  -33 
40  12 
-2  -6 
-30  29 
-5  -14 
44  20 
7  -28 
1  17 
25  64 
-5  -5 
-11  69 
9  -7 
74  58 
52  10 
34  29 
-5  31 
49  -3 
6  -13 
39  31 
42  30 
28  26 
13  39 
-19  11 
17  29 
29  -4 
12  71 
-69  5 
36  76 
-23  18 
11  4 
32  13 
-47  3 
30  -25 
0  45 
78  23 
28  51 
0  31 
-5  -6 
24  -50 
20  68 
43  40 
-16  -9 
14  13 
-32  7 
11  -1 
18  55 
40  3 
-36  54 
53  27 
0  16 
7  66 
6  58 
-16  64 
13  30 
28  -4 
42  -16 
55  -1 
67  -71 
-16  3 
-4  -8 
-33  11 
5  -5 
33  0 
12  -8 
32  29 
-34  53 
70  30 
-13  23 
5  -3 
-8  34 
55  29 
-53  -25 
-9  -17 
13  -5 
33  -4 
6  4 
-10  54 
38  41 
10  -29 
-3  10 
64  -32 
8  -24 
28  -29 
47  -42 
-21  23 
42  31 
-2  -10 
58  26 
21  -35 
40  12 
-2  -6 
-30  27 
-5  -16 
41  21 
5  -27 
3  20 
24  66 
-3  -7 
-13  71 
9  -7 
72  53 
49  8 
36  32 
-5  29 
47  -3 
5  -15 
39  30 
44  24 
24  22 
11  39 
-20  11 
16  29 
29  -4 
9  71 
-67  3 
37  74 
-23  18 
10  4 
32  12 
-51  7 
32  -26 
0  45 
78  21 
28  50 
-3  30 
-6  -7 
25  -54 
20  68 
44  40 
-17  -11 
18  11 
-32  6 
13  2 
16  56 
39  7 
-35  55 
48  27 
2  18 
7  67 
6  63 
-18  64 
13  31 
30  -5 
39  -18 
54  -2 
67  -75 
-19  0 
-5  -9 
-34  10 
2  -10 
32  2 
5  -6 
33  27 
-36  52 
74  29 
-9  25 
5  -2 
-13  41 
51  29 
-53  -24 
-9  -17 
14  -4 
32  -2 
5  4 
-7  57 
38  42 
8  -27 
-1  11 
64  -34 
4  -28 
26  -29 
48  -42 
-18  19 
42  31 
-2  -10 
57  27 
19  -35 
40  12 
-4  -4 
-27  27 
-4  -8 
46  20 
5  -23 
5  20 
23  67 
-6  -7 
-15  73 
8  -7 
72  53 
47  5 
38  33 
-5  29 
47  -3 
4  -20 
37  30 
43  20 
27  22 
11  39 
-23  11 
18  34 
28  -4 
12  66 
-64  1 
35  79 
-19  17 
11  4 
32  11 
-51  7 
37  -26 
0  45 
78  22 
26  49 
-6  30 
-7  -5 
27  -57 
20  68 
52  42 
-16  -10 
20  11 
-32  11 
8  2 
14  56 
39  7 
-35  54 
54  25 
1  19 
5  65 
12  67 
-19  65 
9  31 
29  -3 
38  -13 
55  -2 
67  -73 
-17  1 
-7  -10 
-33  11 
5  -9 
29  0 
2  -8 
23  29 
-36  51 
75  31 
-4  25 
5  -2 
-13  41 
48  27 
-55  -25 
-5  -14 
12  -6 
31  3 
3  3 
-6  58 
37  42 
6  -27 
-1  11 
64  -31 
5  -27 
25  -25 
52  -41 
-21  20 
42  30 
-3  -11 
58  30 
20  -33 
40  12 
2  -6 
-27  25 
-5  -14 
46  18 
2  -25 
8  16 
25  65 
-6  -10 
-13  75 
9  -7 
72  54 
48  6 
45  38 
-1  25 
53  -5 
3  -20 
40  31 
44  26 
24  22 
9  38 
-23  10 
23  36 
31  -5 
6  69 
-62  2 
32  78 
-18  18 
16  7 
33  11 
-52  7 
36  -24 
0  45 
78  21 
26  50 
-4  28 
-8  -5 
27  -56 
23  69 
43  37 
-16  -10 
22  11 
-33  9 
7  5 
19  59 
42  4 
-35  57 
56  25 
5  24 
6  60 
11  64 
-20  68 
7  31 
34  -4 
39  -13 
54  -2 
64  -72 
-14  3 
-8  -9 
-30  10 
4  -13 
32  6 
2  -8 
23  27 
-36  51 
71  29 
0  29 
13  0 
-13  41 
49  28 
-58  -27 
-4  -14 
14  -7 
34  3 
4  3 
-7  59 
39  42 
6  -28 
-4  12 
63  -31 
5  -24 
22  -21 
53  -41 
-21  20 
39  31 
-2  -11 
57  30 
18  -36 
40  10 
3  -4 
-24  30 
-11  -10 
45  18 
-2  -26 
8  16 
25  65 
-3  -13 
-13  75 
9  -7 
71  51 
47  7 
44  42 
3  27 
53  -4 
-1  -15 
38  30 
46  33 
26  22 
7  39 
-24  14 
24  34 
26  -4 
7  71 
-64  1 
33  80 
-17  21 
16  7 
34  9 
-53  8 
36  -24 
-1  44 
78  21 
25  53 
-5  29 
-7  -5 
28  -53 
23  73 
41  33 
-18  -5 
22  10 
-29  8 
7  9 
21  59 
40  5 
-35  57 
53  25 
8  13 
2  58 
13  63 
-20  68 
4  30 
41  -3 
45  -14 
53  -2 
64  -77 
-13  5 
-8  -7 
-31  11 
0  -14 
31  3 
4  -7 
22  25 
-36  52 
70  29 
0  31 
16  -1 
-11  38 
54  30 
-53  -27 
-2  -14 
15  -7 
26  3 
5  3 
-8  57 
39  43 
8  -29 
-4  11 
64  -38 
3  -24 
27  -19 
52  -38 
-26  14 
40  28 
-4  -10 
59  31 
18  -39 
38  11 
1  -5 
-29  28 
-16  -9 
46  18 
-8  -27 
11  15 
25  66 
-3  -13 
-13  75 
10  -9 
70  49 
49  11 
50  39 
6  33 
54  -7 
-1  -17 
37  29 
46  32 
36  22 
9  38 
-25  13 
25  33 
28  -2 
10  67 
-63  2 
33  79 
-16  25 
18  6 
33  10 
-53  9 
36  -24 
-1  42 
75  19 
22  51 
-6  30 
-6  -4 
28  -51 
22  72 
40  32 
-20  -4 
22  10 
-22  9 
8  7 
23  60 
39  5 
-31  56 
57  26 
10  12 
2  55 
11  65 
-20  65 
4  29 
41  -1 
44  -13 
54  -2 
64  -74 
-14  2 
-7  -7 
-33  11 
-1  -13 
31  4 
4  -5 
21  27 
-36  50 
67  26 
0  30 
15  -2 
-9  36 
50  35 
-52  -27 
-1  -10 
11  -9 
24  0 
6  3 
-9  59 
38  42 
8  -30 
-2  14 
67  -35 
7  -23 
27  -19 
52  -39 
-28  17 
40  28 
-5  -11 
57  29 
25  -43 
40  11 
3  0 
-26  29 
-17  -7 
44  17 
-9  -29 
10  16 
23  67 
-3  -13 
-13  75 
12  -9 
68  51 
50  13 
48  36 
9  35 
56  -4 
-2  -19 
36  25 
46  32 
37  22 
9  37 
-24  12 
24  33 
29  1 
9  68 
-62  -5 
32  79 
-16  25 
11  9 
33  10 
-53  9 
42  -24 
-1  41 
74  18 
22  50 
-3  30 
-5  -5 
27  -53 
26  73 
38  30 
-19  -4 
22  11 
-25  13 
1  5 
24  60 
39  5 
-31  60 
60  25 
10  15 
5  54 
8  68 
-22  64 
4  31 
43  -4 
39  -13 
53  0 
64  -78 
-9  -4 
-8  -7 
-32  10 
-2  -13 
31  7 
5  -7 
22  24 
-36  49 
68  26 
-5  30 
14  -4 
-8  34 
51  35 
-51  -27 
4  -8 
10  -6 
26  0 
5  5 
-9  59 
39  42 
6  -33 
-2  14 
65  -35 
9  -20 
26  -22 
53  -40 
-27  18 
40  25 
-3  -7 
54  29 
25  -45 
37  10 
11  -1 
-28  29 
-20  -8 
45  14 
-2  -33 
9  16 
27  71 
-8  -15 
-13  75 
12  -7 
71  49 
48  11 
44  40 
7  40 
61  -3 
1  -21 
36  25 
48  30 
38  22 
9  38 
-24  12 
27  32 
34  5 
6  69 
-62  -6 
33  75 
-13  27 
9  9 
41  11 
-54  5 
42  -21 
4  32 
71  23 
22  50 
0  31 
-4  1 
27  -57 
24  71 
32  31 
-19  -5 
23  9 
-18  14 
1  5 
25  57 
41  6 
-33  62 
59  25 
10  15 
2  51 
7  66 
-21  59 
7  30 
45  -7 
40  -13 
55  -2 
65  -76 
-10  -3 
-7  -4 
-35  12 
-5  -14 
29  8 
3  -5 
19  22 
-35  43 
68  27 
-5  33 
14  -4 
-9  35 
47  33 
-59  -27 
8  -11 
12  -6 
18  0 
4  3 
-7  63 
37  42 
7  -36 
-9  16 
64  -37 
12  -19 
25  -24 
52  -45 
-27  20 
38  21 
-8  -6 
56  32 
26  -42 
36  9 
11  -1 
-25  29 
-18  -9 
46  12 
-5  -32 
8  16 
28  73 
-11  -16 
-13  75 
13  -10 
67  45 
48  7 
49  40 
3  40 
62  -6 
2  -20 
36  25 
47  29 
40  25 
7  38 
-20  9 
25  33 
33  5 
9  70 
-64  -5 
38  75 
-14  23 
8  9 
38  10 
-55  4 
46  -21 
6  30 
71  23 
22  50 
0  35 
-4  2 
28  -58 
26  69 
31  29 
-16  -7 
24  6 
-20  16 
2  4 
21  59 
42  6 
-33  61 
58  27 
9  11 
4  52 
5  65 
-21  60 
9  28 
47  -9 
40  -12 
56  -4 
64  -76 
-10  -4 
-7  -5 
-36  10 
0  -9 
29  9 
3  -4 
22  15 
-36  42 
68  26 
-6  33 
14  -4 
-5  35 
49  33 
-58  -24 
7  -13 
12  -7 
19  3 
1  -3 
-4  61 
37  41 
5  -34 
-11  18 
67  -33 
11  -16 
25  -24 
49  -44 
-28  19 
40  25 
-8  -7 
56  32 
25  -43 
37  10 
11  -1 
-26  29 
-20  -9 
51  9 
-5  -31 
9  19 
28  73 
-6  -13 
-13  75 
15  -7 
68  45 
49  2 
46  43 
6  36 
60  -4 
5  -19 
36  28 
46  32 
38  30 
6  33 
-27  11 
24  31 
32  11 
9  68 
-65  -5 
39  71 
-16  22 
7  9 
37  9 
-55  -2 
47  -23 
5  33 
72  25 
23  47 
2  39 
-2  4 
28  -64 
27  71 
31  25 
-15  -6 
25  5 
-21  13 
4  4 
23  60 
41  6 
-35  63 
57  27 
11  8 
4  50 
2  64 
-22  56 
14  33 
46  -10 
40  -11 
62  -4 
61  -81 
-11  -2 
-9  -5 
-38  10 
-2  -5 
29  11 
3  -4 
22  12 
-33  45 
70  30 
-7  30 
13  -4 
-1  40 
47  33 
-64  -24 
7  -14 
12  -6 
17  1 
5  -5 
-7  59 
39  42 
4  -34 
-13  18 
