Created:October-13-2022 
Coverage:10 
N:20 
NUM-IONS:40 
NSTEPS:15000 
WRITE-PERIODICITY:100 
epsilon:1.71 
27  -18 
24  18 
-11  10 
28  20 
24  25 
-1  -1 
16  15 
21  11 
16  8 
-10  12 
-29  7 
2  21 
9  12 
9  29 
14  3 
-19  7 
-3  16 
9  -22 
7  36 
11  12 
22  4 
13  10 
1  -26 
10  -30 
-6  7 
-8  11 
-7  9 
3  7 
22  14 
-4  9 
20  25 
15  17 
38  31 
-25  20 
2  -5 
-15  3 
-3  30 
10  -26 
12  20 
-33  34 
27  -19 
26  16 
-11  9 
26  19 
25  28 
0  1 
10  23 
22  13 
16  9 
-9  12 
-27  10 
0  22 
9  12 
6  30 
13  0 
-19  11 
-6  20 
8  -16 
8  36 
11  11 
24  -2 
15  5 
-1  -21 
8  -25 
-6  7 
-8  11 
-6  3 
2  4 
20  18 
4  11 
22  25 
17  16 
36  28 
-25  19 
1  -6 
-7  3 
-6  34 
15  -24 
12  20 
-32  37 
27  -19 
24  18 
-11  9 
15  20 
23  29 
0  4 
10  24 
22  13 
13  9 
-9  12 
-27  10 
2  24 
11  11 
6  29 
15  -3 
-19  11 
-6  20 
7  -21 
6  36 
12  11 
20  -6 
14  5 
3  -20 
9  -28 
-6  11 
-9  7 
-4  6 
3  11 
21  12 
4  11 
20  25 
20  21 
34  28 
-26  19 
2  -3 
-3  9 
-4  31 
13  -27 
9  20 
-31  36 
30  -16 
23  15 
-11  9 
15  19 
21  31 
1  3 
10  23 
22  10 
13  10 
-10  12 
-27  9 
2  22 
9  12 
7  31 
12  0 
-19  8 
-6  23 
6  -19 
8  37 
11  11 
20  -6 
16  8 
2  -19 
7  -27 
-4  9 
-9  7 
-5  6 
6  6 
24  11 
-2  6 
20  25 
24  20 
35  25 
-26  19 
2  -3 
-5  8 
-2  31 
14  -25 
6  19 
-36  39 
32  -20 
22  14 
-11  9 
15  20 
20  28 
-6  3 
7  24 
22  16 
12  9 
-13  11 
-29  11 
2  25 
10  12 
6  32 
7  5 
-19  7 
-5  25 
7  -21 
8  36 
12  11 
23  -3 
14  7 
7  -18 
9  -29 
-5  8 
-7  9 
-5  3 
10  4 
23  5 
-1  6 
30  23 
16  15 
31  23 
-26  20 
1  -3 
-8  7 
-4  29 
22  -25 
6  19 
-38  41 
34  -20 
23  9 
-11  9 
15  17 
23  27 
-6  3 
2  24 
28  16 
14  11 
-13  11 
-32  8 
1  25 
10  11 
7  42 
2  5 
-19  9 
-5  28 
8  -20 
9  31 
12  11 
20  1 
15  12 
6  -19 
11  -29 
-3  9 
-8  7 
-4  8 
10  0 
20  10 
0  8 
32  21 
20  19 
30  24 
-31  14 
1  -4 
-8  9 
-5  31 
22  -25 
7  21 
-38  41 
35  -21 
23  9 
-9  3 
13  17 
25  27 
-5  5 
0  24 
26  16 
22  17 
-14  10 
-33  7 
2  29 
11  12 
10  44 
2  5 
-18  13 
-5  28 
2  -24 
9  29 
10  12 
20  1 
16  8 
6  -21 
12  -29 
-6  15 
-8  9 
-6  9 
14  2 
19  13 
1  7 
30  23 
21  19 
36  26 
-31  12 
3  -5 
-8  8 
-6  26 
21  -26 
6  21 
-38  43 
35  -20 
23  9 
-8  0 
14  17 
21  29 
-5  -1 
1  23 
28  16 
23  16 
-11  9 
-37  3 
5  31 
11  11 
12  44 
-2  2 
-18  16 
-9  27 
6  -24 
12  30 
11  12 
19  -2 
15  7 
2  -23 
15  -24 
-2  15 
-7  10 
-6  11 
10  4 
22  13 
0  8 
34  20 
12  23 
34  23 
-32  17 
1  -9 
-7  9 
-4  29 
20  -26 
8  23 
-40  41 
36  -20 
21  15 
-10  2 
15  11 
22  25 
-6  0 
1  22 
26  17 
22  21 
-12  8 
-38  2 
6  30 
13  11 
12  44 
7  2 
-18  13 
-8  27 
8  -24 
16  31 
12  11 
19  -1 
15  8 
3  -25 
12  -26 
-4  15 
-7  10 
-6  11 
6  1 
26  6 
-2  6 
37  19 
15  24 
38  31 
-33  11 
-1  -7 
-7  8 
-3  30 
21  -24 
10  20 
-40  41 
33  -27 
21  15 
-8  0 
11  12 
20  25 
-11  -2 
1  25 
28  16 
20  24 
-12  6 
-38  5 
6  30 
13  17 
12  47 
6  -1 
-18  16 
-5  30 
6  -24 
17  30 
10  10 
19  -2 
16  6 
0  -21 
12  -29 
-5  16 
-5  8 
-6  11 
3  7 
24  9 
1  7 
39  19 
14  23 
34  27 
-32  8 
-1  -7 
-9  7 
-4  28 
20  -23 
12  23 
-42  42 
32  -24 
24  19 
-6  3 
13  13 
23  26 
-10  -1 
1  27 
28  16 
20  25 
-13  7 
-40  1 
8  30 
15  17 
11  52 
4  -2 
-18  15 
-6  26 
6  -24 
17  28 
6  10 
20  -1 
15  5 
-5  -20 
10  -28 
-6  17 
-3  10 
-6  11 
4  6 
25  9 
3  9 
39  18 
10  22 
36  26 
-35  8 
1  -10 
-7  9 
-5  29 
21  -28 
14  20 
-37  44 
34  -26 
28  20 
-9  1 
8  10 
23  27 
-10  -5 
0  28 
26  14 
25  26 
-14  10 
-37  0 
8  22 
12  20 
9  54 
5  -1 
-20  14 
-5  28 
9  -28 
13  29 
2  12 
18  4 
14  7 
-5  -21 
11  -29 
-6  18 
-4  9 
-8  11 
4  6 
27  11 
3  9 
38  22 
9  21 
33  28 
-35  3 
4  -2 
-9  12 
-4  28 
22  -35 
14  19 
-38  42 
29  -22 
28  20 
-13  11 
9  9 
24  26 
-7  -3 
-2  26 
27  13 
23  27 
-14  10 
-37  -1 
6  21 
10  22 
12  55 
7  2 
-18  13 
-5  28 
11  -29 
13  30 
3  10 
18  1 
17  8 
-5  -21 
9  -28 
-3  12 
-2  11 
-8  9 
10  14 
24  8 
3  9 
41  23 
7  21 
31  27 
-40  4 
4  0 
-9  12 
-6  35 
22  -36 
14  16 
-37  42 
28  -20 
26  21 
-13  9 
10  10 
27  21 
-7  -7 
-1  26 
31  12 
26  30 
-11  12 
-38  -2 
6  19 
10  23 
14  55 
4  -2 
-20  14 
-5  26 
17  -28 
14  26 
1  7 
20  -3 
15  11 
-6  -22 
12  -29 
-5  7 
-5  5 
-8  7 
5  13 
22  13 
3  9 
42  21 
7  22 
31  27 
-41  4 
0  1 
-9  11 
-4  35 
23  -37 
10  22 
-39  43 
27  -18 
25  27 
-15  8 
10  12 
29  24 
-7  -5 
-5  34 
29  9 
26  30 
-9  11 
-39  -6 
6  19 
10  23 
15  60 
2  -4 
-18  17 
-5  25 
16  -34 
17  29 
1  9 
20  -2 
14  11 
-6  -23 
12  -33 
1  10 
-4  8 
-8  11 
10  15 
21  11 
3  9 
42  21 
3  20 
36  29 
-41  -1 
-5  4 
-7  10 
-7  33 
20  -35 
10  22 
-41  41 
30  -16 
22  25 
-14  10 
2  10 
30  23 
-3  -3 
-6  38 
29  9 
27  29 
-10  12 
-39  -4 
7  19 
12  23 
14  60 
1  -6 
-17  15 
-5  25 
15  -36 
13  29 
0  12 
20  -6 
13  10 
-4  -25 
12  -33 
1  10 
-5  9 
-7  13 
11  14 
22  14 
3  7 
37  19 
5  24 
37  30 
-39  -3 
-6  7 
-5  8 
-6  31 
22  -36 
7  20 
-42  42 
27  -18 
21  27 
-13  11 
0  9 
30  23 
-7  -7 
-5  39 
27  7 
23  27 
-8  13 
-38  -4 
6  22 
12  20 
14  53 
1  -4 
-19  14 
-6  31 
16  -34 
12  29 
1  11 
19  -7 
15  5 
-4  -22 
11  -33 
0  8 
-5  9 
-7  10 
11  18 
23  9 
2  4 
33  15 
6  26 
37  35 
-40  -2 
-5  7 
-5  8 
-4  33 
24  -33 
6  21 
-40  44 
28  -20 
20  28 
-18  13 
1  11 
30  24 
-6  -3 
-5  39 
24  6 
23  27 
-7  17 
-38  -4 
12  20 
18  22 
12  53 
0  -11 
-18  14 
-3  29 
15  -33 
9  33 
0  14 
19  -7 
15  6 
-7  -24 
13  -30 
3  9 
-8  7 
-9  7 
5  11 
26  16 
4  5 
33  15 
6  30 
35  37 
-41  -2 
-6  12 
-5  8 
-6  35 
20  -35 
7  22 
-40  44 
28  -20 
20  28 
-20  14 
2  12 
30  24 
-8  0 
-5  40 
22  4 
22  25 
-9  14 
-34  -1 
10  22 
15  25 
9  52 
-1  -14 
-20  19 
1  29 
14  -33 
4  39 
2  13 
19  -7 
14  3 
-7  -27 
16  -29 
0  10 
-8  7 
-7  9 
6  10 
21  16 
1  3 
34  14 
2  30 
31  35 
-44  -5 
-6  13 
-7  10 
-7  35 
20  -36 
7  21 
-42  39 
27  -19 
20  28 
-25  23 
1  7 
30  23 
-12  0 
-5  44 
22  1 
24  19 
-5  8 
-33  0 
7  22 
20  17 
7  53 
-1  -14 
-16  15 
-1  33 
15  -35 
4  44 
7  11 
19  -1 
14  7 
-11  -28 
17  -31 
3  9 
-8  8 
-4  6 
8  8 
23  17 
0  5 
35  19 
2  33 
31  31 
-45  0 
-7  9 
-6  11 
-4  33 
23  -33 
6  21 
-44  35 
27  -18 
24  32 
-25  24 
-1  6 
34  21 
-12  0 
-5  42 
18  1 
22  15 
-4  15 
-34  -1 
12  27 
25  14 
7  56 
-6  -11 
-19  14 
-1  33 
14  -33 
2  44 
11  14 
22  -2 
15  6 
-10  -28 
11  -33 
1  11 
-11  11 
-5  7 
9  9 
21  16 
1  5 
35  20 
1  32 
32  31 
-46  0 
-6  11 
-3  11 
-7  33 
24  -34 
7  21 
-45  37 
32  -17 
26  30 
-26  23 
-2  7 
34  20 
-13  -1 
-6  47 
20  1 
22  15 
-2  17 
-34  -1 
11  28 
28  15 
6  56 
-10  -8 
-19  16 
-1  33 
15  -32 
2  41 
9  13 
22  -3 
16  6 
-11  -29 
11  -33 
1  11 
-12  16 
-4  9 
9  9 
23  15 
3  6 
36  15 
2  38 
40  28 
-47  -3 
-5  5 
-8  9 
-8  36 
28  -34 
6  21 
-48  27 
28  -12 
26  30 
-20  25 
0  8 
34  20 
-13  2 
-4  46 
21  3 
21  11 
-3  14 
-36  2 
9  31 
27  13 
6  59 
-9  -8 
-21  19 
-1  33 
14  -29 
4  38 
11  11 
21  -4 
14  7 
-18  -31 
11  -33 
8  17 
-14  17 
-7  13 
10  10 
22  16 
5  8 
35  20 
2  37 
40  34 
-45  -4 
-5  7 
-4  8 
-2  36 
27  -33 
8  22 
-48  31 
28  -8 
22  29 
-19  26 
1  7 
34  20 
-13  2 
-4  46 
21  2 
21  14 
-8  20 
-38  1 
9  29 
29  16 
7  61 
-9  -8 
-23  16 
2  36 
16  -32 
6  36 
10  12 
20  -6 
14  7 
-19  -29 
15  -33 
8  16 
-15  23 
-7  13 
12  11 
23  15 
5  8 
35  20 
1  43 
42  35 
-45  -3 
-1  -2 
-5  12 
-7  37 
24  -35 
12  25 
-49  31 
26  -8 
24  26 
-17  26 
0  8 
34  19 
-14  -1 
-6  43 
19  2 
23  10 
-4  26 
-40  2 
9  29 
28  15 
8  60 
-9  -8 
-27  17 
-1  33 
16  -32 
6  37 
13  13 
21  -6 
10  12 
-21  -22 
12  -29 
7  20 
-12  23 
-9  11 
10  10 
21  16 
6  10 
32  20 
0  41 
42  38 
-47  -5 
-1  -1 
-10  14 
-5  37 
22  -36 
10  24 
-54  36 
23  -11 
22  24 
-19  27 
2  5 
34  20 
-13  1 
-6  43 
22  2 
23  10 
-4  28 
-38  1 
9  29 
27  11 
7  62 
-12  -8 
-25  17 
-1  33 
16  -31 
-1  39 
12  14 
23  -5 
9  12 
-20  -22 
11  -29 
8  20 
-14  21 
-10  12 
7  7 
22  13 
6  10 
31  23 
-6  47 
41  34 
-47  -5 
-1  -2 
-14  9 
-4  35 
20  -35 
12  20 
-57  37 
23  -11 
21  24 
-19  27 
0  5 
33  15 
-11  -2 
-5  44 
22  1 
24  11 
-3  31 
-38  4 
7  31 
29  12 
8  60 
-9  -8 
-30  17 
2  34 
11  -33 
0  38 
10  14 
22  -5 
14  10 
-17  -23 
12  -29 
6  21 
-13  21 
-8  7 
7  7 
20  8 
5  8 
32  21 
-6  47 
41  32 
-46  0 
-5  -3 
-21  13 
-8  40 
22  -35 
10  22 
-59  36 
23  -10 
28  22 
-19  34 
-5  5 
34  15 
-9  3 
-8  46 
24  -4 
24  11 
-5  37 
-38  1 
10  30 
31  11 
7  61 
-10  -8 
-25  20 
2  34 
12  -33 
-1  38 
15  11 
27  -7 
15  10 
-17  -25 
14  -29 
10  24 
-14  21 
-7  11 
6  10 
21  7 
3  9 
30  23 
-6  47 
41  31 
-45  -1 
-7  -3 
-18  15 
-8  36 
26  -36 
11  21 
-60  38 
27  -13 
27  21 
-18  36 
-2  1 
32  14 
-10  2 
-4  46 
20  -12 
29  10 
-10  34 
-39  3 
13  29 
31  12 
7  63 
-16  -8 
-26  23 
5  27 
12  -33 
-5  40 
15  9 
30  -8 
15  8 
-17  -25 
13  -30 
11  23 
-12  20 
-8  10 
6  10 
22  4 
2  12 
30  21 
-6  47 
42  33 
-45  -1 
-7  -4 
-18  15 
-7  33 
24  -36 
13  17 
-64  36 
26  -10 
26  21 
-20  38 
1  3 
29  12 
0  -1 
-6  43 
19  -14 
31  11 
-8  31 
-38  4 
12  27 
31  12 
4  59 
-12  -4 
-18  21 
5  28 
13  -31 
-1  41 
15  11 
32  -11 
14  7 
-14  -24 
9  -33 
7  20 
-13  22 
-7  10 
0  8 
22  5 
0  14 
30  24 
-5  45 
41  34 
-47  -7 
-10  -6 
-21  17 
-12  32 
23  -33 
17  17 
-64  35 
23  -11 
26  21 
-23  36 
2  1 
28  15 
0  -2 
-5  43 
18  -14 
21  9 
-9  31 
-40  5 
15  28 
36  13 
6  56 
-12  -4 
-17  24 
3  27 
12  -33 
-1  41 
14  11 
32  -12 
16  8 
-13  -27 
11  -33 
6  19 
-10  24 
-7  10 
5  7 
18  4 
4  15 
30  22 
-6  47 
42  35 
-50  -8 
-11  -8 
-23  22 
-9  32 
21  -33 
19  18 
-64  35 
20  -12 
27  23 
-19  36 
2  5 
28  16 
-4  -5 
4  38 
19  -14 
21  11 
-13  27 
-40  5 
11  32 
36  13 
7  56 
-12  -3 
-18  22 
3  23 
13  -27 
6  44 
16  8 
34  -13 
14  6 
-12  -28 
15  -32 
6  19 
-8  20 
-9  11 
1  7 
20  1 
0  14 
26  21 
-5  45 
42  36 
-53  -6 
-13  -7 
-23  22 
-11  31 
23  -34 
18  19 
-61  33 
20  -12 
27  27 
-15  26 
3  4 
30  15 
-2  -4 
4  39 
16  -12 
22  13 
-14  26 
-38  -5 
12  31 
32  16 
6  56 
-7  -3 
-18  25 
-1  21 
14  -33 
4  46 
21  10 
36  -9 
16  6 
-7  -30 
13  -31 
6  19 
-6  20 
-9  14 
1  7 
16  -7 
6  17 
27  19 
-6  43 
43  37 
-51  -8 
-7  -7 
-17  27 
-9  32 
24  -35 
19  19 
-66  31 
19  -14 
29  31 
-13  27 
7  1 
34  17 
-7  -7 
3  35 
12  -16 
19  13 
-16  25 
-39  -4 
13  30 
33  17 
6  56 
-5  -3 
-18  24 
2  21 
16  -32 
4  51 
23  9 
36  -9 
15  8 
-10  -28 
11  -29 
8  20 
-12  16 
-10  14 
0  8 
11  -13 
3  20 
27  23 
-5  40 
40  32 
-50  -10 
-8  -9 
-14  30 
-12  32 
24  -34 
19  18 
-66  27 
18  -14 
30  34 
-17  27 
6  -1 
28  16 
-6  0 
0  39 
7  -17 
19  13 
-16  26 
-38  -4 
12  27 
34  18 
5  57 
-2  -4 
-18  24 
1  23 
16  -34 
6  56 
22  13 
35  -12 
13  13 
-4  -25 
16  -27 
7  20 
-14  14 
-5  17 
0  15 
12  -12 
0  25 
32  20 
-5  40 
41  36 
-44  -12 
-10  -8 
-14  30 
-9  31 
25  -37 
19  17 
-67  30 
18  -9 
30  32 
-18  24 
6  1 
29  16 
-6  -5 
3  40 
10  -19 
19  13 
-14  27 
-39  -5 
11  27 
34  20 
8  56 
2  -5 
-17  23 
2  21 
14  -37 
7  56 
20  8 
36  -12 
14  7 
-4  -25 
14  -29 
12  25 
-11  9 
-7  13 
3  15 
11  -8 
1  25 
29  19 
-10  42 
41  31 
-44  -14 
-9  -9 
-14  30 
-8  31 
30  -36 
21  17 
-67  30 
16  -9 
24  32 
-20  25 
2  -3 
28  16 
-9  -9 
2  41 
6  -21 
19  13 
-17  26 
-39  -6 
16  28 
35  20 
4  59 
2  -7 
-20  21 
-1  18 
14  -33 
6  56 
23  9 
38  -8 
15  5 
-4  -25 
17  -24 
15  19 
-11  12 
-6  20 
3  15 
10  -8 
2  30 
28  20 
-10  43 
43  30 
-46  -17 
-9  -8 
-7  29 
-7  33 
31  -36 
21  15 
-63  29 
13  -7 
26  30 
-15  26 
6  -4 
26  19 
-9  -9 
2  41 
8  -20 
19  13 
-19  23 
-37  -5 
12  28 
33  17 
0  62 
-3  -9 
-20  18 
1  17 
14  -40 
2  57 
20  8 
36  -12 
10  2 
-5  -23 
23  -20 
17  16 
-13  13 
-5  19 
2  16 
12  -9 
3  29 
28  15 
-13  41 
41  31 
-44  -14 
-9  -6 
-3  28 
-9  27 
29  -36 
21  16 
-67  30 
11  -8 
29  32 
-16  26 
6  -4 
26  19 
-11  -11 
2  42 
11  -23 
15  10 
-20  21 
-37  -5 
14  26 
39  19 
2  61 
-5  -8 
-21  21 
2  16 
14  -40 
0  58 
22  13 
34  -6 
10  0 
-5  -23 
24  -25 
18  17 
-12  15 
-6  18 
2  15 
11  -12 
0  28 
28  16 
-10  44 
39  31 
-45  -11 
-10  -8 
-2  31 
-6  31 
27  -38 
21  16 
-66  35 
16  -12 
27  33 
-19  25 
4  -1 
28  16 
-9  -4 
3  40 
15  -23 
16  11 
-20  22 
-39  -5 
12  28 
39  19 
1  63 
-7  -10 
-21  18 
2  17 
15  -40 
0  58 
21  12 
38  -4 
12  0 
-5  -24 
20  -32 
16  15 
-14  16 
-4  20 
3  15 
12  -13 
-1  28 
28  15 
-14  41 
39  33 
-41  -14 
-8  -9 
-7  34 
-6  31 
28  -40 
20  14 
-70  34 
14  -13 
37  34 
-20  25 
0  -6 
29  16 
-6  0 
3  44 
15  -20 
16  11 
-21  21 
-38  -2 
10  32 
39  19 
2  65 
-8  -13 
-21  24 
0  19 
13  -51 
-4  55 
22  10 
35  -3 
14  -3 
-6  -26 
21  -29 
17  17 
-11  14 
-10  14 
1  16 
11  -13 
-5  25 
26  16 
-10  42 
39  33 
-40  -10 
-5  -9 
-10  30 
-6  31 
26  -39 
22  13 
-67  33 
16  -11 
33  31 
-20  25 
2  -3 
28  16 
-5  -1 
3  40 
15  -20 
13  13 
-16  18 
-37  -5 
14  27 
40  18 
-2  64 
-8  -13 
-21  27 
-1  19 
17  -46 
-7  57 
26  10 
35  -3 
11  -8 
-10  -25 
23  -37 
21  17 
-12  17 
-9  11 
-1  18 
11  -13 
-4  26 
26  16 
-10  42 
39  33 
-39  -8 
-5  -15 
-7  28 
-3  29 
26  -41 
22  14 
-70  32 
14  -11 
32  31 
-19  27 
-1  -2 
28  12 
-5  0 
2  44 
12  -20 
10  11 
-19  22 
-37  -11 
16  26 
38  20 
-2  64 
-11  -11 
-15  23 
3  23 
18  -49 
-6  60 
26  10 
35  -4 
11  -8 
-8  -27 
20  -35 
20  18 
-14  16 
-7  10 
-1  19 
13  -11 
-5  25 
24  18 
-9  41 
42  33 
-34  -19 
-4  -15 
-5  28 
-4  28 
28  -40 
21  14 
-70  32 
15  -9 
30  35 
-20  28 
-1  -2 
27  13 
-10  3 
5  47 
8  -20 
8  16 
-18  24 
-33  -10 
14  29 
43  22 
-3  62 
-11  -11 
-13  27 
1  23 
14  -49 
-5  59 
23  8 
36  -5 
12  -13 
-16  -21 
22  -35 
14  23 
-12  17 
-10  10 
2  13 
15  -14 
-4  28 
23  15 
-9  40 
42  30 
-33  -19 
-5  -15 
-7  29 
-4  33 
32  -41 
22  17 
-71  30 
13  -11 
31  31 
-17  29 
-1  -1 
33  13 
-15  7 
4  46 
7  -18 
11  15 
-18  21 
-27  -3 
13  30 
42  24 
-1  60 
-12  -12 
-13  27 
1  23 
19  -47 
-6  60 
23  7 
32  -12 
12  -13 
-12  -20 
22  -37 
18  22 
-12  16 
-8  11 
1  14 
17  -8 
-6  31 
22  16 
-7  35 
44  25 
-30  -18 
-5  -12 
-5  27 
-6  34 
31  -39 
21  16 
-74  30 
14  -9 
30  32 
-13  27 
-3  -2 
33  13 
-20  8 
9  45 
6  -21 
11  11 
-16  26 
-25  -4 
17  31 
42  21 
-2  59 
-10  -17 
-14  24 
0  21 
21  -49 
-5  60 
23  7 
32  -12 
12  -13 
-5  -14 
25  -37 
21  23 
-14  16 
-9  12 
2  17 
18  -10 
-6  33 
21  17 
-4  35 
46  30 
-30  -15 
-7  -11 
-7  30 
-6  37 
31  -41 
21  19 
-71  33 
14  -9 
30  32 
-18  24 
-1  -1 
33  9 
-19  10 
12  43 
6  -21 
13  13 
-16  26 
-24  -5 
16  31 
43  24 
-3  62 
-10  -18 
-14  22 
2  21 
20  -46 
-5  60 
24  11 
31  -13 
9  -8 
-4  -14 
20  -35 
23  23 
-12  16 
-8  11 
1  14 
14  -13 
-9  41 
18  19 
-5  31 
45  28 
-33  -13 
-8  -13 
-4  28 
-7  37 
31  -49 
22  17 
-71  29 
13  -11 
29  32 
-20  25 
1  -3 
33  10 
-20  14 
15  48 
7  -18 
9  9 
-15  31 
-25  -6 
14  31 
41  23 
-5  63 
-16  -14 
-14  22 
-4  26 
22  -45 
-6  60 
23  9 
31  -13 
3  -10 
0  -16 
20  -32 
22  21 
-8  16 
-8  7 
0  13 
15  -8 
-10  43 
19  21 
1  29 
46  30 
-33  -13 
-9  -12 
-4  28 
-5  37 
32  -49 
23  15 
-70  30 
17  -9 
31  32 
-16  25 
2  -4 
34  11 
-20  19 
16  46 
8  -18 
9  11 
-17  30 
-27  -4 
16  31 
41  22 
-6  63 
-17  -12 
-14  21 
-5  28 
23  -44 
-5  60 
21  3 
31  -9 
1  -9 
0  -19 
25  -33 
19  18 
-5  17 
-7  10 
0  14 
13  -11 
-10  43 
14  20 
-3  37 
46  30 
-34  -11 
-7  -12 
-6  27 
-6  39 
32  -51 
23  15 
-72  36 
16  -11 
31  32 
-19  27 
0  -6 
33  10 
-24  15 
15  45 
7  -17 
9  12 
-18  30 
-27  2 
18  31 
41  23 
-9  61 
-19  -9 
-13  21 
-4  28 
23  -45 
-8  60 
20  5 
38  -4 
5  -12 
2  -15 
21  -35 
19  19 
-6  16 
-9  11 
2  14 
14  -9 
-9  42 
13  17 
4  38 
47  31 
-33  -13 
-7  -11 
-6  27 
-5  39 
32  -53 
22  13 
-74  36 
17  -8 
29  33 
-19  28 
0  -6 
33  10 
-26  14 
18  51 
5  -13 
9  9 
-17  30 
-26  3 
19  33 
41  23 
-8  60 
-16  -9 
-14  19 
-5  28 
20  -43 
-7  57 
20  5 
37  -4 
6  -10 
2  -19 
23  -33 
19  19 
-7  13 
-8  11 
-1  18 
10  -8 
-10  43 
16  16 
4  38 
46  32 
-33  -13 
-5  -9 
-5  24 
-5  37 
31  -53 
21  14 
-78  33 
14  -9 
28  29 
-19  25 
2  -3 
32  7 
-31  13 
17  49 
6  -14 
13  9 
-18  33 
-30  3 
19  33 
40  21 
-6  57 
-17  -12 
-14  21 
-5  25 
18  -37 
-4  55 
19  3 
38  -4 
6  -10 
2  -16 
24  -35 
20  18 
-5  17 
-8  11 
2  16 
7  -4 
-8  44 
14  13 
6  39 
50  32 
-35  -11 
-7  -7 
-4  28 
-5  39 
31  -53 
21  14 
-80  34 
10  -8 
27  33 
-18  25 
2  -5 
33  9 
-34  10 
13  50 
3  -13 
15  9 
-27  37 
-30  5 
19  33 
42  22 
-5  59 
-17  -11 
-14  24 
-4  27 
14  -37 
-6  54 
20  -3 
34  -3 
0  -12 
2  -19 
27  -33 
19  19 
-8  11 
-8  8 
0  13 
10  -5 
-8  40 
18  12 
7  42 
51  32 
-36  -14 
-4  -11 
-5  27 
-6  40 
32  -53 
22  17 
-78  33 
10  -8 
28  36 
-21  23 
-1  -1 
32  8 
-34  10 
12  52 
5  -10 
14  11 
-26  40 
-29  3 
19  33 
41  23 
2  61 
-7  -11 
-18  24 
-4  26 
12  -36 
-4  55 
15  -3 
34  -1 
3  -13 
-2  -18 
27  -33 
20  18 
-9  11 
-7  10 
1  17 
13  -7 
-11  44 
12  9 
6  41 
49  32 
-36  -14 
-6  -13 
-5  25 
-5  39 
31  -53 
21  11 
-80  39 
8  -12 
28  40 
-18  21 
-2  -4 
32  7 
-34  10 
12  51 
4  -21 
16  8 
-25  39 
-33  7 
20  34 
41  22 
4  58 
-5  -15 
-18  24 
-4  26 
10  -36 
-10  62 
13  -5 
34  -5 
2  -15 
1  -21 
29  -36 
22  16 
-9  11 
-8  8 
2  13 
15  -9 
-11  53 
13  8 
6  39 
50  32 
-36  -15 
-6  -13 
-6  23 
-5  40 
31  -53 
22  10 
-78  37 
9  -12 
27  41 
-18  21 
-5  -1 
33  9 
-34  10 
11  51 
2  -27 
15  5 
-24  35 
-33  4 
21  34 
40  21 
9  52 
-6  -13 
-19  25 
-4  22 
12  -40 
-4  68 
19  -2 
33  -4 
-3  -21 
2  -15 
32  -37 
21  16 
-9  12 
-8  11 
3  9 
14  -11 
-14  56 
14  11 
8  40 
52  33 
-37  -13 
-6  -14 
-5  24 
-7  37 
31  -53 
29  4 
-77  35 
9  -11 
28  42 
-16  21 
-6  -1 
32  14 
-35  8 
9  52 
1  -33 
15  8 
-27  40 
-30  4 
22  33 
38  21 
14  55 
-6  -9 
-21  21 
0  18 
12  -40 
-5  63 
18  -1 
38  -4 
1  -18 
0  -12 
35  -34 
22  15 
-10  11 
-12  12 
-1  6 
13  -10 
-14  56 
11  12 
8  40 
52  37 
-37  -14 
-6  -13 
-6  20 
-5  39 
32  -53 
30  12 
-80  34 
9  -11 
26  41 
-22  24 
-3  -4 
33  10 
-34  10 
12  51 
1  -33 
15  11 
-33  47 
-33  0 
21  28 
41  22 
10  55 
-7  -7 
-19  23 
0  18 
8  -40 
-3  62 
22  -5 
33  -3 
1  -24 
2  -7 
34  -34 
21  14 
-6  11 
-9  13 
2  12 
13  -11 
-12  55 
11  11 
14  43 
54  35 
-36  -14 
-6  -13 
-5  20 
-6  40 
31  -53 
31  12 
-80  34 
9  -11 
26  41 
-24  22 
-1  -1 
32  8 
-34  10 
9  51 
1  -33 
13  8 
-30  42 
-33  7 
21  31 
41  15 
10  55 
-7  -4 
-25  20 
2  21 
8  -37 
0  62 
16  -5 
35  -1 
6  -23 
3  -11 
38  -34 
20  8 
-6  11 
-4  16 
2  16 
11  -8 
-12  55 
11  11 
12  43 
57  37 
-38  -17 
-7  -11 
-6  20 
-8  37 
31  -53 
29  13 
-80  34 
9  -11 
27  41 
-22  17 
2  -3 
31  7 
-29  11 
11  50 
-1  -36 
12  11 
-27  44 
-36  5 
18  26 
40  14 
12  54 
-10  2 
-26  15 
2  21 
6  -39 
2  65 
19  -1 
34  0 
7  -27 
1  -13 
39  -34 
21  10 
-7  10 
-4  15 
2  16 
18  -9 
-12  56 
14  11 
10  44 
53  36 
-38  -16 
-4  -12 
-5  17 
-3  37 
32  -52 
27  7 
-79  36 
10  -9 
28  40 
-28  16 
2  -5 
38  11 
-34  10 
11  51 
0  -35 
11  12 
-25  47 
-38  5 
24  31 
40  14 
9  52 
-10  -2 
-20  12 
2  21 
6  -41 
1  63 
19  -1 
30  4 
8  -24 
3  -11 
40  -32 
22  12 
-9  7 
-4  15 
-1  18 
14  -11 
-10  52 
16  11 
12  43 
55  37 
-37  -17 
-4  -14 
-9  14 
1  36 
35  -48 
24  6 
-78  33 
9  -8 
27  42 
-26  15 
3  -5 
37  10 
-36  6 
11  52 
2  -36 
11  11 
-24  46 
-36  5 
23  29 
40  14 
10  52 
-8  0 
-19  11 
0  25 
6  -41 
6  64 
17  2 
30  2 
13  -23 
2  -9 
42  -35 
20  8 
-8  8 
-4  15 
2  17 
15  -12 
-10  57 
22  10 
16  45 
55  37 
-37  -17 
-4  -12 
-2  6 
2  33 
33  -50 
27  7 
-78  38 
11  -8 
30  39 
-25  17 
1  -3 
37  11 
-39  14 
15  51 
2  -36 
12  11 
-24  46 
-34  10 
20  28 
40  14 
9  52 
-8  0 
-17  13 
2  25 
6  -41 
4  59 
20  1 
31  0 
11  -24 
3  -10 
42  -39 
21  6 
-9  11 
-5  13 
-1  18 
14  -13 
-13  56 
21  11 
15  45 
53  33 
-39  -18 
-9  -13 
-1  6 
2  35 
36  -52 
24  11 
-79  39 
10  -8 
31  43 
-26  18 
-4  -5 
35  11 
-38  15 
13  49 
-1  -41 
11  11 
-24  46 
-34  10 
21  30 
43  15 
9  49 
-10  3 
-18  13 
2  25 
1  -46 
-2  61 
20  2 
27  7 
16  -24 
2  -8 
47  -41 
20  8 
-9  12 
-5  17 
0  21 
15  -15 
-13  56 
23  9 
13  46 
54  35 
-39  -17 
-9  -13 
-1  6 
4  38 
34  -53 
21  7 
-79  36 
9  -11 
30  43 
-24  20 
-7  -4 
34  11 
-38  16 
12  51 
0  -42 
12  7 
-26  47 
-34  9 
22  24 
41  11 
10  52 
-8  -1 
-18  17 
1  25 
0  -47 
1  63 
23  4 
23  9 
16  -25 
6  -8 
48  -40 
20  8 
-9  11 
-6  20 
0  21 
15  -16 
-12  56 
24  6 
15  48 
55  37 
-43  -18 
-9  -8 
-1  3 
1  34 
28  -52 
21  9 
-81  33 
6  -10 
27  42 
-26  18 
-7  -3 
32  13 
-38  17 
10  52 
1  -44 
16  6 
-25  45 
-36  6 
23  24 
42  10 
7  53 
-8  0 
-20  22 
3  23 
3  -45 
1  63 
22  5 
20  8 
17  -23 
6  -11 
46  -41 
21  7 
-8  11 
-6  20 
-3  22 
16  -11 
-12  56 
22  13 
15  48 
53  36 
-40  -22 
-7  -10 
0  5 
1  31 
30  -60 
24  11 
-79  34 
9  -11 
30  44 
-24  16 
-1  -1 
33  10 
-38  16 
11  51 
5  -42 
17  10 
-24  46 
-34  4 
23  24 
46  10 
6  56 
-6  0 
-22  24 
2  24 
0  -42 
3  57 
20  5 
20  8 
15  -21 
4  -9 
46  -39 
21  4 
-8  11 
-5  20 
-5  25 
12  -7 
-12  56 
20  16 
16  48 
54  35 
-46  -17 
-9  -13 
4  6 
1  31 
30  -58 
23  9 
-81  33 
7  -13 
28  37 
-24  16 
1  -4 
37  9 
-43  16 
11  52 
8  -44 
19  18 
-26  47 
-36  6 
18  21 
47  11 
9  56 
-6  0 
-28  24 
2  25 
2  -47 
6  59 
22  4 
21  8 
12  -20 
0  -6 
46  -39 
21  3 
-9  11 
-6  19 
-5  25 
12  -9 
-14  52 
23  17 
16  48 
49  32 
-50  -18 
-9  -13 
3  9 
2  30 
30  -57 
20  13 
-81  33 
7  -13 
26  36 
-26  18 
6  -3 
36  15 
-43  16 
11  52 
9  -48 
18  19 
-29  47 
-34  7 
19  18 
43  9 
12  54 
-5  -1 
-25  20 
2  24 
0  -42 
0  61 
24  9 
21  14 
10  -17 
1  -4 
47  -38 
21  3 
-7  13 
-4  20 
-4  26 
12  -12 
-20  45 
20  14 
16  48 
52  31 
-54  -21 
-7  -11 
0  8 
3  26 
30  -58 
21  11 
-81  33 
7  -13 
28  36 
-24  20 
6  -3 
35  16 
-39  14 
12  51 
13  -50 
22  22 
-24  46 
-32  6 
18  20 
43  9 
13  57 
-7  -7 
-23  17 
2  24 
3  -40 
0  65 
22  10 
20  12 
10  -16 
2  -3 
50  -38 
19  -1 
-5  10 
-5  17 
-7  29 
11  -13 
-21  48 
19  13 
14  51 
49  32 
-53  -19 
-8  -11 
1  10 
4  25 
31  -60 
21  12 
-80  34 
9  -11 
28  36 
-27  18 
6  -4 
36  15 
-39  14 
11  51 
13  -51 
20  22 
-25  46 
-38  4 
22  22 
43  9 
14  55 
-7  -5 
-25  17 
3  23 
-2  -39 
1  62 
20  10 
20  12 
10  -18 
0  -2 
44  -34 
17  -1 
-7  13 
-7  17 
-1  26 
10  -19 
-19  51 
19  13 
13  50 
50  35 
-53  -18 
-6  -14 
1  7 
3  27 
26  -59 
23  15 
-80  34 
7  -13 
28  36 
-26  19 
6  -4 
40  18 
-38  13 
6  50 
15  -50 
21  23 
-25  45 
-38  4 
18  21 
44  6 
14  60 
-2  -4 
-31  16 
2  25 
0  -39 
1  62 
23  9 
20  8 
10  -17 
-1  -2 
43  -33 
17  2 
-6  11 
-5  20 
-4  29 
12  -17 
-18  50 
22  16 
16  48 
48  35 
-53  -18 
-6  -14 
4  5 
3  23 
23  -60 
23  17 
-79  36 
7  -13 
26  36 
-24  15 
7  -4 
42  16 
-36  15 
4  45 
18  -48 
23  23 
-26  47 
-39  5 
19  21 
43  9 
15  60 
-6  -3 
-27  13 
2  24 
-3  -38 
2  62 
22  13 
21  10 
12  -20 
-2  3 
41  -33 
15  4 
-6  11 
-9  20 
-6  29 
16  -12 
-20  54 
18  19 
16  46 
53  35 
-53  -19 
-2  -9 
2  5 
4  19 
22  -59 
21  14 
-80  37 
8  -10 
23  37 
-26  16 
15  -10 
40  14 
-38  17 
3  47 
16  -45 
28  28 
-24  46 
-38  4 
22  22 
42  9 
21  63 
-5  -1 
-26  11 
6  30 
-5  -36 
4  66 
21  11 
23  15 
12  -16 
0  1 
45  -33 
14  3 
-6  7 
-10  25 
-9  27 
15  -13 
-18  55 
19  19 
15  45 
50  35 
-53  -18 
-3  -9 
0  5 
2  18 
22  -55 
21  16 
-82  39 
11  -9 
22  35 
-27  15 
16  -7 
39  13 
-41  19 
5  48 
15  -43 
24  25 
-26  51 
-38  4 
18  19 
42  5 
22  62 
-5  -1 
-28  11 
6  30 
-9  -40 
7  67 
21  11 
21  17 
12  -15 
-2  1 
45  -33 
10  4 
-5  8 
-14  22 
-8  29 
13  -11 
-19  56 
18  24 
15  40 
57  36 
-53  -19 
-2  -9 
1  5 
9  16 
20  -55 
22  16 
-78  41 
6  -4 
21  34 
-26  20 
15  -8 
40  14 
-40  18 
-5  48 
13  -43 
25  27 
-28  51 
-38  6 
16  16 
46  -1 
23  63 
-6  3 
-29  11 
6  30 
-10  -37 
7  67 
21  11 
19  18 
12  -16 
-1  -1 
42  -36 
12  0 
-6  7 
-13  21 
-2  32 
13  -10 
-18  61 
19  21 
8  37 
54  38 
-50  -18 
-3  -9 
1  10 
7  14 
22  -55 
22  15 
-78  42 
6  -4 
22  35 
-25  19 
13  -10 
42  12 
-45  17 
-6  47 
9  -48 
24  26 
-29  52 
-36  5 
16  15 
41  -4 
20  65 
-6  3 
-34  9 
6  30 
-10  -36 
6  66 
23  10 
22  18 
15  -11 
-1  -2 
45  -43 
11  0 
-5  5 
-12  26 
-8  27 
12  -9 
-16  60 
15  24 
7  36 
53  37 
-50  -19 
-6  -4 
1  11 
9  16 
20  -51 
22  13 
-79  43 
7  -7 
23  36 
-25  17 
13  -10 
41  12 
-46  7 
-5  48 
9  -48 
23  27 
-28  51 
-37  9 
12  16 
40  -6 
24  62 
-15  6 
-39  10 
6  30 
-5  -40 
6  64 
22  1 
21  16 
15  -15 
1  -1 
41  -46 
7  -1 
-5  7 
-9  27 
-8  27 
15  -10 
-16  60 
18  19 
8  36 
53  38 
-41  -19 
-5  -1 
0  8 
13  17 
19  -54 
22  13 
-79  43 
12  -9 
21  36 
-23  16 
10  -18 
42  15 
-45  9 
-5  48 
13  -50 
26  29 
-26  51 
-39  8 
10  12 
39  -2 
17  62 
-19  12 
-38  10 
6  26 
-6  -40 
8  64 
22  1 
19  17 
14  -13 
0  -3 
40  -46 
6  -4 
-7  9 
-8  27 
-3  30 
16  -9 
-17  55 
20  25 
7  35 
55  37 
-40  -19 
-5  0 
1  10 
12  14 
18  -54 
22  16 
-80  44 
8  -11 
22  36 
-24  15 
12  -20 
43  15 
-48  8 
-6  47 
13  -51 
26  30 
-26  51 
-40  9 
9  12 
39  -3 
21  62 
-20  14 
-38  12 
6  26 
-6  -40 
6  64 
22  0 
19  19 
14  -17 
-6  -6 
41  -44 
7  -4 
-5  8 
-8  27 
-5  29 
19  -2 
-18  57 
17  22 
9  29 
54  36 
-39  -17 
-10  -5 
1  7 
12  16 
15  -60 
22  18 
-81  41 
12  -9 
23  35 
-25  17 
10  -17 
41  17 
-44  15 
-6  47 
14  -51 
25  27 
-24  48 
-40  8 
11  12 
36  -4 
20  58 
-20  14 
-38  14 
3  27 
-6  -40 
4  66 
26  0 
21  19 
16  -14 
-6  -4 
42  -44 
14  -5 
-6  11 
-8  27 
3  29 
19  -2 
-19  54 
10  22 
6  30 
56  33 
-42  -18 
-11  -9 
3  3 
14  18 
12  -60 
24  19 
-81  39 
13  -7 
19  39 
-23  16 
10  -18 
42  16 
-44  16 
-5  45 
12  -53 
27  27 
-25  50 
-47  9 
11  11 
34  -1 
20  58 
-14  17 
-38  14 
6  24 
-5  -40 
4  65 
26  2 
18  17 
15  -18 
-7  -3 
40  -46 
15  -3 
-5  16 
-6  29 
9  29 
20  -3 
-19  56 
13  26 
11  32 
56  35 
-46  -17 
-10  -8 
-2  1 
15  19 
8  -58 
22  15 
-78  37 
12  -9 
19  39 
-22  16 
12  -20 
41  14 
-46  14 
-5  45 
11  -53 
27  27 
-25  48 
-48  7 
13  10 
28  1 
21  52 
-13  14 
-40  14 
6  21 
-5  -43 
5  63 
27  1 
12  13 
14  -21 
-7  -4 
42  -45 
13  -3 
-9  14 
1  29 
9  32 
22  0 
-18  58 
14  27 
11  32 
60  38 
-46  -17 
-8  -6 
0  2 
15  20 
10  -56 
23  17 
-78  37 
11  -9 
20  38 
-18  17 
10  -17 
41  17 
-45  9 
-5  48 
11  -53 
27  27 
-22  51 
-47  9 
11  14 
28  0 
20  48 
-14  10 
-37  15 
6  19 
-3  -43 
5  64 
26  2 
12  11 
16  -25 
-7  -7 
42  -45 
13  -3 
-6  20 
4  26 
9  36 
22  1 
-16  58 
15  25 
7  33 
58  39 
-46  -17 
-10  -9 
3  2 
15  20 
12  -56 
22  16 
-79  34 
9  -9 
12  36 
-16  19 
8  -14 
41  12 
-45  12 
-5  48 
12  -52 
26  26 
-24  49 
-49  7 
13  13 
27  2 
21  51 
-16  5 
-38  15 
8  20 
-7  -43 
4  66 
24  -2 
11  12 
15  -23 
-10  -6 
42  -43 
12  0 
-4  15 
1  22 
2  36 
22  1 
-19  56 
14  27 
8  36 
60  38 
-45  -15 
-7  -4 
2  5 
15  19 
10  -58 
23  15 
-78  34 
8  -4 
10  32 
-21  19 
7  -13 
39  13 
-44  11 
-6  47 
15  -55 
26  30 
-24  48 
-49  7 
15  7 
30  4 
22  52 
-15  7 
-40  14 
6  19 
-5  -43 
6  69 
22  1 
10  10 
18  -24 
-7  -7 
37  -43 
12  0 
-4  15 
5  23 
3  35 
18  2 
-18  57 
12  31 
6  36 
57  36 
-44  -14 
-9  -6 
1  3 
14  15 
10  -58 
24  15 
-79  35 
7  -4 
10  32 
-20  18 
6  -19 
39  13 
-45  8 
-9  47 
15  -56 
29  29 
-26  51 
-50  7 
12  5 
31  -1 
21  52 
-19  11 
-45  10 
6  19 
-4  -45 
2  65 
17  -2 
10  14 
13  -24 
-11  -8 
36  -40 
15  -1 
-7  19 
1  30 
3  37 
20  1 
-18  55 
15  37 
8  36 
56  36 
-46  -17 
-7  -11 
-2  2 
17  17 
13  -60 
24  12 
-78  41 
8  -4 
8  32 
-18  17 
7  -18 
39  13 
-44  8 
-8  47 
16  -54 
30  22 
-25  52 
-53  7 
10  4 
35  -1 
25  46 
-19  10 
-45  6 
12  20 
-4  -40 
-1  61 
22  -4 
14  14 
14  -20 
-14  -10 
33  -41 
19  4 
-5  16 
1  27 
0  34 
20  5 
-21  59 
16  35 
6  36 
55  48 
-49  -19 
-7  -11 
2  1 
14  18 
15  -57 
22  13 
-77  41 
9  -8 
11  31 
-21  19 
6  -21 
40  14 
-46  11 
-8  47 
15  -55 
27  27 
-24  48 
-51  7 
9  4 
35  -8 
23  46 
-19  14 
-47  8 
15  19 
-6  -41 
-6  67 
22  -5 
16  15 
12  -16 
-14  -4 
34  -37 
20  1 
-3  16 
2  33 
1  36 
19  3 
-21  58 
14  36 
7  33 
55  48 
-52  -24 
-7  -11 
0  2 
13  17 
15  -56 
26  10 
-73  42 
10  -8 
11  31 
-17  16 
6  -21 
44  11 
-45  8 
-8  47 
13  -52 
24  26 
-26  49 
-50  2 
12  5 
34  -9 
23  49 
-19  14 
-47  9 
15  20 
-9  -40 
-6  67 
19  -1 
17  17 
12  -20 
-13  -4 
40  -39 
14  6 
-5  17 
1  36 
0  34 
21  2 
-20  59 
12  31 
9  36 
57  49 
-50  -26 
-4  -12 
0  5 
8  18 
21  -57 
26  10 
-74  41 
9  -8 
9  29 
-18  17 
7  -20 
41  7 
-44  9 
-8  47 
13  -50 
27  27 
-27  46 
-50  4 
10  2 
37  -9 
22  55 
-17  15 
-49  7 
13  15 
-10  -37 
-4  68 
20  -2 
21  15 
12  -20 
-11  -4 
36  -45 
15  6 
-7  17 
2  36 
1  34 
15  5 
-20  56 
12  31 
8  37 
56  51 
-48  -27 
-6  -13 
-1  8 
10  20 
20  -55 
23  7 
-73  41 
10  -8 
9  29 
-19  14 
8  -24 
43  7 
-46  6 
-7  50 
18  -48 
27  27 
-26  47 
-49  3 
15  3 
33  -8 
21  56 
-17  17 
-45  8 
13  17 
-9  -45 
-6  80 
23  4 
21  12 
14  -17 
-14  -4 
32  -44 
12  7 
-5  20 
2  36 
1  31 
16  11 
-20  56 
11  31 
3  35 
58  49 
-50  -25 
-7  -11 
1  9 
12  23 
22  -55 
20  -2 
-72  40 
8  -4 
11  23 
-23  9 
7  -21 
44  6 
-44  8 
-6  43 
17  -50 
29  29 
-24  50 
-45  0 
22  0 
32  -9 
22  57 
-18  15 
-46  8 
15  19 
-4  -40 
-6  80 
19  -1 
22  14 
10  -18 
-10  -5 
33  -43 
12  7 
-6  18 
0  34 
-2  28 
15  11 
-19  56 
11  31 
1  37 
54  51 
-45  -23 
-7  -11 
2  12 
10  21 
21  -53 
22  -4 
-70  43 
7  -5 
9  28 
-32  6 
6  -21 
44  5 
-45  5 
-6  45 
19  -47 
29  32 
-29  54 
-46  -1 
21  2 
31  -8 
27  62 
-21  19 
-47  10 
15  20 
-4  -40 
-7  77 
22  -5 
22  13 
12  -20 
-5  -5 
35  -54 
10  10 
-5  17 
1  32 
-4  28 
14  11 
-15  59 
10  35 
-3  37 
53  53 
-45  -21 
-6  -13 
1  11 
10  23 
26  -50 
21  -3 
-70  40 
2  -7 
7  27 
-30  3 
10  -16 
43  6 
-45  6 
-4  49 
19  -47 
22  29 
-27  53 
-44  -4 
21  2 
30  -2 
26  61 
-18  15 
-43  12 
12  16 
-6  -40 
-7  76 
21  -6 
20  12 
11  -20 
-1  -1 
33  -51 
10  14 
-6  12 
2  32 
-5  29 
13  10 
-13  59 
17  37 
-5  37 
49  54 
-41  -22 
-4  -12 
9  9 
10  22 
26  -51 
22  -4 
-65  40 
2  -5 
7  27 
-30  4 
9  -8 
43  7 
-46  3 
-8  47 
19  -47 
20  28 
-26  51 
-42  -5 
19  4 
32  0 
27  60 
-23  15 
-48  8 
10  22 
1  -44 
-4  75 
22  -4 
20  10 
12  -22 
-2  -1 
31  -62 
8  16 
-9  15 
2  38 
-9  27 
13  8 
-16  58 
19  38 
-4  33 
50  52 
-37  -25 
3  -11 
9  9 
10  23 
24  -54 
20  -6 
-66  40 
1  -9 
7  27 
-34  1 
10  -8 
43  7 
-46  5 
-9  47 
19  -47 
20  28 
-26  43 
-48  0 
11  0 
30  2 
27  62 
-25  17 
-38  9 
10  23 
-1  -43 
-11  73 
22  -5 
24  6 
18  -25 
-1  -1 
29  -64 
7  15 
-9  14 
4  38 
-7  30 
14  9 
-17  55 
21  37 
-7  29 
51  51 
-40  -26 
2  -16 
6  4 
12  23 
24  -55 
21  -1 
-65  39 
3  -11 
7  27 
-32  2 
9  -11 
43  7 
-46  7 
-11  52 
19  -47 
22  29 
-30  42 
-45  4 
10  4 
31  0 
21  63 
-25  11 
-38  12 
12  18 
1  -44 
-9  72 
23  -3 
25  7 
19  -22 
-6  -2 
27  -64 
3  20 
-7  8 
7  41 
-7  30 
16  8 
-20  55 
22  37 
-8  27 
51  51 
-40  -26 
2  -16 
6  1 
6  24 
23  -54 
19  -1 
-64  35 
0  -12 
8  28 
-30  5 
9  -11 
46  6 
-47  10 
-11  50 
19  -47 
20  30 
-24  35 
-45  3 
7  2 
34  -1 
17  62 
-27  13 
-39  14 
15  19 
1  -49 
-8  74 
21  -4 
25  8 
20  -22 
-6  -5 
35  -68 
7  21 
-8  7 
8  40 
-9  32 
13  9 
-21  58 
21  37 
-9  27 
46  50 
-34  -21 
4  -15 
7  5 
6  24 
23  -53 
20  5 
-66  34 
