Created:October-13-2022 
Coverage:31 
N:20 
NUM-IONS:124 
NSTEPS:15000 
WRITE-PERIODICITY:100 
epsilon:1.71 
54  30 
6  13 
-6  12 
11  18 
9  -19 
11  -8 
-23  4 
29  8 
27  -2 
19  15 
33  -2 
35  -5 
30  -1 
15  40 
26  7 
-5  -1 
9  2 
35  36 
15  -10 
6  22 
17  18 
22  -19 
2  38 
23  30 
6  17 
-8  3 
23  2 
18  -8 
-2  -2 
-1  9 
30  -6 
8  35 
-3  19 
13  -21 
32  32 
4  24 
-32  20 
3  35 
8  11 
24  13 
0  4 
17  34 
6  -11 
11  19 
18  5 
9  3 
38  -5 
4  43 
-9  13 
8  32 
12  7 
-5  14 
-6  9 
14  0 
-16  5 
-4  16 
0  -13 
21  10 
1  13 
-4  24 
13  -11 
10  9 
8  29 
9  -22 
21  24 
22  22 
9  24 
15  49 
6  12 
-21  42 
-1  14 
23  7 
5  8 
22  -3 
11  17 
5  -6 
-23  32 
20  -1 
28  2 
-11  -15 
13  15 
-18  6 
16  19 
-22  10 
-25  -22 
24  15 
-3  1 
31  7 
8  50 
32  -19 
-16  9 
44  1 
-19  -9 
29  14 
5  -38 
-25  23 
4  18 
-2  28 
7  5 
-5  1 
1  -11 
-8  18 
30  38 
-52  34 
33  42 
0  36 
6  30 
11  -25 
4  -10 
3  6 
7  26 
2  20 
-29  0 
-7  6 
12  35 
22  9 
14  4 
10  33 
-24  34 
33  0 
2  32 
9  9 
33  27 
-16  16 
56  27 
5  15 
-6  14 
13  14 
10  -19 
10  -10 
-20  2 
30  9 
31  -1 
22  18 
30  -1 
36  -6 
32  -6 
14  44 
23  4 
-7  0 
9  6 
35  30 
17  -14 
10  27 
15  16 
24  -16 
-3  38 
22  31 
4  13 
-7  7 
25  -4 
17  -5 
1  -4 
-1  10 
29  -2 
4  36 
-4  17 
15  -22 
32  32 
-1  23 
-30  18 
2  32 
7  7 
25  11 
-4  5 
20  35 
7  -15 
14  15 
20  11 
11  4 
42  -6 
8  46 
-11  15 
8  31 
13  6 
-4  16 
-9  13 
9  3 
-11  5 
-1  17 
1  -13 
21  11 
-1  9 
-4  24 
15  -11 
5  7 
7  31 
11  -22 
17  24 
18  25 
11  20 
14  52 
6  13 
-22  43 
1  15 
23  6 
7  10 
24  -5 
12  15 
3  -4 
-24  31 
20  -4 
29  4 
-12  -16 
10  14 
-22  8 
19  18 
-22  12 
-25  -20 
24  14 
-3  1 
33  9 
9  50 
30  -18 
-12  9 
42  -3 
-19  -11 
28  14 
8  -37 
-25  25 
9  14 
-3  27 
5  5 
-8  -1 
0  -10 
-9  16 
27  42 
-52  33 
32  41 
-8  38 
6  29 
6  -23 
6  -10 
4  5 
7  26 
3  22 
-36  -2 
-8  7 
14  33 
22  9 
18  -1 
13  31 
-25  35 
32  3 
-1  34 
8  7 
31  27 
-15  17 
55  26 
5  14 
-7  14 
11  16 
7  -18 
10  -8 
-21  5 
32  16 
28  0 
24  20 
29  -2 
37  -9 
30  -4 
14  43 
24  5 
1  -3 
8  6 
32  29 
18  -17 
13  27 
15  23 
23  -14 
-3  38 
21  33 
-1  14 
-10  7 
29  -1 
12  1 
1  -2 
-3  10 
31  0 
4  36 
-7  18 
15  -22 
32  31 
-1  21 
-28  18 
6  30 
7  11 
24  14 
-4  10 
17  36 
8  -16 
15  15 
17  6 
12  3 
42  -8 
7  49 
-12  17 
10  31 
17  8 
0  17 
-8  12 
8  3 
-17  4 
-3  23 
0  -13 
21  14 
0  8 
-3  24 
15  -11 
12  8 
8  29 
11  -25 
19  19 
18  25 
9  17 
17  53 
2  14 
-21  38 
0  12 
22  6 
9  8 
24  -5 
9  14 
5  -4 
-24  33 
19  -5 
31  4 
-11  -18 
8  13 
-22  8 
17  19 
-24  11 
-25  -21 
25  10 
-3  1 
30  9 
4  50 
27  -19 
-15  5 
42  -2 
-20  -10 
26  12 
9  -39 
-23  25 
10  18 
-7  30 
9  6 
-8  -1 
0  -9 
-9  18 
26  42 
-52  31 
32  42 
-7  40 
4  26 
10  -19 
6  -11 
2  1 
5  27 
5  22 
-39  -4 
-8  7 
14  34 
22  9 
16  -5 
11  33 
-24  34 
36  -1 
0  33 
6  5 
31  27 
-18  17 
55  25 
6  18 
-8  15 
13  14 
7  -18 
13  -8 
-21  5 
35  17 
22  -1 
22  21 
29  2 
35  -8 
28  -4 
12  43 
25  4 
0  -5 
11  3 
29  28 
21  -15 
13  26 
13  23 
25  -12 
-9  36 
19  29 
-1  14 
-12  3 
28  0 
14  4 
-1  1 
-3  9 
33  -2 
4  38 
-8  18 
13  -20 
33  31 
2  18 
-29  15 
3  30 
7  10 
37  17 
-6  9 
15  35 
9  -16 
14  12 
20  8 
13  2 
41  -10 
9  45 
-10  14 
8  30 
15  6 
-1  15 
-8  12 
7  1 
-21  0 
-1  23 
2  -11 
21  16 
1  7 
-3  23 
15  -11 
11  7 
6  34 
14  -27 
17  18 
18  25 
11  17 
18  52 
4  15 
-21  39 
0  11 
27  5 
12  9 
25  -3 
6  12 
9  -2 
-23  36 
21  -6 
28  4 
-11  -19 
8  13 
-27  10 
16  14 
-31  9 
-21  -16 
24  13 
-3  1 
33  9 
6  50 
26  -23 
-17  4 
41  -2 
-20  -10 
26  13 
11  -38 
-21  30 
10  18 
-7  28 
6  5 
-9  -1 
-3  -10 
-9  18 
23  40 
-51  26 
34  42 
-5  38 
5  22 
10  -19 
7  -12 
0  4 
4  23 
4  21 
-37  -3 
-7  7 
12  30 
21  9 
17  -12 
11  32 
-22  36 
35  -1 
-4  31 
8  6 
27  26 
-17  15 
53  22 
4  16 
-8  18 
14  14 
9  -18 
15  -8 
-17  3 
35  16 
22  0 
22  18 
28  3 
35  -9 
28  -5 
12  42 
24  4 
0  -5 
8  6 
28  29 
25  -18 
11  27 
13  20 
25  -13 
-12  37 
21  29 
-1  17 
-11  3 
26  -3 
14  4 
-1  1 
-7  6 
29  -3 
2  39 
-9  20 
16  -20 
30  27 
4  20 
-29  15 
4  32 
6  10 
38  19 
-5  10 
16  34 
12  -13 
15  7 
22  6 
13  3 
41  -5 
7  40 
-10  14 
13  31 
17  4 
-1  14 
-7  8 
8  -2 
-25  -2 
-3  21 
2  -11 
21  16 
0  7 
-5  23 
18  -12 
9  9 
8  33 
14  -27 
20  19 
18  25 
11  19 
17  50 
2  17 
-21  39 
-2  10 
27  6 
8  11 
24  -7 
3  16 
8  -6 
-25  37 
19  -5 
30  9 
-10  -18 
9  14 
-27  9 
17  16 
-33  11 
-21  -15 
24  14 
-7  -2 
30  10 
4  51 
29  -25 
-17  5 
42  3 
-16  -10 
24  9 
12  -37 
-20  31 
9  18 
-7  30 
7  8 
-8  -5 
-1  -11 
-10  18 
24  43 
-53  27 
35  45 
-3  37 
4  25 
8  -18 
6  -8 
4  1 
7  25 
7  22 
-34  -2 
-9  5 
18  32 
20  10 
14  -8 
15  29 
-21  40 
32  1 
-4  35 
3  6 
28  30 
-16  15 
52  23 
3  15 
-11  19 
14  14 
9  -19 
11  -5 
-18  4 
39  20 
24  1 
22  18 
29  2 
38  -12 
30  -1 
14  42 
21  5 
1  -4 
5  7 
32  28 
24  -15 
7  30 
7  20 
27  -9 
-16  35 
20  30 
0  13 
-7  2 
24  -7 
14  4 
-9  6 
-6  10 
30  -9 
7  41 
-11  18 
12  -21 
27  29 
5  22 
-30  18 
1  30 
4  10 
39  19 
-4  11 
17  37 
15  -10 
19  1 
21  6 
13  3 
42  -8 
10  42 
-7  15 
15  29 
19  2 
1  13 
-7  6 
10  1 
-27  0 
-1  18 
1  -11 
19  15 
0  7 
-5  24 
20  -12 
9  6 
8  35 
14  -27 
20  15 
15  25 
9  15 
17  51 
4  18 
-27  39 
0  17 
26  6 
8  5 
19  -6 
2  17 
4  -6 
-25  39 
17  -7 
31  12 
-11  -17 
9  13 
-27  9 
16  14 
-33  8 
-19  -19 
23  10 
-7  -2 
27  13 
5  50 
28  -23 
-13  5 
36  5 
-15  -9 
24  12 
12  -39 
-18  31 
11  19 
-8  32 
6  5 
-7  -6 
-1  -11 
-10  14 
23  46 
-52  27 
37  46 
-4  37 
1  28 
11  -20 
5  -4 
8  1 
4  24 
7  22 
-34  -3 
-7  7 
17  36 
20  12 
16  -11 
10  27 
-17  42 
32  2 
-5  37 
4  6 
26  30 
-16  16 
56  19 
6  17 
-11  18 
16  14 
12  -19 
9  -6 
-21  3 
38  19 
20  1 
24  20 
28  6 
32  -11 
30  -2 
10  42 
22  3 
-2  -2 
9  10 
33  29 
26  -18 
8  32 
2  21 
31  -7 
-14  33 
22  32 
-3  13 
-3  6 
24  -7 
16  1 
-9  7 
-1  5 
33  -10 
8  40 
-11  15 
11  -21 
25  28 
3  27 
-27  18 
5  30 
5  11 
39  18 
-3  11 
16  35 
15  -10 
17  -1 
22  6 
12  -2 
41  -6 
9  41 
-5  19 
16  31 
19  -1 
4  15 
-7  7 
9  6 
-23  -4 
1  16 
2  -11 
20  15 
-2  2 
-7  20 
16  -12 
7  6 
8  34 
14  -28 
16  17 
14  24 
8  15 
19  55 
4  18 
-32  38 
1  13 
28  9 
7  5 
18  -8 
-5  15 
5  -1 
-29  36 
15  -6 
32  16 
-13  -18 
6  11 
-28  12 
13  14 
-33  9 
-15  -19 
24  12 
-9  0 
24  14 
7  48 
26  -19 
-10  7 
30  1 
-14  -10 
23  10 
12  -37 
-19  31 
13  17 
-10  34 
4  4 
-8  -3 
0  -10 
-5  18 
24  45 
-50  29 
41  45 
-9  38 
0  29 
19  -19 
9  3 
6  7 
-1  24 
8  23 
-33  -2 
-11  8 
19  34 
20  11 
17  -8 
12  25 
-16  41 
34  2 
-6  33 
3  3 
26  32 
-18  18 
58  17 
11  18 
-8  19 
14  13 
15  -17 
8  -9 
-22  3 
34  24 
23  7 
20  24 
27  11 
31  -12 
32  -2 
16  39 
19  3 
-5  -15 
10  10 
32  27 
30  -18 
8  26 
2  23 
29  -11 
-16  34 
22  32 
-6  14 
-5  4 
24  -7 
17  1 
-11  8 
-3  3 
33  -11 
6  39 
-11  14 
9  -22 
25  28 
2  26 
-22  19 
4  31 
3  10 
39  18 
-5  20 
15  35 
15  -10 
17  -4 
23  2 
12  1 
40  -7 
3  39 
-7  15 
19  29 
19  -1 
4  16 
-8  11 
7  5 
-25  -9 
0  14 
4  -10 
19  13 
-4  4 
-5  19 
13  -14 
6  5 
6  33 
13  -26 
17  17 
12  23 
12  12 
22  49 
2  17 
-34  42 
0  15 
28  12 
5  5 
16  -6 
-12  14 
3  4 
-34  37 
12  -5 
24  18 
-12  -20 
7  6 
-26  12 
12  14 
-31  10 
-15  -18 
20  11 
-9  0 
23  15 
8  49 
20  -24 
-12  10 
29  3 
-13  -12 
25  11 
13  -38 
-17  34 
11  15 
-10  34 
2  0 
-5  -2 
4  -15 
-3  20 
24  46 
-50  31 
39  45 
-7  40 
-3  28 
18  -18 
11  5 
4  3 
-2  25 
7  22 
-30  -2 
-10  8 
21  33 
17  10 
18  -8 
9  26 
-18  38 
32  2 
-5  29 
4  4 
26  32 
-15  15 
62  18 
11  18 
-7  18 
14  13 
12  -18 
9  -11 
-21  3 
36  25 
26  5 
17  24 
27  6 
34  -11 
28  -2 
12  38 
19  4 
-7  -18 
9  8 
34  30 
26  -16 
5  28 
-2  25 
32  -12 
-13  37 
20  31 
-5  15 
-5  5 
21  -2 
17  1 
-8  3 
-3  3 
31  -8 
7  42 
-15  16 
9  -26 
24  25 
0  28 
-21  18 
4  30 
0  7 
38  19 
-5  18 
17  37 
13  -10 
16  -3 
23  1 
9  3 
41  -9 
-2  41 
-8  14 
17  32 
19  -1 
4  15 
-7  9 
7  7 
-21  -11 
-3  16 
3  -12 
20  10 
-2  3 
-6  22 
10  -13 
7  3 
8  29 
9  -22 
17  18 
9  21 
12  11 
22  49 
1  12 
-35  42 
2  14 
27  11 
6  2 
15  -8 
-16  13 
3  4 
-33  28 
10  -6 
21  21 
-12  -17 
12  9 
-26  12 
19  14 
-34  9 
-13  -19 
21  9 
-9  -1 
24  18 
12  47 
21  -25 
-16  12 
30  2 
-12  -13 
26  10 
15  -37 
-17  35 
8  26 
-9  33 
2  3 
1  -4 
5  -14 
-4  15 
23  46 
-47  34 
34  44 
-6  43 
-2  28 
19  -19 
10  1 
4  4 
-2  22 
6  17 
-29  -3 
-7  6 
22  31 
18  7 
18  -8 
9  22 
-18  37 
32  1 
-5  30 
7  5 
28  35 
-18  12 
62  17 
12  15 
-5  19 
16  14 
9  -19 
8  -14 
-17  -1 
36  23 
24  5 
17  21 
27  5 
37  -8 
31  -1 
13  40 
22  0 
-5  -16 
10  9 
35  30 
25  -17 
7  26 
-2  25 
34  -10 
-7  39 
21  33 
0  17 
-5  3 
20  -5 
16  -1 
-7  2 
-2  4 
32  -9 
7  40 
-14  17 
10  -22 
23  28 
-1  29 
-20  19 
4  30 
0  8 
39  20 
-8  23 
15  35 
15  -8 
15  -2 
22  3 
9  2 
40  -10 
1  43 
-8  14 
20  31 
17  3 
11  20 
-9  9 
7  11 
-22  -12 
-3  19 
4  -14 
23  15 
-3  4 
-2  17 
12  -13 
7  2 
8  31 
11  -22 
19  19 
9  23 
17  6 
21  49 
0  12 
-36  43 
6  20 
29  18 
-1  2 
16  -9 
-16  15 
4  4 
-29  27 
10  -3 
27  21 
-10  -18 
6  10 
-26  14 
17  16 
-31  6 
-15  -18 
22  12 
-8  -2 
24  17 
17  50 
21  -29 
-15  11 
29  4 
-7  -13 
22  6 
15  -35 
-17  42 
8  23 
-10  31 
4  1 
1  -6 
10  -10 
1  15 
23  46 
-49  37 
33  43 
-6  44 
-3  28 
19  -17 
10  1 
3  4 
-1  21 
4  14 
-27  -6 
-7  6 
23  30 
18  12 
17  -7 
8  22 
-16  36 
32  2 
-8  29 
8  10 
33  35 
-21  15 
64  24 
8  14 
-5  20 
15  15 
9  -19 
7  -13 
-15  -3 
33  28 
23  7 
17  21 
26  10 
34  -10 
29  -2 
13  38 
22  0 
1  -16 
11  12 
35  29 
20  -19 
-3  27 
-2  28 
32  -11 
-9  38 
24  38 
0  11 
-5  3 
20  -4 
12  -2 
-7  0 
-5  5 
33  -10 
9  42 
-14  17 
10  -22 
21  29 
-1  29 
-21  18 
7  31 
2  6 
39  19 
-8  22 
18  36 
15  -2 
13  -1 
15  4 
8  3 
39  -10 
1  45 
-9  15 
18  30 
18  3 
11  20 
-10  11 
8  10 
-22  -14 
-4  17 
3  -14 
22  18 
-4  5 
3  15 
5  -17 
4  1 
10  30 
11  -23 
22  12 
9  26 
13  7 
24  50 
0  10 
-37  44 
7  17 
28  15 
0  -1 
13  -11 
-18  17 
1  1 
-24  19 
13  2 
25  22 
-10  -18 
8  9 
-26  12 
12  14 
-33  6 
-15  -25 
21  16 
-7  -5 
26  12 
17  50 
24  -27 
-15  11 
30  1 
-8  -12 
22  9 
16  -33 
-18  39 
7  30 
-10  29 
3  -1 
3  -2 
8  -9 
-2  17 
21  43 
-48  35 
32  41 
-6  44 
-3  31 
18  -18 
12  3 
2  3 
-1  23 
4  15 
-25  -7 
-9  4 
23  30 
18  12 
19  -6 
7  21 
-16  36 
30  7 
-7  26 
8  6 
27  40 
-22  15 
66  29 
7  13 
-9  16 
15  16 
9  -19 
8  -11 
-17  -4 
30  28 
20  7 
17  21 
28  11 
32  -7 
30  2 
10  41 
24  -7 
0  -16 
12  12 
33  27 
19  -17 
-3  26 
-3  28 
33  -10 
-2  37 
24  38 
-3  9 
-4  4 
20  -7 
9  -2 
-3  -3 
-3  4 
32  -11 
9  42 
-18  17 
6  -23 
21  30 
0  30 
-20  19 
7  31 
2  9 
39  15 
-11  24 
20  36 
14  2 
11  0 
12  3 
9  3 
37  -9 
4  44 
-9  13 
17  34 
15  3 
11  18 
-11  14 
9  10 
-25  -15 
-2  15 
1  -15 
22  23 
-6  4 
2  12 
3  -16 
7  1 
7  27 
13  -26 
21  12 
10  29 
13  6 
23  46 
0  11 
-34  46 
10  19 
28  15 
-1  -2 
11  -8 
-21  19 
-1  2 
-25  19 
9  6 
33  18 
-8  -19 
9  8 
-21  14 
13  15 
-35  5 
-16  -28 
17  19 
-7  -9 
25  10 
14  52 
23  -21 
-13  9 
27  0 
-12  -10 
21  9 
20  -32 
-18  38 
4  25 
-8  27 
2  0 
1  -4 
10  -6 
-6  13 
21  44 
-56  36 
33  40 
-5  40 
-4  31 
18  -15 
13  2 
-2  2 
-2  23 
6  13 
-28  -5 
-12  6 
24  30 
16  17 
18  -8 
5  22 
-23  33 
31  7 
-8  22 
7  8 
29  37 
-19  13 
67  26 
3  15 
-10  16 
17  16 
10  -19 
14  -11 
-16  -6 
26  25 
25  10 
17  21 
28  10 
33  -5 
34  2 
10  42 
25  -9 
-1  -19 
12  9 
33  22 
19  -17 
-3  24 
-5  29 
33  -11 
-7  34 
25  35 
-2  10 
1  3 
20  -10 
12  0 
-1  -2 
-3  8 
31  -8 
7  43 
-18  18 
10  -21 
20  31 
-1  29 
-23  17 
10  34 
1  9 
41  10 
-11  22 
20  33 
14  4 
11  0 
9  1 
7  1 
37  -7 
-1  45 
-8  14 
15  39 
16  5 
16  24 
-8  16 
8  11 
-21  -21 
0  15 
-2  -15 
23  24 
-7  -1 
1  14 
5  -16 
8  3 
10  27 
12  -22 
18  17 
13  27 
13  6 
24  45 
1  11 
-31  44 
3  17 
29  19 
2  -3 
17  -9 
-22  14 
3  1 
-25  20 
4  4 
29  15 
-8  -19 
11  13 
-21  14 
11  19 
-37  6 
-16  -30 
18  12 
-7  -10 
28  6 
14  53 
28  -26 
-14  10 
30  -2 
-10  -11 
24  11 
20  -32 
-18  41 
4  23 
-11  29 
5  2 
1  -4 
11  -3 
-5  15 
28  39 
-56  35 
33  40 
-6  40 
-6  32 
18  -17 
17  3 
-2  2 
4  21 
6  12 
-28  -3 
-13  5 
23  30 
16  17 
15  -10 
9  18 
-24  35 
31  7 
-8  23 
9  3 
26  37 
-18  12 
72  28 
6  17 
-14  13 
19  15 
12  -18 
17  -8 
-17  -4 
26  25 
28  9 
17  21 
28  6 
32  -4 
36  5 
9  44 
25  -9 
2  -21 
12  7 
32  23 
17  -16 
-11  21 
-3  28 
31  -11 
-7  35 
22  40 
-5  10 
0  4 
21  -9 
12  -2 
-2  3 
-3  7 
33  -10 
11  36 
-19  14 
10  -22 
21  35 
-1  29 
-23  19 
17  37 
1  9 
40  11 
-9  20 
21  33 
13  3 
13  -2 
8  3 
7  1 
36  -5 
-1  45 
-5  15 
14  40 
15  4 
15  23 
-10  19 
8  11 
-21  -22 
0  10 
3  -16 
24  24 
-9  -3 
4  16 
7  -14 
2  -2 
9  33 
9  -26 
18  15 
11  27 
13  6 
24  45 
3  10 
-30  42 
3  17 
29  18 
5  3 
17  -10 
-22  8 
4  0 
-25  19 
1  4 
31  10 
-6  -16 
12  12 
-23  16 
11  19 
-37  6 
-16  -27 
18  12 
-7  -11 
29  6 
12  49 
29  -32 
-12  7 
27  -3 
-10  -11 
24  14 
20  -33 
-16  41 
5  22 
-12  30 
9  2 
0  -7 
12  -1 
-1  14 
27  42 
-48  35 
36  41 
-3  45 
-7  33 
19  -17 
14  9 
-2  2 
5  17 
6  12 
-30  -6 
-10  7 
22  29 
14  19 
17  -7 
8  20 
-24  33 
34  2 
-8  21 
3  3 
26  36 
-18  14 
70  29 
9  16 
-15  14 
21  17 
16  -23 
18  -15 
-15  -3 
26  29 
24  13 
18  17 
27  9 
33  -2 
35  5 
7  42 
23  -5 
1  -24 
19  10 
32  23 
19  -17 
-10  21 
-1  29 
32  -9 
-7  40 
22  38 
-5  9 
3  6 
23  -10 
12  -3 
0  8 
-4  11 
34  -7 
8  34 
-16  14 
11  -21 
20  36 
0  30 
-27  14 
15  37 
0  11 
40  13 
-7  22 
17  34 
14  4 
12  -2 
9  2 
9  1 
36  -6 
-8  47 
-3  15 
15  39 
16  4 
15  24 
-12  17 
8  10 
-23  -23 
2  11 
3  -16 
24  25 
-6  -6 
5  15 
9  -14 
6  -2 
11  32 
7  -26 
21  14 
11  27 
13  6 
27  45 
5  10 
-29  45 
6  13 
31  18 
2  6 
20  -8 
-19  7 
6  -5 
-25  18 
2  4 
33  10 
-5  -17 
12  12 
-22  19 
9  18 
-36  6 
-16  -29 
18  12 
-3  -10 
27  10 
12  48 
29  -30 
-12  6 
30  -1 
-14  -8 
26  14 
20  -33 
-14  41 
4  24 
-11  28 
12  1 
-3  -8 
11  0 
-1  14 
25  42 
-45  35 
34  40 
-1  44 
-6  32 
22  -23 
10  18 
-1  -2 
10  14 
5  11 
-32  -8 
-10  2 
22  29 
15  21 
18  -4 
7  21 
-23  36 
31  4 
-3  18 
0  -1 
24  36 
-18  14 
70  31 
9  14 
-15  14 
20  15 
15  -23 
17  -17 
-16  -3 
29  30 
24  13 
17  16 
28  9 
33  -2 
35  3 
8  43 
22  -3 
-4  -26 
17  5 
33  22 
19  -17 
-13  20 
-1  29 
35  -11 
-2  38 
17  38 
-5  10 
2  6 
24  -8 
15  -2 
0  8 
-2  17 
34  -8 
8  35 
-17  15 
12  -22 
18  35 
-3  30 
-28  15 
15  39 
0  12 
41  9 
-9  25 
17  31 
18  5 
11  -3 
10  1 
11  -1 
34  -7 
-11  44 
-3  9 
16  39 
15  5 
15  15 
-13  21 
7  11 
-27  -20 
-3  14 
4  -15 
24  24 
-9  0 
4  14 
5  -15 
8  -3 
11  32 
6  -31 
20  11 
11  27 
12  7 
28  46 
7  12 
-31  43 
6  13 
28  18 
3  6 
22  -8 
-18  9 
3  -2 
-25  21 
3  4 
32  9 
-6  -13 
9  9 
-19  21 
6  17 
-33  8 
-15  -29 
16  15 
-7  -13 
28  11 
13  51 
38  -32 
-13  9 
27  2 
-14  -8 
25  15 
20  -33 
-18  41 
8  19 
-7  29 
10  2 
-7  -10 
14  -1 
0  16 
29  42 
-45  36 
32  37 
-2  46 
-8  32 
21  -24 
8  16 
-1  -2 
11  13 
4  10 
-30  -11 
-8  1 
18  30 
17  19 
18  -8 
8  21 
-23  37 
29  6 
-2  19 
-1  -1 
23  39 
-23  15 
70  29 
11  13 
-17  15 
19  15 
14  -26 
17  -16 
-16  -4 
28  30 
23  13 
19  14 
29  10 
31  -1 
35  5 
9  43 
14  3 
-7  -26 
18  5 
29  22 
19  -18 
-10  21 
-3  30 
36  -10 
-3  39 
21  36 
-7  10 
3  4 
26  -10 
15  3 
2  6 
2  14 
36  -9 
12  38 
-15  17 
7  -19 
15  39 
-2  27 
-28  15 
13  40 
0  11 
43  7 
-10  22 
20  27 
18  3 
6  -1 
9  8 
13  -2 
34  -8 
-13  48 
-9  7 
11  38 
15  1 
12  17 
-16  17 
11  12 
-27  -21 
-1  5 
3  -15 
24  23 
-10  -2 
2  12 
5  -15 
9  -2 
8  35 
5  -29 
20  12 
11  25 
10  7 
29  45 
10  14 
-35  42 
6  13 
16  17 
4  4 
17  -5 
-17  10 
3  -6 
-29  22 
9  6 
35  9 
-7  -13 
8  11 
-19  23 
9  15 
-32  9 
-15  -30 
16  14 
-7  -14 
27  11 
14  53 
37  -33 
-11  9 
21  5 
-13  -7 
24  18 
24  -34 
-21  39 
8  14 
-3  29 
7  -3 
-6  -11 
14  2 
2  17 
28  43 
-43  36 
34  40 
-1  44 
-5  30 
20  -27 
9  19 
-5  0 
12  12 
4  15 
-30  -9 
-9  0 
20  35 
15  18 
19  -11 
7  22 
-25  37 
29  4 
-1  18 
-1  3 
26  37 
-22  12 
68  32 
10  9 
-16  15 
15  5 
11  -33 
15  -17 
-16  -4 
24  23 
20  15 
22  12 
25  11 
32  3 
36  8 
9  46 
10  1 
-7  -26 
18  2 
25  22 
20  -19 
-11  21 
-3  30 
40  -10 
-3  36 
22  38 
-6  13 
6  5 
29  -12 
14  2 
2  6 
0  16 
40  -8 
16  31 
-13  17 
8  -23 
17  39 
-3  28 
-25  19 
15  38 
2  9 
45  5 
-7  22 
19  29 
16  5 
7  -4 
4  5 
11  -1 
38  -5 
-13  48 
-6  7 
13  38 
13  0 
12  18 
-18  17 
11  12 
-29  -23 
0  4 
6  -14 
29  25 
-12  0 
2  11 
4  -16 
11  -2 
11  33 
3  -30 
20  17 
13  27 
8  6 
30  42 
12  16 
-33  41 
6  12 
12  17 
-2  3 
21  -5 
-19  11 
5  -5 
-31  22 
7  6 
33  9 
-2  -10 
7  11 
-17  24 
9  14 
-32  9 
-16  -27 
19  15 
-8  -13 
25  7 
16  54 
36  -36 
-12  2 
21  3 
-16  -10 
32  15 
25  -36 
-21  38 
8  15 
-2  28 
10  -6 
-6  -10 
15  0 
1  16 
32  42 
-42  39 
35  37 
-3  43 
-5  27 
24  -26 
9  18 
-4  -1 
12  12 
6  14 
-25  -10 
-9  0 
19  34 
15  15 
20  -9 
5  23 
-23  37 
33  3 
3  22 
-1  2 
25  36 
-22  12 
66  33 
13  7 
-16  16 
15  3 
10  -30 
16  -15 
-20  -6 
24  23 
24  14 
21  11 
23  10 
33  2 
37  7 
9  42 
8  3 
-6  -27 
21  4 
20  17 
21  -24 
-11  23 
-3  30 
41  -8 
-4  37 
22  38 
-6  12 
7  5 
31  -13 
12  1 
4  9 
-2  15 
41  -5 
18  30 
-10  18 
13  -20 
20  41 
-3  32 
-23  19 
16  35 
2  9 
44  4 
-9  23 
19  30 
19  2 
6  -2 
3  4 
15  -1 
37  -7 
-12  47 
-2  8 
17  36 
11  -3 
13  18 
-15  16 
6  10 
-30  -26 
1  1 
5  -12 
31  25 
-18  0 
3  15 
5  -17 
11  0 
8  29 
4  -30 
19  20 
14  27 
8  10 
27  41 
7  17 
-28  39 
6  12 
13  19 
1  3 
21  -11 
-20  10 
9  -5 
-38  21 
7  6 
33  9 
-3  -12 
9  8 
-18  26 
12  15 
-31  6 
-15  -29 
17  15 
-12  -14 
23  6 
22  52 
35  -35 
-14  2 
22  4 
-13  -9 
35  15 
24  -35 
-22  37 
10  13 
-3  31 
9  -6 
-6  -10 
12  2 
-1  18 
29  41 
-42  43 
35  38 
-1  43 
-5  30 
25  -26 
8  17 
-3  1 
11  10 
8  11 
-29  -8 
-9  -5 
19  34 
16  14 
20  -9 
5  22 
-27  34 
39  9 
4  18 
2  -1 
26  37 
-22  12 
68  29 
13  9 
-16  14 
15  4 
12  -33 
15  -17 
-22  -7 
26  22 
24  11 
21  11 
22  7 
33  7 
40  7 
9  44 
11  2 
-1  -25 
22  0 
20  14 
16  -23 
-11  21 
-4  34 
41  -5 
-7  40 
26  34 
-6  12 
6  5 
30  -18 
8  3 
4  10 
1  16 
42  -9 
17  28 
-15  15 
17  -17 
22  43 
-6  33 
-28  18 
13  38 
0  8 
47  6 
-11  22 
20  30 
15  -1 
14  -4 
7  5 
15  -2 
42  -8 
-11  48 
-2  8 
20  35 
13  -6 
8  19 
-18  17 
4  12 
-31  -26 
-1  2 
4  -16 
33  22 
-22  3 
2  18 
7  -11 
9  -2 
8  30 
3  -30 
21  23 
11  27 
6  10 
27  41 
11  17 
-31  35 
4  15 
11  20 
-4  5 
22  -11 
-20  11 
8  -5 
-37  24 
10  1 
30  9 
-1  -17 
10  11 
-18  26 
12  15 
-31  5 
-15  -29 
15  9 
-10  -10 
23  6 
20  53 
33  -37 
-9  -2 
18  5 
-14  -7 
38  19 
19  -39 
-21  39 
9  6 
-3  34 
8  -6 
-6  -11 
14  4 
-1  18 
29  43 
-47  48 
32  41 
-3  44 
-5  30 
24  -27 
7  20 
-3  1 
10  7 
8  12 
-28  -8 
-11  -1 
19  34 
17  17 
21  -6 
7  22 
-25  35 
37  10 
0  21 
4  -2 
31  39 
-22  12 
68  31 
12  12 
-16  14 
17  11 
13  -33 
12  -19 
-28  -11 
25  25 
29  7 
22  9 
24  4 
32  7 
41  9 
12  46 
13  -1 
-3  -27 
21  5 
24  17 
16  -23 
-11  22 
-6  34 
40  0 
-6  40 
28  37 
-5  11 
7  9 
29  -15 
8  3 
5  8 
1  16 
40  -10 
15  29 
-19  10 
13  -18 
22  46 
-3  34 
-26  16 
14  42 
0  8 
47  5 
-13  22 
17  30 
11  -2 
16  0 
5  7 
14  -1 
40  -9 
-11  46 
-3  5 
22  38 
13  -6 
6  17 
-14  18 
5  11 
-30  -26 
0  4 
3  -16 
29  21 
-22  3 
-3  18 
8  -11 
13  -2 
6  34 
4  -30 
18  25 
8  27 
7  11 
25  42 
15  19 
-32  35 
7  14 
11  15 
-5  5 
21  -13 
-17  10 
10  -2 
-40  21 
6  1 
31  7 
-3  -16 
10  9 
-16  25 
10  22 
-31  3 
-14  -30 
14  7 
-11  -7 
28  6 
19  57 
34  -36 
-8  -5 
20  7 
-17  -5 
39  18 
19  -41 
-18  39 
8  4 
-6  33 
6  -8 
-5  -10 
15  3 
-5  20 
26  42 
-47  46 
32  42 
-4  45 
-3  32 
26  -27 
12  18 
-3  1 
10  11 
9  14 
-27  -10 
-9  0 
17  36 
20  17 
20  -6 
9  18 
-25  35 
39  9 
4  15 
4  -4 
31  39 
-22  12 
69  34 
9  10 
-19  13 
20  10 
14  -33 
15  -21 
-33  -12 
28  30 
31  3 
21  9 
26  5 
32  7 
40  11 
12  41 
13  -1 
-3  -22 
19  3 
26  13 
11  -21 
-11  21 
-6  32 
42  1 
-4  44 
25  37 
-3  16 
8  11 
28  -17 
8  2 
6  6 
0  16 
41  -4 
13  30 
-16  16 
15  -17 
22  49 
-9  36 
-27  20 
12  43 
-1  9 
51  7 
-16  24 
18  28 
8  -2 
18  -3 
5  7 
11  0 
40  -7 
-13  41 
-7  3 
26  37 
18  -5 
12  19 
-10  18 
4  10 
-26  -26 
1  4 
2  -18 
29  23 
-18  6 
-4  14 
9  -14 
13  -2 
8  32 
2  -28 
17  26 
4  25 
11  15 
23  43 
19  18 
-36  37 
0  17 
9  17 
-3  3 
23  -14 
-17  10 
11  -2 
-39  25 
6  -2 
32  9 
-3  -16 
8  9 
-15  25 
9  24 
-30  1 
-13  -33 
15  12 
-15  -10 
30  5 
18  54 
35  -34 
-3  -3 
20  8 
-14  -6 
40  19 
19  -41 
-18  37 
7  6 
-6  33 
4  -8 
-8  -9 
12  2 
-3  19 
27  42 
-47  47 
29  42 
-6  44 
-3  30 
24  -25 
10  19 
-3  1 
12  12 
8  17 
-27  -11 
-7  -6 
20  35 
24  18 
19  -5 
12  15 
-25  38 
39  10 
2  14 
-2  3 
28  40 
-23  12 
69  39 
10  7 
-16  13 
22  12 
12  -33 
15  -21 
-29  -10 
25  31 
30  5 
20  10 
24  5 
34  7 
35  9 
9  46 
13  -2 
-2  -21 
21  4 
26  14 
13  -21 
-11  23 
-4  33 
40  -1 
-5  45 
23  35 
1  16 
4  10 
29  -18 
6  1 
2  11 
1  12 
38  -2 
13  30 
-16  17 
13  -13 
21  49 
-5  38 
-26  22 
12  41 
0  8 
46  8 
-17  22 
15  24 
9  -6 
15  -5 
6  10 
12  -2 
42  -6 
-13  41 
-7  4 
31  39 
17  -7 
11  17 
-9  20 
1  11 
-26  -27 
-1  3 
2  -17 
28  23 
-18  6 
-4  14 
8  -14 
10  -1 
8  34 
1  -26 
18  28 
4  24 
11  18 
23  44 
17  19 
-32  38 
-2  17 
5  16 
-2  2 
24  -14 
-19  10 
8  -1 
-42  23 
6  5 
30  11 
-7  -18 
10  9 
-17  26 
6  26 
-30  1 
-12  -33 
18  12 
-16  -6 
29  9 
14  50 
38  -35 
-1  -1 
28  9 
-13  -12 
42  17 
17  -44 
-19  41 
7  6 
-8  35 
4  -2 
-3  -9 
13  0 
-5  20 
27  45 
-48  48 
32  42 
-10  42 
-6  32 
20  -25 
9  18 
-3  1 
13  14 
16  17 
-27  -11 
-6  -5 
19  35 
24  16 
23  -3 
10  14 
-28  39 
37  10 
-3  12 
2  4 
27  42 
-21  9 
69  34 
10  7 
-16  10 
22  11 
9  -32 
15  -21 
-32  -9 
25  31 
34  2 
20  10 
25  8 
33  6 
38  8 
9  45 
14  -7 
4  -25 
18  3 
30  9 
11  -24 
-8  22 
-7  28 
39  -1 
0  47 
23  35 
0  15 
3  10 
29  -17 
-1  0 
1  9 
1  11 
35  0 
12  32 
-12  18 
12  -13 
22  49 
-12  40 
-26  27 
11  37 
0  8 
47  9 
-12  22 
17  23 
8  -6 
15  -5 
8  9 
9  -3 
46  -8 
-11  38 
-6  4 
32  35 
18  -8 
12  14 
-8  21 
1  13 
-21  -25 
-1  3 
3  -16 
30  21 
-17  6 
-5  16 
8  -10 
9  -1 
8  35 
6  -27 
17  26 
4  26 
10  18 
23  45 
13  17 
-33  37 
2  18 
6  17 
-2  5 
28  -14 
-18  12 
13  0 
-40  24 
4  5 
33  7 
-9  -15 
13  9 
-18  26 
5  22 
-31  1 
-14  -31 
25  17 
-16  -6 
25  7 
13  51 
37  -31 
-1  -2 
27  13 
-9  -10 
44  13 
17  -43 
-18  44 
9  6 
-7  34 
1  1 
-3  -13 
11  -1 
-5  18 
28  45 
-43  50 
28  43 
-7  42 
-5  29 
20  -24 
7  21 
-3  1 
14  12 
17  18 
-25  -10 
-9  -2 
19  34 
28  17 
26  1 
10  14 
-28  38 
32  11 
-3  16 
1  5 
27  42 
-21  9 
64  36 
11  7 
-13  8 
20  11 
8  -29 
12  -19 
-33  -9 
22  34 
39  7 
20  10 
28  7 
33  6 
37  8 
9  43 
18  -8 
4  -23 
19  0 
28  10 
8  -22 
-3  24 
-11  26 
40  -8 
0  47 
24  35 
4  18 
4  11 
35  -14 
-1  4 
1  11 
-1  10 
33  0 
12  36 
-9  18 
12  -13 
22  47 
-11  38 
-26  29 
12  38 
0  8 
49  5 
-9  21 
15  23 
10  -10 
19  -1 
8  12 
9  -6 
41  -4 
-13  40 
-4  5 
32  39 
14  -7 
13  14 
-4  19 
-1  9 
-20  -25 
-2  3 
4  -14 
32  22 
-19  7 
-5  19 
7  -14 
9  2 
8  35 
6  -27 
17  29 
1  25 
7  21 
25  42 
13  18 
-38  40 
2  17 
9  19 
-2  5 
23  -10 
-18  12 
13  -1 
-40  19 
4  1 
31  4 
-9  -15 
13  10 
-18  26 
3  19 
-30  11 
-14  -33 
23  15 
-16  -6 
23  4 
17  57 
38  -32 
-1  -2 
27  13 
-7  -13 
45  11 
16  -43 
-14  42 
5  5 
-6  32 
2  -2 
-1  -19 
10  -1 
-9  16 
28  42 
-43  50 
27  42 
-6  44 
-4  31 
18  -23 
10  22 
-3  1 
15  12 
17  18 
-25  -11 
-10  -2 
19  35 
29  21 
26  -3 
10  14 
-26  39 
35  10 
-6  14 
1  2 
30  41 
-22  9 
62  32 
13  6 
-11  2 
22  9 
8  -28 
15  -17 
-32  -10 
25  31 
39  3 
21  12 
28  6 
30  7 
39  5 
9  43 
16  -3 
4  -22 
23  4 
27  11 
6  -27 
-5  25 
-16  24 
42  -6 
2  53 
27  36 
5  18 
4  13 
37  -12 
-1  -1 
4  14 
-4  10 
31  -2 
12  34 
-10  18 
12  -13 
23  46 
-17  39 
-26  30 
11  40 
0  8 
49  6 
-8  22 
15  24 
11  -7 
17  -9 
9  19 
10  -6 
41  -4 
-12  38 
-7  0 
32  39 
17  -10 
13  18 
-10  17 
2  11 
-21  -25 
-2  5 
7  -15 
33  22 
-20  7 
-7  19 
12  -12 
11  4 
9  37 
7  -23 
13  31 
-3  26 
6  20 
26  45 
8  20 
-38  43 
6  17 
7  20 
1  7 
24  -10 
-20  11 
15  -2 
-41  18 
2  -2 
36  5 
-13  -14 
16  7 
-18  26 
6  18 
-30  9 
-13  -30 
24  15 
-14  -8 
24  5 
21  53 
34  -27 
-2  -1 
30  12 
-1  -11 
49  7 
17  -44 
-12  43 
8  9 
-7  35 
2  -3 
5  -24 
5  -5 
-8  17 
30  42 
-42  52 
28  42 
-9  42 
-1  34 
15  -20 
11  19 
-5  -1 
16  14 
17  17 
-27  -11 
-11  -2 
21  31 
31  25 
27  1 
11  12 
-25  41 
32  11 
-3  14 
-3  4 
29  41 
-20  10 
64  35 
13  6 
-8  1 
24  6 
12  -24 
17  -17 
-34  -8 
25  31 
39  5 
21  7 
29  5 
29  3 
41  3 
11  47 
17  -4 
0  -19 
22  6 
27  6 
2  -26 
-3  24 
-12  29 
39  -10 
0  50 
23  30 
1  21 
2  18 
35  -14 
0  -1 
2  17 
-7  14 
34  0 
13  40 
-7  19 
12  -8 
21  45 
-25  38 
-27  29 
10  42 
0  8 
46  7 
-6  23 
16  24 
10  -9 
15  -8 
13  18 
6  -3 
40  -3 
-17  44 
-9  0 
34  42 
15  -10 
14  13 
-7  15 
1  9 
-20  -29 
-2  2 
1  -16 
32  23 
-20  7 
-5  15 
10  -11 
9  1 
4  36 
9  -22 
17  31 
-8  28 
7  21 
24  44 
8  19 
-37  41 
7  17 
5  15 
0  4 
21  -9 
-22  10 
11  -2 
-41  21 
5  -1 
34  7 
-12  -9 
15  5 
-22  28 
7  20 
-36  10 
-11  -34 
24  13 
-14  -7 
30  5 
22  51 
28  -28 
-3  -3 
27  11 
-1  -11 
47  10 
19  -42 
-16  45 
7  9 
-9  37 
2  1 
9  -25 
3  -5 
-10  18 
33  42 
-42  52 
29  42 
-10  41 
1  36 
12  -18 
11  19 
-5  -3 
16  14 
16  17 
-26  -10 
-8  -2 
20  34 
34  24 
25  1 
10  15 
-23  38 
34  12 
1  14 
-1  2 
27  42 
-23  10 
66  33 
14  7 
-8  3 
26  9 
5  -24 
19  -19 
-32  -5 
27  30 
41  2 
20  7 
30  2 
25  8 
43  4 
13  46 
14  -5 
-2  -18 
23  8 
28  3 
4  -27 
-3  24 
-7  27 
40  -9 
0  54 
23  30 
4  18 
3  22 
37  -9 
-5  -4 
4  15 
-8  18 
40  -1 
15  39 
-12  19 
6  -10 
18  43 
-27  39 
-30  31 
11  40 
4  4 
47  14 
-3  18 
17  28 
11  -13 
16  -6 
12  19 
9  -6 
40  -7 
-17  43 
-9  2 
35  43 
15  -11 
10  9 
-7  14 
4  9 
-18  -25 
-5  5 
5  -18 
32  22 
-18  6 
-1  14 
9  -16 
8  1 
3  37 
11  -22 
17  32 
-5  30 
9  18 
24  43 
7  21 
-36  36 
8  14 
4  10 
0  1 
21  -8 
-23  16 
5  -5 
-41  20 
7  0 
34  9 
-11  -11 
18  4 
-22  25 
6  14 
-35  10 
-13  -34 
26  12 
-16  -9 
28  10 
21  51 
28  -29 
-6  1 
24  5 
-1  -11 
52  9 
19  -41 
-14  42 
13  10 
-8  35 
2  -3 
16  -23 
4  -6 
-8  14 
32  41 
-41  55 
27  43 
-11  42 
0  36 
13  -18 
14  12 
-5  -2 
11  19 
15  20 
-28  -8 
-7  0 
17  33 
34  24 
20  4 
10  14 
-23  41 
38  12 
0  15 
2  -2 
27  42 
-22  9 
67  26 
20  7 
-10  8 
25  11 
6  -23 
19  -17 
-34  -7 
28  29 
38  3 
23  7 
32  3 
29  4 
46  5 
8  51 
12  -5 
2  -19 
24  1 
27  2 
4  -27 
-4  24 
-7  30 
41  -11 
-1  54 
23  30 
4  18 
0  24 
38  -12 
-5  -5 
12  18 
-7  20 
37  -4 
20  39 
-9  22 
6  -11 
17  46 
-25  38 
-30  29 
11  38 
3  4 
48  13 
-3  18 
11  27 
13  -11 
22  -8 
11  15 
8  2 
41  -8 
-21  38 
-7  2 
34  44 
15  -14 
9  10 
-7  18 
7  5 
-19  -24 
-5  5 
5  -18 
31  21 
-17  6 
3  14 
8  -14 
9  6 
6  40 
8  -20 
16  35 
-6  30 
11  19 
32  42 
7  21 
-36  35 
8  10 
4  10 
4  0 
22  -11 
-22  19 
5  -7 
-41  15 
10  -2 
32  9 
-11  -12 
17  3 
-20  30 
4  14 
-33  7 
-11  -38 
28  12 
-20  -7 
27  10 
21  51 
23  -23 
-6  2 
25  8 
2  -14 
53  6 
15  -41 
-13  40 
14  13 
-15  35 
4  -4 
17  -23 
4  -9 
-9  16 
32  41 
-44  57 
26  47 
-10  42 
2  38 
9  -15 
13  14 
-5  -3 
11  17 
14  14 
-28  -8 
-4  0 
17  30 
37  24 
21  5 
10  14 
-23  41 
38  13 
-2  17 
3  2 
28  43 
-22  10 
65  27 
20  7 
-14  9 
25  10 
9  -21 
16  -13 
-32  -9 
31  30 
41  4 
23  6 
29  5 
26  5 
47  5 
8  49 
14  -2 
-1  -16 
23  1 
29  6 
0  -25 
-2  25 
-7  29 
37  -10 
1  53 
24  26 
2  17 
4  24 
39  -11 
-3  -4 
13  19 
-7  20 
33  -6 
17  38 
-8  18 
7  -13 
17  44 
-27  42 
-31  28 
7  37 
11  4 
46  13 
-2  19 
11  27 
14  -12 
19  -6 
17  14 
10  2 
40  -9 
-21  38 
-5  5 
40  50 
12  -13 
10  14 
-7  18 
6  -1 
-22  -23 
-5  3 
5  -17 
30  21 
-18  6 
0  16 
7  -14 
8  6 
7  38 
7  -18 
15  37 
-6  34 
8  17 
34  43 
9  17 
-36  38 
8  7 
3  10 
6  -6 
27  -11 
-22  23 
4  -6 
-38  14 
10  -4 
37  9 
-11  -10 
19  1 
-19  29 
3  15 
-29  13 
-11  -37 
29  14 
-18  -8 
26  12 
22  51 
32  -25 
-4  5 
26  10 
4  -15 
49  7 
16  -38 
-13  41 
10  9 
-12  35 
4  -5 
21  -26 
4  -7 
-10  15 
32  41 
-42  52 
23  44 
-10  45 
1  36 
6  -16 
14  13 
-6  -1 
7  11 
16  17 
-28  -8 
-2  -5 
18  28 
36  24 
23  8 
8  23 
-23  41 
38  10 
-1  15 
3  -1 
30  43 
-25  10 
65  25 
20  8 
-14  9 
23  15 
12  -19 
17  -11 
-32  -10 
32  27 
40  7 
22  7 
29  3 
24  5 
47  7 
6  50 
13  0 
-1  -15 
25  2 
27  5 
-2  -24 
-2  25 
-5  30 
37  -9 
4  54 
21  27 
1  21 
4  24 
39  -11 
-8  -4 
11  20 
-4  20 
32  -8 
16  37 
-1  17 
9  -10 
17  37 
-28  43 
-29  27 
7  40 
14  0 
45  14 
-3  19 
15  27 
16  -13 
21  -9 
17  16 
9  1 
44  -11 
-20  39 
-3  4 
41  52 
13  -13 
10  14 
-5  15 
5  3 
-22  -28 
-5  3 
8  -15 
24  18 
-15  8 
-1  18 
7  -11 
7  6 
13  38 
11  -22 
21  36 
-3  32 
7  17 
35  44 
9  18 
-38  44 
7  10 
5  11 
5  -3 
33  -9 
-14  17 
4  -4 
-37  10 
17  -2 
33  9 
-10  -9 
20  1 
-18  29 
1  17 
-37  13 
-13  -39 
32  18 
-18  -8 
26  12 
15  46 
32  -18 
-9  5 
25  10 
4  -17 
50  10 
13  -38 
-12  42 
8  9 
-10  38 
4  1 
20  -25 
0  -3 
-9  19 
30  41 
-45  49 
23  44 
-12  46 
-1  34 
2  -17 
17  10 
-5  1 
6  13 
15  19 
-32  -5 
-9  -4 
18  30 
41  25 
22  6 
7  22 
-23  41 
40  10 
-6  13 
3  -1 
29  42 
-30  9 
69  26 
22  9 
-15  15 
23  15 
20  -23 
22  -9 
-32  -5 
34  30 
40  8 
27  5 
30  7 
28  6 
47  9 
6  53 
13  0 
-2  -17 
25  2 
28  5 
-7  -17 
-1  24 
-4  27 
31  -13 
4  54 
20  27 
-3  23 
3  24 
43  -14 
-6  -6 
9  19 
-5  23 
31  -8 
15  35 
1  16 
8  -11 
18  32 
-29  45 
-30  30 
4  43 
12  6 
48  19 
-5  21 
14  27 
20  -10 
22  -8 
15  19 
9  8 
43  -10 
-21  38 
-5  5 
36  51 
13  -13 
10  14 
-4  14 
8  3 
-23  -30 
-8  3 
10  -17 
29  18 
-14  10 
-3  13 
9  -13 
5  7 
11  38 
13  -26 
21  35 
-1  29 
9  23 
30  49 
12  18 
-42  45 
7  12 
8  7 
4  -7 
32  -12 
-8  19 
1  -7 
-36  10 
18  -3 
34  13 
-11  -6 
22  3 
-19  29 
3  17 
-40  13 
-13  -39 
31  19 
-22  -5 
26  14 
18  48 
32  -18 
-10  1 
24  11 
1  -15 
54  12 
12  -39 
-10  42 
8  10 
-8  37 
4  5 
19  -25 
-4  -3 
-12  20 
29  41 
-45  49 
19  43 
-11  45 
-1  34 
0  -19 
17  12 
-6  4 
4  17 
13  22 
-33  -9 
-7  -2 
20  31 
37  24 
23  7 
8  22 
-21  40 
41  10 
-5  10 
2  -3 
27  42 
-27  10 
69  21 
23  7 
-16  17 
25  16 
18  -28 
23  -10 
-34  -8 
32  32 
37  7 
23  4 
32  7 
28  6 
46  9 
6  54 
17  -3 
4  -19 
24  5 
26  10 
-7  -18 
3  22 
-6  24 
34  -9 
5  54 
21  27 
0  24 
3  26 
42  -14 
-8  -5 
12  18 
-10  22 
31  -11 
17  33 
-3  15 
8  -11 
17  34 
-27  50 
-35  30 
0  47 
14  7 
46  18 
-1  15 
15  23 
19  -11 
21  -8 
15  18 
12  9 
44  -10 
-22  39 
-3  4 
35  47 
13  -14 
10  14 
-5  15 
8  2 
-23  -31 
-8  3 
11  -15 
31  20 
-10  7 
1  16 
13  -11 
8  7 
12  36 
15  -21 
19  34 
-3  26 
8  20 
30  49 
6  17 
-41  45 
8  10 
7  6 
4  -8 
35  -11 
-7  19 
2  -9 
-33  7 
17  -1 
34  13 
-11  -6 
24  4 
-19  34 
8  13 
-40  17 
-14  -40 
31  18 
-23  -4 
22  17 
18  48 
32  -19 
-11  2 
24  13 
-1  -17 
54  12 
13  -37 
-11  44 
8  11 
-11  38 
4  3 
15  -26 
0  -1 
-12  18 
28  43 
-46  49 
16  43 
-11  45 
2  32 
-7  -22 
17  10 
-6  2 
2  18 
15  25 
-32  -5 
-10  -2 
21  31 
38  23 
29  6 
14  20 
-24  37 
44  14 
-3  11 
4  -2 
25  42 
-25  10 
70  22 
20  7 
-18  14 
24  16 
18  -28 
23  -10 
-36  -5 
32  30 
38  6 
24  3 
33  7 
22  6 
48  11 
8  52 
16  -1 
0  -19 
21  1 
27  5 
-5  -19 
3  24 
-6  24 
33  -11 
6  56 
16  27 
-1  22 
5  25 
45  -12 
-7  -6 
12  15 
-13  21 
31  -7 
17  35 
0  17 
10  -11 
19  34 
-25  50 
-34  32 
0  48 
9  9 
49  19 
4  17 
15  19 
19  -11 
24  -10 
19  18 
11  12 
42  -11 
-18  37 
0  4 
37  48 
12  -13 
8  14 
-3  9 
7  -3 
-23  -29 
-8  3 
6  -18 
29  18 
-7  6 
1  14 
14  -11 
8  7 
12  41 
15  -22 
19  35 
-3  23 
3  22 
32  52 
5  22 
-42  45 
11  7 
3  3 
7  -9 
33  -10 
-8  22 
7  -12 
-33  9 
19  -1 
33  15 
-13  -7 
25  6 
-20  35 
6  13 
-38  11 
-12  -37 
28  20 
-26  -7 
25  16 
18  49 
33  -18 
-11  3 
27  6 
-4  -23 
54  12 
15  -37 
-10  41 
8  10 
-9  38 
-1  0 
16  -26 
2  -1 
-13  22 
29  44 
-43  50 
17  44 
-11  46 
0  31 
-10  -22 
22  12 
-2  3 
2  21 
15  25 
-36  -7 
-8  -2 
20  30 
39  23 
31  3 
11  20 
-28  36 
44  14 
-3  17 
5  -3 
28  46 
-26  10 
67  25 
20  8 
-16  15 
26  12 
17  -30 
24  -10 
-42  -4 
35  29 
39  9 
24  4 
30  10 
23  6 
48  12 
8  51 
13  -2 
0  -19 
19  5 
24  3 
-7  -20 
3  24 
-5  27 
29  -16 
2  57 
15  25 
0  27 
1  27 
46  -15 
-9  -3 
13  14 
-11  19 
25  -6 
17  37 
-2  18 
13  -12 
17  33 
-24  54 
-34  30 
1  51 
10  9 
46  22 
9  17 
10  18 
20  -7 
25  -9 
19  21 
9  9 
41  -11 
-19  38 
1  5 
40  50 
9  -10 
10  14 
-5  10 
8  -5 
-23  -24 
-8  2 
10  -18 
28  20 
-4  8 
3  15 
14  -10 
7  11 
11  38 
15  -21 
20  35 
-1  23 
7  18 
32  52 
5  21 
-42  45 
13  9 
4  -2 
9  -6 
29  -12 
-6  22 
8  -11 
-33  9 
16  -3 
35  15 
-16  -3 
24  5 
-19  36 
7  14 
-41  14 
-12  -37 
18  22 
-24  -2 
22  19 
22  52 
34  -16 
-12  2 
28  10 
-2  -23 
53  15 
17  -36 
-11  43 
7  12 
-7  37 
-1  -1 
17  -28 
-1  2 
-13  21 
29  41 
-43  47 
18  46 
-12  46 
3  30 
-11  -25 
18  12 
-2  3 
5  23 
15  24 
-40  -9 
-13  -1 
21  33 
37  21 
33  2 
12  15 
-32  34 
43  18 
-3  18 
2  -2 
29  46 
-27  10 
67  26 
20  8 
-16  15 
24  14 
18  -28 
24  -14 
-42  -1 
35  29 
39  10 
31  6 
31  7 
21  5 
46  13 
6  56 
15  1 
0  -17 
19  3 
24  3 
-12  -18 
2  21 
-7  26 
30  -18 
1  55 
18  28 
0  27 
2  26 
48  -14 
-9  -2 
13  14 
-14  18 
28  -5 
16  35 
-1  19 
9  -19 
15  35 
-17  54 
-34  32 
1  49 
5  5 
43  23 
11  20 
12  23 
22  -8 
24  -8 
18  23 
10  9 
42  -11 
-23  33 
0  -1 
40  51 
13  -11 
8  10 
-5  11 
10  -6 
-31  -26 
-11  -1 
12  -19 
26  17 
-3  12 
4  18 
15  -10 
9  9 
12  35 
14  -20 
18  35 
-2  22 
4  17 
32  52 
4  24 
-41  45 
14  12 
2  -3 
8  -3 
27  -9 
-7  22 
8  -11 
-33  7 
15  -1 
34  18 
-12  -2 
21  4 
-20  35 
4  13 
-44  14 
-13  -38 
14  22 
-25  -2 
22  19 
21  53 
37  -10 
-8  2 
23  6 
-4  -23 
52  18 
17  -36 
-8  47 
8  12 
-7  38 
-1  2 
16  -32 
3  1 
-12  23 
27  41 
-43  48 
18  49 
-15  51 
3  30 
-10  -22 
19  20 
-3  3 
5  22 
16  25 
-39  -6 
-14  2 
23  35 
37  21 
35  5 
11  16 
-31  26 
42  20 
-9  19 
2  -2 
28  47 
-26  13 
65  18 
20  8 
-12  15 
26  13 
21  -29 
24  -17 
-44  -3 
32  32 
44  10 
31  7 
32  8 
18  3 
49  10 
4  54 
12  3 
0  -13 
19  -1 
26  4 
-11  -16 
2  24 
-5  25 
29  -19 
3  57 
18  28 
-4  23 
1  30 
43  -14 
-8  -2 
13  14 
-13  20 
29  -6 
15  38 
2  23 
8  -22 
21  32 
-18  54 
-33  31 
-1  53 
4  4 
41  27 
11  18 
9  22 
24  -7 
22  -8 
17  23 
13  10 
42  -11 
-23  29 
-1  -2 
40  50 
12  -11 
8  11 
-9  10 
10  -5 
-30  -26 
-11  -1 
15  -17 
24  16 
-6  7 
4  15 
13  -11 
10  9 
16  40 
13  -20 
19  35 
-2  22 
2  20 
27  54 
5  22 
-43  46 
15  10 
4  -2 
9  -2 
27  -12 
-3  24 
8  -13 
-37  4 
16  -6 
35  19 
-5  -5 
16  5 
-21  34 
6  12 
-43  17 
-13  -38 
14  24 
-24  -1 
24  21 
18  52 
35  -11 
-7  2 
22  6 
-3  -25 
52  15 
19  -38 
-8  47 
8  14 
-10  38 
3  0 
19  -31 
2  -2 
-21  21 
30  42 
-42  45 
17  50 
-16  52 
6  30 
-9  -24 
19  25 
-3  -2 
9  23 
17  27 
-32  -3 
-13  1 
26  37 
37  21 
35  4 
13  18 
-34  28 
42  19 
-8  22 
3  -5 
27  46 
-26  14 
65  14 
16  11 
-12  13 
26  13 
20  -30 
24  -15 
-44  -3 
31  27 
43  11 
32  7 
33  8 
19  2 
50  10 
-3  57 
13  3 
-1  -16 
15  -1 
23  4 
-11  -14 
-1  19 
-2  30 
29  -18 
4  55 
15  30 
-1  20 
-1  35 
45  -13 
-11  -2 
13  18 
-8  23 
32  -4 
15  35 
5  22 
8  -20 
19  34 
-20  55 
-32  32 
-6  51 
7  2 
42  26 
7  17 
9  23 
28  -10 
21  -9 
19  25 
13  10 
41  -10 
-21  23 
-1  -3 
43  50 
11  -7 
8  11 
-11  14 
8  -5 
-32  -21 
-11  -4 
13  -20 
27  21 
-7  7 
6  17 
14  -11 
7  8 
15  38 
9  -21 
18  39 
4  21 
1  25 
24  53 
6  26 
-40  47 
16  14 
4  -2 
9  1 
29  -10 
-5  25 
10  -11 
-39  9 
17  -4 
36  20 
0  -7 
15  3 
-20  31 
6  12 
-41  18 
-8  -38 
17  24 
-25  0 
22  18 
11  52 
35  -11 
-6  1 
23  6 
1  -24 
51  19 
21  -39 
-7  49 
9  9 
-9  40 
0  -1 
18  -28 
2  -3 
-14  22 
29  45 
-42  43 
17  48 
-16  49 
6  30 
-8  -22 
21  23 
-3  -2 
10  21 
14  24 
-31  -3 
-9  1 
25  37 
37  21 
35  4 
10  18 
-34  29 
43  21 
-9  23 
5  -9 
27  46 
-28  15 
66  13 
15  10 
-8  12 
27  14 
20  -30 
24  -19 
-48  -5 
32  27 
46  12 
32  10 
34  7 
19  1 
48  12 
-3  56 
13  2 
3  -20 
15  1 
31  8 
-11  -17 
0  21 
-1  29 
28  -11 
3  55 
15  29 
-2  23 
-4  40 
45  -14 
-12  -4 
9  17 
-9  25 
32  -2 
15  35 
2  19 
6  -18 
16  35 
-19  56 
-32  31 
-6  52 
6  -2 
40  27 
10  18 
8  23 
25  -5 
21  -5 
18  25 
14  9 
41  -9 
-21  22 
-1  -5 
46  50 
12  -9 
9  10 
-11  14 
8  -5 
-33  -23 
-10  -6 
19  -21 
26  20 
-9  7 
4  14 
13  -11 
6  5 
11  37 
11  -20 
15  39 
4  16 
1  21 
24  52 
3  24 
-40  48 
16  13 
5  -2 
9  2 
28  -10 
-5  23 
10  -11 
-39  9 
16  -9 
39  20 
1  -7 
17  4 
-23  35 
3  11 
-42  17 
-6  -36 
17  23 
-25  -2 
25  17 
11  52 
34  -6 
-7  -1 
25  3 
2  -22 
51  18 
22  -43 
-7  50 
11  4 
-12  37 
-3  -2 
18  -28 
4  -5 
-12  26 
28  42 
-39  45 
18  50 
-13  51 
11  33 
-11  -19 
24  20 
-4  -3 
10  21 
13  26 
-29  -1 
-10  2 
30  39 
37  21 
35  5 
13  20 
-32  27 
44  13 
-11  24 
4  -14 
27  47 
-27  14 
63  17 
15  9 
-7  9 
22  12 
20  -30 
24  -15 
-49  -2 
31  27 
46  13 
28  6 
30  10 
27  3 
46  12 
6  57 
10  2 
2  -21 
16  0 
32  12 
-11  -18 
-1  22 
-1  29 
27  -11 
-2  58 
8  31 
-2  22 
-7  43 
50  -13 
-11  -7 
7  17 
-9  22 
30  -2 
12  38 
1  24 
8  -21 
14  32 
-21  54 
-40  27 
-4  48 
6  -2 
38  28 
12  17 
9  23 
24  -6 
24  -4 
19  23 
12  7 
42  -11 
-17  24 
1  -10 
52  43 
16  -3 
7  7 
-10  14 
9  -6 
-28  -21 
-18  -6 
15  -22 
28  20 
-7  6 
5  15 
13  -13 
7  5 
11  39 
12  -19 
16  39 
3  18 
3  19 
24  50 
8  29 
-43  46 
22  17 
7  0 
7  2 
31  -15 
-3  24 
10  -11 
-35  11 
16  -9 
38  23 
1  -7 
14  2 
-20  35 
1  11 
-40  12 
-7  -38 
16  24 
-23  -3 
32  15 
9  48 
34  -7 
-12  -5 
27  1 
0  -24 
45  17 
21  -48 
-8  51 
7  6 
-11  38 
-1  -2 
18  -28 
4  -2 
-9  20 
25  42 
-38  44 
20  51 
-15  48 
8  32 
-10  -19 
23  21 
-3  -1 
13  20 
15  25 
-36  -7 
-11  1 
30  39 
37  21 
34  4 
15  19 
-31  26 
43  10 
-14  19 
4  -16 
25  50 
-28  16 
72  15 
13  9 
-8  8 
22  9 
20  -29 
23  -15 
-53  -4 
33  31 
46  12 
26  5 
30  11 
27  5 
49  6 
2  57 
9  3 
4  -19 
19  -1 
33  18 
-12  -19 
6  18 
-6  31 
25  -15 
-4  57 
6  30 
4  23 
-8  42 
45  -12 
-13  -9 
8  16 
-8  23 
29  -2 
13  37 
1  20 
6  -23 
14  33 
-23  56 
-42  32 
-2  48 
5  -2 
33  27 
13  15 
4  26 
24  -4 
26  -6 
18  25 
10  9 
41  -11 
-17  24 
-1  -11 
50  41 
19  -6 
9  10 
-10  14 
9  -6 
-24  -20 
-17  -5 
14  -26 
29  17 
-8  7 
6  13 
13  -10 
4  4 
13  39 
11  -22 
20  35 
5  15 
1  24 
27  49 
9  28 
-41  44 
22  18 
7  3 
8  0 
30  -18 
-4  24 
12  -8 
-36  14 
20  -10 
34  29 
-1  -5 
17  4 
-20  37 
1  12 
-40  13 
-13  -38 
14  24 
-25  -5 
33  14 
12  49 
34  -8 
-12  -5 
25  1 
0  -28 
39  18 
15  -41 
-5  54 
7  6 
-10  39 
-1  3 
17  -26 
8  -1 
-9  20 
19  42 
-35  42 
21  51 
-17  46 
7  28 
-8  -19 
21  25 
-8  -2 
14  20 
15  23 
-37  -10 
-12  3 
29  35 
37  21 
35  10 
15  18 
-31  24 
44  11 
-12  27 
4  -15 
25  47 
-24  14 
72  14 
12  7 
-1  9 
22  9 
20  -29 
23  -13 
-51  -2 
32  32 
46  13 
29  5 
28  9 
33  7 
50  1 
4  54 
16  2 
3  -25 
19  -2 
30  18 
-15  -18 
4  18 
-2  30 
25  -17 
-1  59 
4  30 
7  21 
-6  43 
47  -9 
-12  -9 
11  19 
-4  20 
31  -2 
12  41 
6  26 
8  -28 
15  35 
-23  59 
-45  29 
1  54 
9  -1 
34  29 
14  13 
8  26 
21  -4 
25  -3 
18  28 
8  13 
41  -7 
-19  25 
1  -11 
50  39 
16  -9 
9  6 
-12  15 
12  -4 
-27  -22 
-16  -5 
11  -23 
32  15 
-7  6 
5  16 
14  -8 
3  4 
13  39 
11  -20 
21  35 
10  14 
-1  25 
28  50 
9  27 
-39  42 
22  19 
5  10 
9  2 
33  -18 
-2  23 
10  -11 
-36  13 
20  -13 
33  30 
-3  -4 
17  4 
-21  34 
4  11 
-40  15 
-12  -43 
16  24 
-22  -3 
31  15 
12  49 
33  -6 
-16  -4 
22  1 
2  -28 
35  19 
13  -40 
-5  50 
11  7 
-7  41 
-1  3 
17  -23 
8  -2 
-10  22 
19  40 
-33  42 
19  55 
-17  46 
9  28 
-6  -16 
18  25 
-8  -1 
16  17 
15  23 
-37  -10 
-9  4 
32  38 
37  21 
32  11 
15  17 
-33  30 
45  11 
-11  21 
4  -16 
26  49 
-23  14 
69  18 
12  7 
-3  8 
21  7 
20  -29 
23  -14 
-54  -2 
32  32 
48  9 
29  4 
27  11 
32  6 
49  2 
6  52 
17  4 
9  -23 
15  0 
31  20 
-13  -10 
2  18 
-1  29 
24  -14 
-3  56 
4  32 
5  22 
-7  41 
44  -9 
-14  -10 
13  18 
-6  21 
30  -2 
12  42 
5  30 
10  -26 
17  34 
-21  63 
-41  30 
2  57 
9  -5 
32  31 
14  13 
3  24 
24  -6 
24  -2 
16  29 
11  12 
40  -3 
-16  20 
0  -10 
48  38 
7  -14 
6  9 
-12  13 
16  -3 
-27  -25 
-16  -5 
6  -26 
32  19 
-7  7 
6  17 
14  -8 
4  4 
15  38 
14  -18 
21  33 
9  14 
-2  25 
29  43 
6  26 
-34  42 
20  19 
4  17 
7  5 
29  -19 
-5  23 
8  -9 
-39  16 
20  -13 
32  29 
-3  -3 
17  13 
-19  31 
4  13 
-40  15 
-16  -44 
18  28 
-24  0 
34  20 
12  48 
34  -6 
-14  -7 
25  3 
5  -29 
35  19 
12  -39 
-5  49 
13  3 
-7  45 
1  4 
17  -21 
8  -1 
-9  22 
22  48 
-34  41 
17  49 
-17  47 
13  30 
-6  -16 
18  22 
-4  1 
15  16 
14  23 
-38  -8 
-10  11 
30  37 
37  21 
28  10 
15  15 
-33  22 
42  9 
-10  21 
8  -16 
24  45 
-24  15 
71  18 
12  7 
-2  7 
20  7 
23  -26 
25  -18 
-50  -6 
28  31 
48  10 
27  6 
29  14 
31  7 
48  1 
5  55 
17  4 
6  -26 
19  -1 
31  20 
-13  -11 
3  16 
-1  29 
28  -13 
-1  55 
4  30 
2  23 
-8  43 
44  -7 
-14  -10 
16  22 
-4  17 
29  -2 
13  42 
3  30 
11  -27 
14  26 
-22  62 
-46  33 
0  50 
10  -2 
32  31 
11  16 
-3  23 
24  -2 
22  -2 
15  30 
1  12 
41  -4 
-14  22 
-2  -10 
47  41 
7  -15 
8  6 
-17  15 
15  -1 
-33  -24 
-15  -3 
8  -25 
37  16 
-6  10 
5  16 
16  -9 
4  4 
10  37 
9  -16 
21  31 
10  19 
-9  25 
24  36 
5  31 
-35  45 
19  18 
2  17 
6  6 
32  -22 
-6  24 
8  -6 
-39  13 
20  -12 
33  31 
-8  -7 
13  9 
-16  31 
4  14 
-42  12 
-19  -46 
17  31 
-27  0 
31  19 
10  49 
42  -8 
-14  -5 
19  0 
8  -31 
37  15 
12  -38 
-5  49 
10  1 
-13  42 
-2  3 
16  -20 
12  -6 
-11  23 
25  47 
-32  38 
12  52 
-17  47 
13  30 
-5  -17 
19  23 
-7  7 
15  18 
8  23 
-40  -9 
-11  10 
26  37 
37  21 
26  13 
17  14 
-36  17 
41  10 
-10  22 
9  -14 
23  46 
-25  15 
75  21 
10  8 
-1  9 
20  8 
17  -23 
25  -13 
-51  -6 
26  35 
47  9 
25  8 
30  14 
33  6 
49  1 
5  57 
18  3 
6  -27 
19  -6 
35  20 
-14  -11 
2  20 
-3  29 
27  -12 
-1  58 
5  31 
2  18 
-12  46 
42  -3 
-12  -7 
15  19 
-3  18 
24  -2 
12  43 
6  32 
8  -26 
12  31 
-21  63 
-47  34 
2  51 
6  -3 
33  30 
9  15 
-7  22 
23  -1 
21  -4 
15  29 
3  10 
38  -8 
-13  21 
-3  -9 
46  42 
4  -16 
5  10 
-16  16 
19  -1 
-35  -19 
-16  -6 
13  -31 
32  21 
-5  13 
12  9 
18  -12 
-1  0 
13  39 
9  -16 
22  29 
10  18 
-13  31 
29  42 
4  31 
-33  45 
12  18 
-2  21 
7  6 
28  -25 
-8  28 
6  -10 
-39  11 
22  -17 
35  38 
-5  -5 
12  7 
-15  35 
2  13 
-40  10 
-16  -47 
15  30 
-32  0 
36  17 
13  47 
41  -11 
-13  -7 
16  5 
11  -33 
35  16 
14  -37 
-10  49 
9  3 
-17  44 
-1  2 
20  -29 
12  -3 
-12  23 
32  50 
-35  42 
12  52 
-17  46 
14  33 
-5  -17 
17  28 
-11  5 
12  19 
7  27 
-43  -10 
-12  9 
29  38 
31  20 
28  12 
15  14 
-28  15 
41  13 
-10  21 
9  -14 
24  46 
-24  15 
75  18 
10  4 
-2  10 
20  8 
15  -23 
23  -16 
-51  -6 
29  37 
48  10 
28  6 
28  15 
29  5 
54  3 
4  55 
15  4 
6  -27 
19  -6 
33  20 
-12  -11 
3  21 
-4  33 
24  -16 
-5  59 
4  34 
4  17 
-16  45 
44  1 
-13  -9 
14  19 
-6  20 
22  -3 
10  41 
6  32 
9  -25 
13  29 
-20  67 
-46  33 
2  51 
10  -2 
38  28 
8  20 
-11  24 
30  -5 
20  -7 
16  31 
3  10 
38  -5 
-9  19 
-5  -11 
45  39 
-1  -17 
5  15 
-14  17 
19  -1 
-33  -23 
-20  -4 
11  -33 
33  22 
-6  9 
12  9 
17  -7 
1  3 
12  38 
5  -18 
24  26 
12  14 
-15  27 
29  41 
4  32 
-31  43 
12  19 
-3  21 
7  6 
30  -26 
-2  23 
9  -14 
-41  15 
17  -24 
33  38 
-4  -5 
14  5 
-17  35 
2  12 
-39  16 
-15  -43 
14  27 
-32  3 
36  17 
10  49 
41  -11 
-14  -13 
15  5 
12  -33 
33  16 
14  -36 
-6  42 
6  2 
-18  46 
3  -3 
20  -29 
15  -5 
-16  23 
28  51 
-33  42 
10  51 
-14  46 
14  32 
-2  -18 
17  24 
-9  5 
12  15 
7  25 
-45  -10 
-11  8 
31  35 
32  21 
28  4 
16  14 
-27  14 
40  15 
-8  23 
8  -18 
23  46 
-23  18 
74  20 
16  4 
0  4 
21  9 
17  -21 
23  -16 
-51  -6 
31  35 
53  11 
29  4 
28  14 
30  2 
52  3 
7  56 
16  5 
6  -27 
19  -6 
39  19 
-12  -14 
7  26 
-2  30 
27  -9 
-8  61 
2  39 
0  12 
-16  44 
40  1 
-13  -11 
13  20 
-1  23 
22  -2 
8  41 
6  32 
12  -25 
8  30 
-19  67 
-47  34 
0  51 
11  -3 
38  28 
11  19 
-15  25 
28  -5 
26  -6 
20  30 
8  11 
41  -4 
-9  23 
-6  -10 
44  33 
1  -16 
9  18 
-14  21 
22  0 
-32  -21 
-20  -3 
13  -33 
32  27 
-6  9 
14  12 
17  -10 
1  0 
13  38 
5  -18 
25  23 
10  19 
-14  26 
29  41 
4  30 
-30  41 
7  20 
0  19 
8  7 
30  -26 
-3  23 
9  -14 
-37  17 
15  -28 
27  37 
4  -5 
18  5 
-16  38 
0  13 
-43  11 
-16  -44 
14  27 
-34  2 
36  17 
9  50 
46  -10 
-13  -13 
15  3 
13  -34 
31  16 
9  -41 
-7  42 
7  2 
-18  46 
3  6 
20  -25 
15  -2 
-21  20 
28  49 
-33  41 
13  52 
-11  43 
15  31 
6  -23 
14  24 
-9  7 
16  14 
8  25 
-45  -11 
-7  9 
28  40 
30  25 
29  2 
14  13 
-28  17 
41  15 
-8  22 
10  -13 
24  45 
-22  12 
75  19 
20  7 
3  2 
22  9 
17  -22 
24  -15 
-54  -8 
30  38 
53  14 
30  1 
28  15 
29  2 
57  3 
9  58 
22  3 
4  -25 
22  -8 
37  17 
-11  -15 
4  24 
-1  29 
27  -9 
-2  59 
-3  44 
0  14 
-20  41 
44  1 
-14  -10 
11  18 
-1  18 
19  3 
9  43 
8  32 
15  -22 
9  27 
-21  65 
-42  35 
1  53 
12  -6 
37  30 
11  20 
-14  25 
28  -9 
21  -8 
21  31 
10  7 
42  -6 
-12  23 
-8  -8 
44  34 
1  -15 
13  19 
-19  21 
22  -3 
-32  -22 
-18  -2 
12  -33 
29  29 
-5  9 
17  11 
20  -10 
8  -4 
16  34 
3  -17 
21  27 
14  19 
-13  25 
32  42 
3  30 
-31  41 
13  20 
0  15 
8  9 
29  -23 
-2  25 
5  -15 
-36  18 
15  -24 
23  36 
10  -6 
23  4 
-11  40 
4  16 
-42  10 
-17  -45 
10  28 
-33  1 
36  17 
10  49 
44  -10 
-15  -9 
15  5 
10  -35 
31  15 
8  -43 
-8  41 
6  0 
-18  46 
6  7 
21  -24 
12  3 
-15  16 
31  53 
-32  41 
12  51 
-2  43 
18  28 
8  -18 
15  23 
-7  7 
17  12 
5  27 
-46  -7 
-7  6 
30  42 
31  24 
26  1 
14  14 
-27  21 
39  15 
-12  26 
7  -13 
23  46 
-23  8 
74  17 
20  8 
2  0 
22  9 
18  -23 
25  -15 
-55  -2 
32  36 
49  14 
31  0 
28  15 
33  0 
57  1 
13  58 
20  7 
8  -29 
20  -7 
38  12 
-11  -18 
3  26 
-6  32 
28  -8 
-4  57 
-1  45 
1  14 
-22  43 
44  -3 
-13  -11 
13  15 
-3  17 
22  -2 
12  49 
11  32 
12  -21 
4  30 
-23  63 
-41  34 
2  52 
10  -2 
40  30 
12  17 
-15  22 
27  -9 
17  -10 
19  29 
11  7 
41  -10 
-13  22 
-8  -8 
43  30 
3  -13 
8  17 
-17  21 
22  -3 
-32  -17 
-21  -1 
15  -31 
29  28 
-3  9 
19  15 
18  -12 
10  -6 
12  34 
6  -23 
13  26 
15  21 
-11  25 
31  42 
4  31 
-30  42 
16  19 
0  15 
10  9 
26  -22 
1  25 
9  -21 
-36  18 
17  -24 
29  38 
9  -10 
25  3 
-17  44 
4  14 
-44  11 
-17  -45 
14  30 
-33  1 
35  15 
13  51 
44  -7 
-13  -4 
14  4 
8  -31 
31  19 
11  -42 
-7  42 
8  6 
-18  46 
7  8 
21  -28 
12  1 
-17  18 
30  47 
-31  41 
15  50 
0  44 
19  24 
8  -21 
12  23 
-5  7 
17  15 
9  29 
-47  -11 
-10  5 
26  46 
35  23 
29  6 
14  13 
-26  20 
41  16 
-13  27 
8  -10 
21  47 
-27  3 
73  20 
20  7 
-1  2 
23  15 
19  -19 
26  -18 
-57  -1 
31  37 
50  14 
26  1 
28  13 
34  -3 
57  1 
13  58 
23  7 
11  -31 
20  -10 
28  9 
-10  -22 
2  26 
-6  33 
29  -5 
-6  55 
-2  45 
1  9 
-27  42 
46  -8 
-12  -10 
17  19 
0  17 
19  -1 
13  49 
5  39 
15  -15 
5  31 
-24  64 
-40  35 
1  52 
11  -5 
39  29 
8  18 
-15  22 
27  -9 
18  -8 
19  27 
13  10 
34  -8 
-18  21 
-12  -5 
45  30 
9  -11 
15  16 
-16  20 
16  -6 
-31  -18 
-21  -2 
15  -30 
29  26 
-2  17 
15  18 
18  -12 
11  -8 
15  27 
4  -22 
10  22 
15  17 
-13  23 
34  43 
4  30 
-31  41 
14  14 
1  16 
12  11 
22  -23 
-2  23 
12  -26 
-35  15 
16  -23 
25  36 
10  -7 
20  1 
-17  44 
2  12 
-43  17 
-14  -47 
19  34 
-36  3 
31  20 
12  52 
43  -10 
-18  -2 
17  4 
5  -32 
33  14 
8  -37 
-5  41 
7  6 
-16  45 
8  11 
21  -29 
12  2 
-18  20 
33  46 
-31  43 
21  53 
1  44 
19  25 
4  -25 
15  23 
-7  7 
15  15 
6  30 
-45  -11 
-14  6 
27  42 
32  23 
27  1 
14  10 
-25  19 
39  15 
-11  28 
7  -12 
16  46 
-30  1 
69  16 
18  8 
-1  3 
24  13 
23  -18 
27  -19 
-58  0 
23  35 
49  18 
30  -2 
31  12 
33  0 
58  4 
12  56 
24  4 
11  -31 
17  -10 
27  11 
-16  -24 
3  26 
-6  32 
28  -5 
-5  60 
-4  47 
1  9 
-27  42 
46  -8 
-15  -9 
18  19 
0  12 
15  -1 
10  48 
11  41 
15  -19 
4  34 
-24  62 
-34  37 
-1  49 
14  -3 
32  31 
13  17 
-10  21 
26  -7 
16  -9 
20  30 
15  9 
32  -12 
-20  18 
-13  -3 
47  26 
11  -13 
17  16 
-20  24 
17  -11 
-31  -17 
-21  -2 
12  -30 
29  25 
-2  23 
15  18 
21  -13 
13  -6 
15  25 
11  -22 
13  19 
15  17 
-18  23 
35  43 
8  29 
-33  42 
19  15 
2  14 
9  9 
16  -26 
0  21 
16  -23 
-31  14 
18  -27 
25  37 
9  -12 
23  0 
-16  45 
8  16 
-41  14 
-10  -48 
17  37 
-37  4 
30  19 
12  52 
44  -10 
-22  -3 
17  4 
9  -33 
34  13 
9  -34 
-8  43 
6  5 
-12  54 
10  7 
22  -28 
11  -1 
-18  17 
33  46 
-31  44 
21  56 
-2  45 
17  26 
8  -21 
15  24 
-6  7 
17  11 
8  31 
-47  -10 
-18  6 
28  40 
34  22 
28  3 
12  7 
-23  19 
35  15 
-14  30 
5  -18 
20  47 
-31  1 
72  16 
18  8 
0  4 
24  15 
22  -22 
27  -19 
-58  0 
24  36 
52  17 
29  -1 
30  14 
32  -2 
64  1 
4  58 
27  5 
13  -31 
17  -10 
28  12 
-14  -24 
4  25 
-5  30 
28  -1 
-7  60 
-4  46 
1  13 
-27  42 
48  -9 
-13  -9 
19  19 
1  10 
16  0 
10  51 
16  44 
17  -19 
5  37 
-17  62 
-34  37 
0  51 
11  -2 
28  30 
9  18 
-12  23 
26  -6 
17  -12 
21  31 
17  9 
33  -13 
-19  16 
-9  2 
47  26 
15  -11 
18  12 
-23  23 
17  -9 
-33  -18 
-21  -2 
12  -32 
23  26 
-1  23 
18  19 
17  -14 
13  -5 
15  25 
9  -26 
13  19 
15  18 
-17  24 
35  46 
8  29 
-35  42 
21  12 
1  9 
10  9 
20  -25 
-2  23 
16  -26 
-33  13 
14  -27 
27  36 
12  -8 
21  -3 
-18  48 
11  19 
-41  14 
-14  -48 
15  37 
-36  6 
31  20 
10  52 
44  -7 
-22  -3 
17  4 
13  -30 
28  18 
7  -33 
-6  44 
7  8 
-8  55 
9  6 
22  -28 
12  -1 
-18  17 
33  46 
-30  41 
20  56 
-1  45 
21  23 
10  -21 
12  21 
-7  3 
14  10 
8  26 
-46  -8 
-18  9 
26  46 
35  24 
29  1 
11  7 
-23  19 
33  18 
-10  30 
7  -17 
22  46 
-29  5 
73  18 
18  8 
3  -1 
23  15 
22  -22 
26  -16 
-56  -2 
24  37 
52  17 
28  -5 
29  15 
33  -1 
64  -4 
2  57 
29  6 
14  -28 
13  -11 
29  14 
-17  -23 
4  25 
-8  31 
29  3 
-5  58 
-10  50 
1  13 
-28  40 
51  -7 
-16  -10 
22  19 
-1  15 
13  0 
10  51 
17  48 
19  -18 
4  33 
-16  64 
-36  35 
0  50 
14  -2 
28  31 
8  18 
-10  19 
25  -3 
19  -13 
21  30 
15  9 
33  -13 
-21  18 
-9  2 
52  23 
17  -11 
13  11 
-21  23 
17  -3 
-34  -19 
-20  0 
12  -33 
21  27 
6  22 
15  19 
19  -11 
9  -3 
15  25 
8  -33 
15  17 
12  18 
-17  24 
34  47 
7  31 
-36  41 
24  11 
2  9 
8  10 
14  -30 
-2  25 
21  -24 
-36  14 
12  -24 
30  34 
11  -8 
14  -3 
-20  47 
11  17 
-40  15 
-14  -47 
15  35 
-37  8 
32  21 
9  48 
43  -10 
-23  -1 
20  4 
18  -28 
26  17 
6  -32 
-6  44 
7  6 
-8  55 
7  5 
25  -29 
11  -1 
-13  18 
32  49 
-32  43 
20  56 
-1  39 
19  25 
6  -25 
15  23 
-7  2 
13  10 
11  25 
-41  -6 
-18  6 
28  46 
32  22 
30  1 
11  7 
-24  17 
32  19 
-8  32 
7  -18 
23  46 
-30  9 
71  19 
18  8 
3  1 
24  16 
23  -24 
27  -12 
-57  -3 
23  35 
54  13 
30  -1 
32  18 
33  -2 
68  -8 
0  55 
27  7 
14  -28 
15  -11 
29  14 
-18  -23 
6  25 
-8  32 
30  1 
-5  56 
-10  47 
2  18 
-29  37 
53  -8 
-10  -6 
26  13 
-4  14 
11  0 
8  55 
16  49 
21  -19 
3  33 
-16  65 
-36  38 
0  51 
17  1 
29  37 
4  17 
-8  19 
26  -3 
20  -10 
21  31 
15  10 
33  -14 
-25  19 
-8  3 
54  24 
19  -2 
9  10 
-22  22 
17  -2 
-34  -18 
-16  4 
10  -31 
25  27 
5  22 
13  19 
19  -11 
7  -2 
15  25 
6  -28 
17  14 
9  18 
-12  26 
34  47 
7  31 
-39  44 
23  10 
3  8 
8  13 
17  -30 
-2  23 
21  -31 
-34  10 
15  -25 
33  37 
8  -6 
15  -2 
-17  47 
10  17 
-41  15 
-15  -49 
12  35 
-38  6 
32  21 
8  39 
44  -10 
-21  -1 
21  -2 
18  -28 
24  15 
8  -30 
-4  45 
9  6 
-5  62 
8  3 
26  -29 
12  2 
-13  21 
32  47 
-31  41 
22  54 
-7  40 
19  24 
5  -23 
17  23 
-6  2 
12  9 
12  25 
-47  -6 
-15  8 
33  47 
29  23 
29  2 
11  7 
-23  16 
28  17 
-7  29 
11  -18 
27  45 
-32  11 
72  20 
18  8 
6  1 
28  20 
20  -23 
25  -12 
-57  -5 
28  37 
55  15 
31  -4 
32  15 
25  -6 
71  -7 
-1  55 
35  14 
14  -28 
14  -11 
31  18 
-20  -16 
6  26 
-8  29 
28  3 
-3  57 
-11  54 
0  21 
-28  38 
56  -5 
-11  -1 
24  16 
-2  15 
11  -1 
10  59 
19  50 
22  -21 
8  39 
-15  62 
-35  37 
-2  50 
15  0 
31  35 
6  13 
-7  15 
27  1 
21  -7 
20  31 
12  12 
35  -11 
-27  20 
-2  3 
54  24 
19  -2 
7  5 
-23  24 
16  -3 
-37  -21 
-21  4 
8  -33 
25  23 
3  24 
12  21 
21  -8 
10  -2 
16  22 
6  -28 
17  16 
10  16 
-16  25 
34  50 
7  31 
-37  42 
23  10 
3  6 
8  15 
16  -30 
-1  23 
20  -33 
-32  10 
13  -22 
36  34 
7  -8 
16  -1 
-16  43 
13  14 
-46  13 
-14  -50 
4  33 
-38  6 
31  20 
8  38 
44  -10 
-21  2 
24  -2 
18  -24 
27  16 
8  -31 
-8  42 
7  6 
-4  65 
9  3 
25  -29 
12  3 
-12  22 
34  47 
-30  41 
21  56 
-1  41 
18  25 
2  -22 
15  23 
-10  5 
12  11 
13  23 
-48  -6 
-12  6 
31  47 
33  26 
26  2 
11  5 
-25  18 
24  12 
-8  27 
10  -18 
28  51 
-30  9 
74  24 
19  9 
6  1 
29  17 
19  -25 
25  -14 
-58  -8 
30  35 
54  19 
28  -3 
29  14 
27  -4 
72  -8 
2  60 
37  11 
16  -27 
15  -10 
35  17 
-16  -15 
6  30 
-5  29 
28  3 
-4  59 
-10  54 
0  24 
-25  39 
53  -5 
-9  -4 
24  15 
-2  12 
16  0 
13  60 
20  50 
24  -24 
13  38 
-20  61 
-37  35 
-6  49 
17  -2 
29  28 
7  18 
-9  18 
27  5 
25  -5 
21  34 
12  11 
33  -11 
-28  23 
3  4 
54  20 
19  -1 
7  6 
-24  24 
19  -6 
-38  -22 
-22  3 
4  -34 
25  22 
7  28 
12  21 
21  -5 
13  -3 
18  28 
5  -32 
20  12 
9  19 
-14  26 
32  47 
10  31 
-35  43 
24  10 
3  6 
7  13 
14  -30 
-1  23 
20  -33 
-32  6 
11  -20 
34  34 
6  -7 
16  -6 
-16  44 
12  15 
-46  15 
-12  -49 
2  34 
-38  6 
32  14 
8  35 
44  -9 
-17  -1 
24  -2 
19  -22 
28  19 
8  -30 
-7  42 
9  3 
-8  69 
9  1 
20  -29 
9  4 
-13  21 
33  47 
-33  42 
20  55 
-1  41 
15  24 
6  -23 
18  25 
-9  4 
11  13 
17  24 
-47  -6 
-10  1 
29  46 
33  26 
28  1 
9  2 
-23  13 
21  16 
-11  29 
11  -19 
28  49 
-30  7 
74  24 
17  10 
8  3 
26  14 
20  -29 
28  -14 
-59  -8 
28  33 
55  21 
27  1 
30  14 
22  -3 
72  -9 
2  58 
34  12 
18  -28 
15  -10 
33  16 
-11  -14 
3  35 
-2  28 
31  2 
-5  60 
-8  56 
-2  23 
-24  40 
49  -4 
-8  -2 
25  11 
-2  10 
10  -2 
15  65 
16  44 
25  -26 
11  40 
-21  58 
-39  36 
-6  47 
14  -2 
30  23 
11  19 
-8  22 
27  5 
26  -8 
22  31 
13  9 
32  -13 
-28  21 
5  4 
57  17 
20  -4 
13  10 
-26  20 
20  -7 
-43  -24 
-23  4 
8  -33 
25  26 
8  34 
13  18 
19  -5 
8  -5 
15  29 
8  -30 
21  11 
17  18 
-11  23 
33  46 
6  31 
-37  42 
24  10 
3  6 
6  10 
13  -33 
-2  26 
19  -31 
-35  8 
14  -19 
34  33 
6  -3 
17  -12 
-16  45 
11  13 
-44  19 
-13  -49 
4  36 
-35  5 
34  10 
9  34 
43  -10 
-16  -5 
28  -3 
15  -23 
31  17 
8  -29 
-7  40 
11  3 
-11  68 
10  1 
20  -30 
11  4 
-16  18 
31  47 
-32  40 
16  54 
-1  39 
19  23 
6  -27 
21  24 
-14  5 
8  12 
17  21 
-45  -4 
-10  2 
27  46 
32  23 
27  2 
9  4 
-25  15 
16  15 
-9  35 
9  -19 
25  43 
-23  6 
78  28 
19  9 
9  3 
25  17 
21  -30 
27  -15 
-59  -8 
24  34 
59  18 
30  1 
31  13 
27  2 
72  -8 
5  62 
33  10 
17  -25 
10  -10 
32  15 
-16  -16 
0  33 
-4  31 
33  2 
-4  55 
-9  58 
-2  17 
-21  43 
44  -2 
-10  -2 
23  10 
2  12 
13  -2 
15  64 
14  44 
26  -26 
18  43 
-21  55 
-38  43 
-7  47 
7  -4 
30  22 
12  18 
-6  22 
24  5 
29  -6 
23  35 
16  9 
37  -8 
-27  20 
5  6 
52  17 
24  -3 
14  12 
-28  21 
18  -10 
-41  -26 
-18  7 
13  -29 
18  25 
8  27 
11  16 
23  -6 
2  -2 
12  29 
6  -30 
24  13 
15  13 
-14  22 
33  46 
6  33 
-37  39 
25  16 
5  8 
8  11 
12  -33 
-4  30 
18  -33 
-31  9 
21  -24 
33  34 
2  -3 
17  -9 
-11  46 
10  11 
-45  18 
-13  -51 
3  38 
-39  3 
35  10 
10  34 
42  -11 
-11  -2 
29  2 
16  -26 
32  16 
4  -28 
-8  43 
8  9 
-9  64 
11  0 
21  -31 
7  7 
-16  16 
31  47 
-30  39 
21  51 
0  35 
16  24 
8  -25 
23  24 
-9  10 
6  12 
17  21 
-45  -1 
-9  -1 
27  50 
36  23 
28  3 
19  -1 
-23  17 
18  12 
-12  39 
4  -20 
27  41 
-23  4 
78  28 
19  9 
6  2 
24  18 
20  -30 
28  -14 
-58  -9 
24  36 
58  12 
29  3 
32  12 
25  2 
70  -4 
1  63 
35  10 
18  -23 
12  -5 
31  16 
-15  -17 
2  32 
-3  30 
30  4 
-5  55 
-16  55 
-3  16 
-21  43 
48  -1 
-9  -3 
24  10 
1  12 
11  5 
15  65 
16  45 
28  -25 
14  42 
-24  54 
-35  46 
-6  44 
9  -2 
29  22 
13  18 
-4  20 
21  7 
31  -2 
22  34 
20  8 
37  -8 
-25  20 
5  7 
46  18 
28  0 
15  12 
-28  18 
18  -10 
-41  -26 
-20  7 
14  -28 
15  26 
7  26 
14  14 
21  -5 
-1  5 
13  27 
6  -29 
23  10 
13  14 
-12  23 
33  46 
3  35 
-38  38 
29  21 
9  6 
5  14 
17  -33 
-8  28 
18  -35 
-33  11 
17  -21 
32  37 
2  -3 
20  -7 
-10  47 
10  9 
-40  19 
-7  -51 
3  34 
-43  6 
36  11 
14  33 
41  -11 
-8  0 
31  3 
16  -23 
35  24 
0  -25 
-10  42 
5  19 
-7  62 
6  -7 
22  -31 
6  6 
-17  17 
34  47 
-27  40 
21  51 
0  36 
19  19 
10  -26 
24  23 
-8  7 
5  11 
17  21 
-45  -1 
-3  -2 
26  50 
33  23 
27  2 
18  2 
-23  17 
17  11 
-15  36 
-1  -20 
28  41 
-23  4 
81  25 
19  9 
2  -3 
27  21 
20  -29 
29  -10 
-57  -10 
26  38 
58  12 
25  6 
34  10 
26  2 
68  -1 
0  64 
35  10 
16  -21 
14  -7 
33  16 
-16  -16 
4  31 
-2  28 
32  2 
-8  58 
-17  55 
-4  14 
-22  43 
44  -2 
-13  -6 
24  10 
2  12 
8  2 
15  65 
17  43 
24  -27 
12  43 
-23  51 
-38  46 
-6  42 
10  -2 
30  22 
17  18 
-6  23 
28  6 
28  -3 
19  34 
23  7 
35  -5 
-25  19 
7  11 
47  20 
27  -3 
13  14 
-29  20 
17  -11 
-41  -25 
-20  7 
14  -28 
13  30 
5  24 
23  13 
17  -6 
3  3 
9  29 
6  -27 
26  12 
12  16 
-14  21 
31  47 
4  35 
-42  37 
29  24 
9  6 
4  14 
16  -35 
-12  23 
18  -35 
-32  13 
16  -23 
28  35 
4  1 
21  -9 
-7  48 
3  6 
-39  16 
-10  -53 
1  35 
-43  10 
40  12 
17  35 
41  -11 
-7  6 
39  2 
20  -21 
35  23 
2  -26 
-11  41 
4  23 
-8  61 
6  -10 
22  -32 
7  6 
-20  21 
37  44 
-27  40 
20  50 
0  36 
19  19 
12  -29 
23  24 
-8  9 
5  10 
17  21 
-51  -2 
-3  -3 
27  49 
33  19 
31  -2 
19  5 
-23  16 
17  8 
-14  37 
-1  -22 
32  35 
-27  7 
82  26 
19  9 
0  -3 
27  21 
20  -26 
30  -7 
-56  -10 
33  38 
58  12 
27  5 
33  9 
24  3 
71  -1 
0  64 
32  8 
15  -20 
12  -6 
32  18 
-17  -14 
0  31 
-5  27 
31  7 
-7  60 
-17  62 
-2  13 
-21  43 
45  -5 
-12  -3 
26  9 
5  10 
8  3 
12  63 
13  42 
23  -25 
11  43 
-26  49 
-39  43 
-6  44 
12  -5 
30  25 
20  19 
-11  22 
26  12 
28  -1 
19  34 
20  8 
35  -5 
-25  16 
6  13 
51  18 
22  0 
11  20 
-24  15 
20  -10 
-38  -23 
-21  7 
14  -27 
17  30 
3  27 
24  12 
15  -10 
4  -2 
15  29 
8  -26 
28  15 
9  17 
-13  22 
32  47 
5  31 
-41  35 
30  23 
9  6 
3  13 
17  -36 
-7  21 
19  -35 
-32  11 
14  -22 
30  34 
6  5 
21  -8 
-13  47 
8  7 
-36  16 
-9  -49 
-6  32 
-43  14 
41  11 
16  34 
41  -7 
-7  6 
41  1 
17  -23 
35  25 
2  -26 
-10  41 
4  24 
-8  61 
6  -10 
22  -31 
7  6 
-14  17 
38  43 
-23  39 
22  53 
1  36 
19  19 
8  -30 
24  25 
-10  7 
8  12 
17  21 
-53  -8 
-3  -4 
29  48 
31  16 
29  -1 
18  2 
-21  13 
18  8 
-13  31 
-2  -25 
33  34 
-30  11 
85  27 
19  9 
4  -2 
23  19 
20  -24 
32  -8 
-57  -10 
32  35 
55  10 
26  6 
35  7 
26  2 
69  2 
3  61 
33  6 
13  -19 
11  -1 
31  17 
-19  -11 
1  31 
-5  24 
35  9 
-11  58 
-18  57 
-3  10 
-22  43 
47  2 
-16  -4 
30  7 
4  10 
10  2 
13  62 
13  43 
24  -25 
8  43 
-32  47 
-36  41 
-5  45 
8  -7 
28  26 
19  18 
-11  21 
28  11 
33  0 
17  36 
20  7 
35  -2 
-24  19 
5  15 
44  17 
19  3 
12  19 
-24  14 
20  -10 
-37  -23 
-18  6 
12  -24 
18  28 
3  26 
24  14 
16  -12 
7  -2 
12  28 
8  -25 
28  19 
10  19 
-17  22 
39  47 
4  29 
-42  35 
30  21 
10  4 
6  17 
17  -36 
-5  23 
18  -35 
-34  10 
15  -20 
28  34 
4  5 
18  -10 
-15  42 
11  7 
-38  18 
-11  -46 
-7  34 
-43  17 
39  15 
17  32 
42  -8 
-11  8 
39  0 
15  -21 
36  24 
1  -24 
-8  41 
0  17 
-9  58 
8  -11 
21  -30 
7  6 
-14  14 
36  43 
-23  39 
24  53 
0  31 
19  22 
5  -32 
27  31 
-13  9 
10  14 
17  18 
-52  -8 
-5  -3 
31  49 
37  13 
23  -5 
17  3 
-24  9 
21  5 
-15  25 
-4  -25 
35  35 
-27  7 
87  22 
17  10 
4  -2 
18  22 
20  -28 
41  -6 
-57  -10 
32  41 
52  9 
25  7 
35  10 
32  -4 
67  1 
-1  60 
33  6 
11  -13 
12  -2 
30  18 
-18  -11 
0  31 
-6  20 
36  11 
-18  57 
-18  63 
-5  9 
-23  41 
46  10 
-12  -1 
30  9 
4  10 
9  2 
16  60 
10  42 
20  -27 
14  47 
-31  45 
-38  41 
-6  43 
11  -7 
29  29 
17  17 
-6  29 
26  12 
35  1 
17  36 
15  3 
37  -2 
-25  19 
4  16 
42  18 
19  3 
11  19 
-23  14 
25  -10 
-31  -22 
-18  6 
11  -18 
18  28 
4  24 
21  16 
19  -11 
3  2 
8  30 
8  -25 
33  18 
9  26 
-20  24 
40  48 
3  28 
-41  34 
30  21 
11  4 
13  20 
17  -36 
-12  22 
19  -35 
-32  9 
11  -22 
27  31 
5  2 
20  -10 
-17  44 
10  8 
-41  21 
-11  -43 
-8  35 
-44  15 
35  15 
18  32 
42  -8 
-11  8 
38  3 
15  -22 
35  24 
0  -25 
-8  42 
1  15 
-9  56 
8  -13 
21  -29 
5  4 
-15  15 
33  42 
-21  39 
24  49 
4  33 
20  19 
5  -35 
26  31 
-13  9 
8  13 
19  18 
-54  -3 
-4  -6 
31  52 
36  17 
23  -5 
19  4 
-25  11 
25  1 
-8  28 
-9  -20 
33  34 
-28  12 
90  21 
17  8 
1  2 
22  20 
19  -26 
46  -3 
-57  -10 
33  42 
51  6 
23  6 
34  9 
35  -3 
62  -1 
-1  59 
32  9 
11  -13 
12  -3 
30  19 
-19  -9 
1  29 
-5  23 
36  7 
-23  54 
-16  64 
-3  10 
-24  40 
48  6 
-13  2 
31  13 
5  10 
9  2 
15  61 
9  41 
24  -30 
12  47 
-33  49 
-33  40 
-5  45 
12  -9 
28  31 
15  19 
-7  29 
24  13 
31  -2 
23  35 
14  4 
39  -3 
-25  20 
4  14 
46  13 
22  3 
13  14 
-24  15 
20  -7 
-31  -25 
-18  6 
12  -17 
18  28 
7  26 
16  10 
19  -11 
-1  1 
4  26 
6  -22 
32  16 
9  24 
-19  24 
37  46 
0  30 
-38  38 
28  20 
11  4 
17  17 
18  -37 
-11  23 
19  -35 
-30  11 
12  -26 
29  28 
5  2 
18  -11 
-16  45 
7  5 
-41  22 
-12  -45 
-8  38 
-45  14 
39  15 
18  32 
38  -10 
-13  11 
41  3 
14  -20 
33  27 
2  -23 
-7  43 
0  15 
-9  55 
9  -14 
20  -29 
9  5 
-14  12 
36  44 
-21  38 
22  52 
4  36 
18  19 
8  -30 
26  30 
-12  9 
10  14 
21  25 
-50  -2 
-3  -7 
35  58 
37  16 
24  -2 
20  7 
-25  9 
28  3 
-11  34 
-8  -21 
35  30 
-27  11 
88  26 
19  9 
4  1 
26  13 
20  -27 
45  -9 
-57  -10 
33  42 
53  7 
22  6 
33  11 
33  0 
64  5 
-3  57 
35  9 
11  -13 
13  -3 
31  19 
-22  -10 
1  30 
-1  24 
39  3 
-27  54 
-20  67 
-8  11 
-24  37 
45  4 
-11  3 
28  15 
11  10 
10  1 
18  57 
12  43 
24  -30 
13  48 
-31  54 
-34  42 
-4  44 
12  -8 
33  29 
15  19 
-3  29 
24  12 
35  -2 
24  34 
14  4 
45  1 
-29  18 
12  16 
44  18 
22  1 
13  10 
-19  16 
17  -8 
-30  -24 
-19  9 
10  -18 
18  28 
4  23 
12  14 
17  -10 
-2  3 
4  26 
6  -23 
31  15 
10  27 
-22  25 
40  48 
1  34 
-38  37 
31  16 
8  3 
15  15 
16  -29 
-11  26 
14  -33 
-31  9 
9  -22 
30  29 
7  2 
15  -9 
-17  44 
8  9 
-42  22 
-9  -47 
-12  39 
-44  14 
40  11 
19  34 
41  -9 
-15  10 
40  -1 
19  -22 
35  30 
7  -22 
-8  42 
0  15 
-9  62 
5  -18 
21  -27 
8  11 
-17  15 
35  44 
-23  41 
22  52 
4  36 
19  15 
8  -28 
28  30 
-14  9 
10  11 
23  22 
-54  -8 
-3  -9 
35  57 
37  16 
22  -4 
23  7 
-28  7 
27  1 
-10  34 
-8  -22 
34  32 
-34  7 
86  29 
19  9 
-5  3 
21  14 
21  -24 
46  -8 
-56  -8 
32  41 
56  7 
22  6 
33  10 
34  0 
63  3 
-5  59 
34  9 
10  -16 
14  -6 
26  16 
-21  -10 
1  30 
3  24 
34  4 
-28  58 
-17  67 
-12  9 
-29  37 
48  0 
-10  -5 
24  13 
12  12 
10  1 
22  51 
13  42 
21  -29 
12  48 
-31  54 
-29  44 
-2  45 
13  -6 
33  27 
19  18 
-2  30 
28  13 
35  -2 
25  35 
17  4 
44  -4 
-27  20 
13  18 
43  17 
19  3 
10  11 
-18  18 
13  -9 
-32  -22 
-18  9 
8  -18 
18  28 
4  26 
8  17 
17  -11 
-5  8 
-5  24 
10  -22 
31  18 
13  26 
-23  28 
40  47 
-2  32 
-44  39 
28  15 
9  3 
18  13 
15  -30 
-10  22 
17  -30 
-27  9 
15  -24 
30  29 
7  -8 
14  -10 
-19  41 
6  6 
-44  25 
-9  -48 
-11  36 
-41  14 
40  13 
20  30 
41  -11 
-13  10 
41  5 
22  -23 
35  29 
9  -22 
-11  41 
2  12 
-8  63 
5  -18 
20  -25 
10  10 
-16  14 
36  50 
-23  41 
20  51 
7  41 
20  17 
9  -23 
29  26 
-12  10 
8  6 
18  23 
-54  -6 
-3  -3 
38  57 
35  15 
27  -6 
21  4 
-29  7 
28  3 
-10  34 
-13  -23 
34  33 
-35  11 
87  31 
19  9 
-3  8 
19  14 
19  -25 
42  -9 
-56  -10 
34  44 
52  2 
27  5 
34  13 
39  -2 
62  1 
0  59 
34  9 
9  -17 
18  -4 
25  15 
-20  -9 
0  30 
9  24 
35  3 
-27  55 
-17  66 
-12  7 
-27  39 
44  -2 
-11  -5 
23  15 
15  11 
8  3 
20  53 
12  43 
21  -28 
5  43 
-32  55 
-27  42 
2  42 
13  -6 
32  28 
13  18 
-3  39 
25  14 
35  -2 
24  35 
21  4 
42  -3 
-29  19 
10  18 
46  15 
19  3 
12  12 
-18  20 
12  -9 
-33  -18 
-18  9 
3  -15 
16  25 
5  22 
14  16 
13  -10 
-6  7 
-2  28 
12  -24 
34  20 
13  26 
-23  26 
41  47 
0  35 
-43  44 
28  12 
7  10 
16  14 
16  -27 
-13  21 
17  -30 
-25  10 
15  -25 
37  35 
11  -8 
10  -11 
-16  41 
7  6 
-43  23 
-7  -49 
-8  35 
-39  11 
38  12 
21  33 
41  -11 
-13  8 
38  4 
24  -24 
39  30 
12  -22 
-11  42 
4  13 
-5  65 
6  -19 
21  -30 
7  13 
-14  14 
37  49 
-22  41 
21  57 
6  40 
21  16 
7  -22 
29  26 
-12  9 
10  11 
23  21 
-54  -11 
-3  -3 
39  59 
32  14 
28  -9 
23  -1 
-29  7 
29  -2 
-10  34 
-13  -20 
34  32 
-37  10 
86  28 
17  8 
0  7 
19  18 
16  -28 
40  -8 
-55  -9 
33  43 
49  6 
32  3 
35  15 
37  -1 
59  0 
3  55 
29  13 
10  -18 
12  -2 
25  17 
-19  -11 
1  30 
6  24 
32  1 
-26  60 
-16  65 
-13  11 
-31  42 
45  -1 
-12  -6 
24  13 
24  10 
7  2 
20  51 
10  43 
20  -25 
3  44 
-32  55 
-26  42 
4  46 
16  -5 
34  27 
17  13 
-1  35 
26  17 
33  -1 
27  32 
23  1 
45  -6 
-29  19 
11  16 
49  17 
21  4 
13  10 
-18  18 
12  -11 
-31  -17 
-19  7 
6  -15 
19  25 
2  21 
13  20 
13  -11 
-9  7 
-2  28 
11  -22 
35  19 
13  26 
-22  25 
40  48 
-3  36 
-43  44 
27  10 
10  10 
14  14 
22  -27 
-16  16 
17  -30 
-23  11 
16  -23 
41  35 
6  -8 
7  -15 
-18  40 
7  7 
-45  25 
-3  -48 
-6  33 
-37  10 
35  12 
22  32 
42  -11 
-14  6 
39  1 
21  -23 
38  32 
8  -22 
-11  41 
1  11 
-5  63 
5  -18 
19  -26 
4  11 
-16  14 
39  49 
-23  41 
22  57 
12  35 
20  16 
8  -23 
30  29 
-12  9 
9  8 
21  21 
-52  -9 
-3  -3 
39  59 
33  14 
30  -6 
20  -1 
-27  2 
29  -2 
-9  40 
-13  -19 
34  32 
-32  6 
84  25 
13  6 
0  6 
19  18 
12  -28 
42  -6 
-55  -5 
31  37 
55  5 
34  4 
37  18 
39  2 
62  0 
2  57 
26  10 
8  -21 
5  -3 
23  17 
-19  -11 
1  30 
4  24 
32  1 
-25  63 
-13  65 
-15  10 
-34  37 
44  -2 
-14  -8 
24  13 
21  11 
6  1 
22  48 
9  37 
19  -25 
3  44 
-32  51 
-29  42 
2  46 
16  -6 
31  25 
16  15 
-3  36 
27  20 
33  -6 
24  36 
27  -3 
48  -7 
-31  14 
10  18 
51  18 
18  2 
12  9 
-16  20 
15  -10 
-31  -17 
-22  8 
7  -14 
13  27 
-1  23 
13  19 
8  -6 
-12  6 
-3  28 
12  -25 
33  18 
12  27 
-23  23 
40  48 
-3  37 
-40  47 
24  10 
7  11 
17  9 
17  -27 
-17  15 
18  -28 
-24  8 
16  -23 
39  39 
6  -7 
8  -13 
-17  41 
8  9 
-43  24 
-4  -58 
-6  33 
-37  10 
32  10 
20  33 
42  -11 
-11  2 
43  2 
20  -23 
40  31 
11  -24 
-8  43 
1  16 
0  64 
4  -17 
19  -26 
4  12 
-12  10 
39  49 
-23  41 
20  54 
9  38 
21  18 
7  -18 
32  31 
-10  9 
12  2 
17  26 
-49  -13 
-5  -1 
38  63 
35  15 
27  -1 
18  7 
-31  1 
31  0 
-9  39 
-12  -17 
34  32 
-35  2 
88  26 
16  8 
-2  3 
21  17 
14  -28 
41  -6 
-49  -1 
35  38 
57  3 
37  6 
39  19 
39  2 
62  0 
1  55 
28  10 
8  -22 
4  -5 
24  18 
-20  -9 
-3  32 
4  24 
32  1 
-27  63 
-16  65 
-15  10 
-32  40 
45  -4 
-14  -7 
21  11 
21  9 
7  1 
22  49 
11  33 
19  -25 
2  46 
-35  51 
-30  42 
2  43 
12  -2 
33  22 
17  16 
-7  38 
23  24 
35  -5 
25  35 
26  -2 
46  -8 
-29  17 
9  17 
53  21 
23  2 
15  9 
-15  21 
10  -11 
-29  -13 
-21  7 
11  -16 
13  27 
-2  22 
9  18 
6  -10 
-13  5 
0  33 
14  -26 
35  20 
8  29 
-21  25 
40  48 
-4  37 
-40  47 
24  10 
7  11 
18  8 
16  -27 
-16  16 
18  -28 
-27  9 
21  -24 
39  38 
4  -6 
7  -14 
-13  42 
6  9 
-45  23 
-2  -54 
0  34 
-37  10 
29  9 
16  31 
43  -14 
-9  3 
43  -1 
16  -20 
41  32 
10  -22 
-8  42 
0  15 
-1  63 
4  -19 
19  -26 
4  13 
-14  8 
37  50 
-23  41 
21  53 
7  32 
22  18 
9  -18 
30  28 
-12  11 
9  1 
18  25 
-47  -9 
-5  -1 
40  61 
37  17 
25  2 
12  9 
-32  3 
31  0 
-8  35 
-13  -20 
34  33 
-38  -3 
87  25 
15  4 
-1  1 
21  16 
14  -28 
44  -6 
-48  -5 
36  37 
55  -2 
39  3 
40  20 
40  1 
64  5 
2  57 
29  10 
11  -22 
1  -9 
24  18 
-20  -9 
-3  31 
3  24 
32  2 
-28  63 
-18  66 
-14  10 
-30  38 
48  1 
-10  -6 
20  10 
22  7 
9  1 
22  49 
11  27 
20  -28 
5  47 
-36  53 
-27  40 
-2  43 
12  -8 
35  20 
14  13 
-9  40 
24  26 
32  -9 
24  36 
27  -3 
46  -6 
-28  18 
3  16 
53  23 
22  1 
15  10 
-13  21 
7  -12 
-23  -11 
-20  8 
9  -7 
13  27 
-4  22 
11  19 
8  -11 
-12  11 
4  31 
13  -26 
40  17 
10  28 
-17  22 
39  44 
-7  38 
-40  47 
23  10 
6  13 
18  8 
15  -25 
-18  19 
19  -26 
-32  6 
20  -24 
39  38 
4  -5 
7  -14 
-11  43 
9  6 
-47  22 
-3  -52 
1  29 
-36  10 
29  9 
18  35 
41  -13 
-10  2 
43  -1 
19  -21 
42  32 
12  -21 
-12  37 
-4  15 
-3  61 
6  -20 
19  -25 
5  16 
-15  8 
36  48 
-24  44 
25  51 
9  34 
23  21 
12  -19 
32  27 
-13  11 
8  3 
15  19 
-48  -11 
-3  -1 
38  65 
39  22 
25  2 
14  7 
-30  1 
27  0 
-12  35 
-8  -23 
31  36 
-43  -3 
86  29 
14  -1 
-1  0 
19  19 
13  -31 
47  -4 
-46  -8 
37  36 
54  0 
36  4 
39  22 
46  1 
64  3 
4  57 
30  14 
14  -23 
0  -9 
29  18 
-25  -3 
-4  35 
6  30 
33  1 
-31  65 
-18  66 
-16  10 
-28  38 
46  -3 
-10  -11 
21  11 
25  7 
11  4 
21  49 
8  29 
20  -30 
9  46 
-34  52 
-26  43 
-5  45 
11  -7 
35  18 
22  14 
-11  35 
27  31 
35  -10 
25  37 
30  -2 
41  -5 
-27  20 
5  14 
53  22 
21  5 
12  11 
-12  22 
5  -9 
-21  -11 
-20  7 
7  -10 
13  30 
-6  24 
11  18 
12  -8 
-12  15 
1  36 
14  -27 
40  15 
12  26 
-19  23 
38  44 
-7  34 
-40  48 
23  10 
10  10 
17  9 
15  -27 
-18  18 
19  -26 
-35  8 
22  -28 
39  38 
4  -5 
7  -12 
-8  43 
9  9 
-47  23 
-3  -57 
0  32 
-36  13 
28  10 
17  39 
38  -15 
-10  1 
43  -4 
20  -23 
42  31 
8  -23 
-8  35 
-5  15 
-5  60 
3  -23 
22  -23 
8  12 
-11  3 
37  50 
-25  43 
24  51 
11  32 
25  22 
12  -18 
32  27 
-11  14 
9  4 
13  19 
-46  -10 
-4  -6 
36  65 
39  23 
27  2 
13  7 
-29  2 
29  2 
-10  31 
-5  -24 
33  38 
-40  -4 
83  24 
13  0 
-1  5 
18  17 
12  -31 
51  -2 
-46  -8 
40  37 
53  2 
40  8 
43  23 
46  1 
61  5 
5  56 
30  14 
14  -20 
1  -8 
30  18 
-25  -2 
-4  35 
4  25 
32  3 
-29  67 
-15  66 
-13  10 
-30  39 
49  -1 
-11  -14 
22  9 
26  5 
10  1 
21  47 
7  31 
17  -31 
9  45 
-34  52 
-29  42 
-4  43 
12  -8 
37  16 
20  10 
-18  37 
28  31 
33  -10 
24  37 
24  4 
42  -6 
-28  19 
6  13 
55  20 
19  4 
9  10 
-8  18 
5  -10 
-22  -10 
-20  7 
8  -14 
13  31 
-1  21 
11  15 
10  -7 
-12  15 
3  33 
13  -22 
40  15 
14  29 
-19  24 
36  39 
-6  34 
-39  49 
23  10 
12  7 
15  5 
16  -29 
-18  20 
19  -26 
-38  3 
24  -29 
39  39 
5  -9 
8  -17 
-8  41 
8  10 
-46  24 
-5  -57 
2  32 
-36  14 
26  10 
17  28 
37  -16 
-10  2 
43  -5 
21  -29 
40  31 
13  -21 
-7  35 
-6  13 
-5  59 
4  -22 
25  -25 
7  12 
-11  3 
38  48 
-27  43 
24  50 
9  34 
25  22 
9  -19 
39  29 
-10  9 
14  3 
4  16 
-49  -10 
-1  -5 
35  70 
38  23 
20  1 
13  7 
-31  4 
31  0 
-12  29 
-1  -24 
31  39 
-36  0 
87  25 
15  -1 
-3  3 
19  18 
10  -26 
53  -4 
-46  -8 
42  37 
52  3 
40  8 
41  23 
48  3 
63  3 
8  60 
27  12 
20  -21 
0  -7 
29  15 
-23  -3 
-7  41 
2  24 
32  1 
-31  67 
-18  66 
-13  6 
-29  36 
51  0 
-12  -11 
22  9 
26  9 
10  2 
24  45 
6  30 
13  -31 
8  46 
-34  52 
-26  42 
-5  45 
12  -8 
38  13 
19  10 
-19  37 
28  33 
31  -13 
24  35 
26  0 
41  -5 
-24  17 
6  13 
57  18 
18  5 
10  9 
-9  19 
5  -9 
-23  -5 
-20  6 
6  -14 
9  28 
-2  23 
11  15 
9  -1 
-11  14 
-2  28 
11  -22 
40  16 
13  30 
-21  23 
39  35 
-7  38 
-39  49 
25  8 
13  7 
16  4 
18  -25 
-17  22 
19  -26 
-39  4 
23  -30 
43  41 
3  -13 
10  -21 
-7  42 
12  9 
-45  23 
-1  -61 
2  31 
-36  13 
27  10 
20  27 
37  -16 
-12  4 
49  -7 
22  -28 
40  30 
18  -28 
-8  35 
-5  15 
-7  54 
5  -26 
22  -26 
8  11 
-11  6 
37  52 
-28  42 
25  50 
10  38 
25  21 
9  -17 
38  30 
-12  10 
17  -1 
6  17 
-45  -10 
0  -5 
35  69 
43  17 
20  4 
13  6 
-31  2 
32  -1 
-12  27 
1  -24 
37  41 
-36  -4 
89  24 
14  3 
-2  3 
20  17 
10  -26 
57  -12 
-44  -11 
45  42 
50  5 
40  7 
43  26 
43  4 
67  6 
9  61 
28  11 
17  -22 
3  -6 
29  16 
-23  -3 
-7  40 
4  24 
32  1 
-33  69 
-13  67 
-10  11 
-29  40 
50  -2 
-12  -10 
17  13 
27  11 
7  2 
24  45 
6  30 
17  -29 
9  46 
-34  53 
-24  44 
-6  47 
13  -10 
37  16 
19  10 
-23  30 
28  35 
32  -12 
26  38 
26  1 
41  -6 
-29  19 
3  15 
55  18 
19  5 
10  9 
-13  18 
6  -8 
-24  -3 
-25  10 
9  -17 
12  30 
2  21 
9  18 
6  -3 
-11  15 
-1  24 
7  -24 
41  16 
17  35 
-21  21 
39  35 
-9  37 
-38  49 
28  6 
13  7 
19  3 
16  -26 
-20  22 
19  -26 
-40  4 
23  -30 
42  38 
2  -14 
14  -20 
-3  44 
12  12 
-43  23 
-1  -61 
-3  32 
-36  17 
29  5 
18  28 
34  -16 
-11  2 
49  -6 
21  -27 
41  29 
20  -30 
-7  34 
-6  13 
-8  55 
6  -26 
20  -26 
8  12 
-8  -2 
40  51 
-28  34 
28  49 
15  39 
24  21 
13  -18 
44  30 
-11  9 
12  3 
11  18 
-47  -9 
2  -8 
38  72 
49  19 
18  2 
12  7 
-34  2 
34  -2 
-12  23 
4  -25 
37  41 
-38  -1 
87  29 
11  0 
-4  4 
17  18 
10  -24 
58  -12 
-47  -10 
45  43 
51  7 
40  8 
47  25 
42  9 
68  10 
9  61 
26  12 
14  -18 
5  -9 
27  18 
-27  -2 
-7  42 
4  24 
32  8 
-34  65 
-13  71 
-11  8 
-30  41 
54  -2 
-10  -11 
15  10 
27  6 
11  4 
23  46 
3  30 
17  -30 
9  44 
-34  53 
-23  44 
-5  41 
12  -8 
35  19 
19  9 
-19  29 
28  34 
32  -11 
24  36 
25  2 
40  -5 
-30  18 
5  15 
55  15 
21  5 
13  9 
-13  22 
4  -10 
-24  -1 
-25  9 
8  -14 
12  31 
-2  22 
6  17 
6  -2 
-10  14 
-1  23 
11  -27 
41  16 
17  34 
-23  23 
40  32 
-6  32 
-40  47 
26  6 
13  7 
19  4 
17  -23 
-19  24 
22  -26 
-41  1 
24  -28 
43  39 
2  -14 
16  -15 
-5  43 
14  13 
-48  21 
-1  -61 
-3  32 
-36  18 
30  2 
14  27 
32  -17 
-11  3 
46  -5 
22  -28 
43  27 
21  -29 
-8  38 
-4  14 
-9  56 
8  -23 
17  -32 
4  11 
-9  -1 
39  55 
-36  35 
26  49 
15  38 
24  13 
16  -23 
48  29 
-14  10 
12  2 
13  14 
-51  -6 
0  -10 
38  72 
49  18 
21  1 
12  7 
-32  0 
35  -4 
-13  21 
2  -22 
37  41 
-38  3 
87  28 
11  4 
-3  4 
10  22 
13  -21 
53  -13 
-43  -12 
46  45 
50  7 
40  8 
49  24 
40  6 
69  9 
9  63 
24  15 
15  -15 
4  -10 
25  17 
-27  0 
-5  39 
4  24 
33  11 
-37  64 
-14  72 
-10  14 
-32  43 
53  -6 
-10  -11 
17  11 
26  6 
11  7 
28  46 
3  30 
18  -31 
9  45 
-32  51 
-22  45 
-5  41 
11  -8 
39  20 
16  11 
-19  29 
27  31 
35  -16 
22  40 
25  2 
37  -5 
-30  18 
6  16 
55  15 
19  2 
17  16 
-18  21 
2  -8 
-25  -3 
-25  10 
8  -11 
13  30 
0  16 
6  18 
9  -2 
-8  18 
0  21 
7  -35 
43  17 
16  39 
-22  28 
41  31 
-7  29 
-40  47 
25  10 
12  9 
19  3 
19  -21 
-18  17 
21  -28 
-37  -1 
21  -27 
43  46 
2  -11 
17  -14 
-6  42 
12  12 
-45  23 
-3  -61 
0  32 
-36  16 
28  -1 
14  30 
29  -19 
-10  1 
44  -7 
20  -29 
44  25 
20  -27 
-6  32 
-3  14 
-11  57 
4  -22 
12  -38 
5  11 
-7  -2 
39  53 
-39  34 
30  50 
17  37 
23  15 
9  -25 
48  30 
-15  16 
9  2 
13  15 
-51  -6 
0  -10 
38  72 
51  19 
27  6 
9  6 
-28  -5 
36  -3 
-14  17 
-1  -26 
37  41 
-42  2 
87  31 
15  9 
-1  1 
12  21 
11  -21 
52  -13 
-42  -10 
47  48 
51  7 
40  8 
49  24 
40  7 
66  10 
7  61 
23  11 
18  -17 
1  -9 
22  20 
-23  -3 
-8  34 
7  22 
30  7 
-36  65 
-14  75 
-8  15 
-32  42 
54  -6 
-12  -10 
19  9 
28  6 
15  5 
28  49 
3  30 
16  -29 
12  42 
-33  49 
-22  48 
-10  43 
11  -7 
40  19 
20  10 
-19  29 
26  33 
37  -19 
22  37 
24  4 
36  -3 
-34  17 
1  14 
56  15 
20  4 
19  14 
-19  23 
1  -8 
-26  -7 
-30  9 
8  -7 
14  30 
-2  19 
3  22 
13  -6 
-8  19 
-1  19 
3  -34 
41  16 
15  39 
-23  24 
41  35 
-5  30 
-43  45 
24  10 
13  10 
24  1 
22  -18 
-18  18 
20  -25 
-35  2 
25  -23 
42  46 
2  -11 
14  -18 
-8  51 
12  9 
-48  23 
-1  -62 
1  37 
-36  18 
29  -6 
13  29 
29  -18 
-10  2 
42  -8 
20  -29 
51  24 
21  -30 
-7  31 
-1  15 
-10  58 
4  -25 
13  -38 
5  11 
-12  1 
35  55 
-38  34 
26  49 
14  43 
22  19 
3  -25 
54  32 
-19  13 
9  1 
13  18 
-52  -5 
0  -8 
38  72 
53  20 
25  5 
9  3 
-28  -7 
34  -9 
-9  18 
-3  -24 
39  40 
-40  1 
87  31 
17  9 
-3  4 
8  23 
11  -20 
52  -13 
-43  -10 
49  42 
49  8 
42  6 
47  26 
40  8 
64  10 
9  58 
21  9 
17  -22 
-5  -4 
29  16 
-23  -3 
-7  34 
5  22 
29  3 
-36  64 
-11  77 
-7  20 
-34  42 
59  -5 
-12  -11 
19  10 
26  5 
14  3 
30  54 
3  31 
18  -32 
10  46 
-29  52 
-27  47 
-7  46 
12  -8 
39  19 
20  10 
-18  29 
25  36 
39  -17 
22  37 
23  4 
33  2 
-36  14 
-5  15 
62  18 
18  5 
22  13 
-22  23 
4  -5 
-23  -8 
-26  13 
8  -5 
13  30 
4  17 
3  21 
14  -6 
-4  23 
-1  18 
3  -34 
39  14 
16  37 
-28  23 
42  32 
-9  27 
-42  42 
25  11 
9  9 
20  4 
21  -16 
-16  16 
22  -21 
-32  -3 
23  -25 
41  46 
3  -13 
6  -23 
-11  50 
10  7 
-48  21 
1  -65 
0  32 
-36  18 
29  -5 
12  29 
29  -14 
-13  3 
41  -6 
23  -30 
50  24 
20  -29 
-10  29 
0  15 
-10  59 
4  -27 
14  -36 
6  10 
-13  1 
38  52 
-39  33 
28  46 
11  42 
22  21 
5  -21 
57  36 
-16  11 
10  2 
12  18 
-54  -8 
1  -9 
36  74 
53  18 
24  5 
11  5 
-29  -2 
33  -11 
-13  17 
-5  -22 
40  41 
-43  -1 
88  30 
21  5 
-6  3 
9  22 
8  -20 
55  -10 
-41  -11 
53  39 
53  9 
42  6 
44  24 
40  8 
63  10 
15  61 
22  9 
15  -21 
-4  -6 
30  18 
-24  -3 
-5  33 
4  17 
33  2 
-37  64 
-9  77 
-7  21 
-32  43 
57  -3 
-10  -11 
14  10 
27  5 
15  5 
28  57 
0  30 
19  -36 
17  44 
-31  54 
-28  49 
-1  45 
12  -8 
39  18 
19  10 
-18  31 
30  34 
36  -17 
24  35 
30  3 
30  2 
-34  14 
-7  14 
60  15 
17  1 
22  12 
-25  23 
6  -2 
-22  -7 
-26  13 
9  -12 
12  28 
12  18 
1  16 
14  -8 
-2  30 
-3  19 
6  -35 
39  15 
11  36 
-30  25 
41  29 
-9  25 
-42  43 
24  13 
8  9 
23  -3 
18  -15 
-16  14 
23  -18 
-34  2 
27  -24 
40  47 
3  -13 
10  -30 
-8  47 
9  10 
-47  18 
2  -67 
0  33 
-36  18 
32  -3 
13  30 
29  -17 
-9  4 
29  -5 
21  -33 
49  24 
24  -24 
-9  32 
-4  15 
-12  62 
6  -23 
11  -40 
6  12 
-10  1 
38  52 
-39  37 
25  51 
4  45 
21  23 
5  -18 
58  37 
-15  10 
7  6 
13  20 
-54  -7 
0  -8 
38  75 
52  15 
22  3 
12  1 
-32  -5 
35  -9 
-18  17 
-3  -22 
44  40 
-41  -1 
89  34 
17  4 
-5  3 
10  22 
10  -22 
55  -11 
-41  -11 
46  37 
53  11 
42  6 
44  20 
40  8 
67  7 
13  69 
21  10 
11  -22 
-3  -5 
31  20 
-25  -5 
0  32 
6  21 
29  1 
-36  65 
-8  76 
-7  22 
-31  43 
54  -8 
-5  -10 
17  14 
23  6 
21  1 
29  58 
-3  30 
18  -30 
17  46 
-32  55 
-26  49 
-2  43 
16  -6 
39  19 
18  8 
-19  34 
24  36 
32  -21 
26  34 
26  5 
29  -3 
-35  15 
-13  17 
59  14 
17  1 
20  13 
-25  24 
8  0 
-24  -9 
-28  18 
8  -11 
8  26 
15  18 
1  12 
14  -7 
-3  29 
-3  19 
7  -30 
37  16 
12  35 
-26  24 
40  30 
-10  30 
-40  44 
22  14 
8  13 
23  -1 
9  -16 
-16  10 
19  -19 
-33  1 
24  -25 
40  47 
7  -15 
10  -31 
-5  45 
9  6 
-48  21 
2  -68 
1  31 
-38  20 
36  0 
13  26 
28  -17 
-7  7 
31  -3 
22  -31 
49  22 
24  -22 
-8  31 
-7  14 
-13  62 
1  -24 
13  -42 
4  17 
-7  0 
41  55 
-44  37 
26  51 
4  44 
20  19 
7  -14 
57  37 
-15  11 
8  7 
10  21 
-54  -8 
-1  -5 
36  75 
50  12 
19  3 
12  3 
-32  -2 
32  -8 
-17  21 
-2  -21 
40  41 
-38  -1 
91  32 
14  4 
-2  3 
7  28 
8  -21 
55  -11 
-40  -10 
52  38 
53  9 
42  6 
47  22 
40  8 
67  11 
14  70 
20  11 
12  -25 
-2  -5 
33  20 
-25  -5 
-1  34 
5  25 
27  5 
-32  67 
-8  76 
-5  25 
-31  43 
55  -8 
-8  -3 
17  12 
23  6 
23  1 
27  57 
-3  30 
23  -29 
15  50 
-30  50 
-28  49 
-1  43 
16  -7 
39  19 
19  5 
-17  35 
24  38 
33  -22 
26  34 
23  4 
26  -3 
-34  13 
-11  14 
56  14 
12  1 
21  15 
-23  26 
9  -1 
-22  -8 
-26  12 
11  -7 
12  23 
15  18 
4  13 
10  -3 
-4  31 
-2  17 
8  -28 
37  16 
10  38 
-27  22 
42  32 
-12  31 
-39  43 
21  16 
10  14 
26  -4 
9  -14 
-17  10 
19  -18 
-33  0 
24  -25 
40  47 
6  -11 
6  -30 
-7  46 
5  -3 
-48  22 
4  -68 
4  31 
-38  21 
33  -1 
10  31 
28  -18 
-8  7 
29  -2 
22  -31 
49  22 
20  -27 
-8  28 
-4  15 
-18  63 
0  -23 
11  -42 
4  16 
-5  3 
39  55 
-49  40 
26  52 
4  40 
19  18 
11  -16 
59  44 
-16  10 
8  6 
10  23 
-56  -6 
0  -5 
35  79 
48  9 
17  4 
16  0 
-30  2 
32  -8 
-14  18 
-4  -23 
42  38 
-38  -3 
92  32 
14  4 
-4  4 
7  26 
7  -15 
52  -13 
-43  -10 
55  40 
48  14 
43  6 
51  18 
41  7 
65  8 
13  70 
19  9 
9  -26 
0  -9 
35  24 
-26  -8 
-1  39 
8  26 
26  10 
-31  70 
-7  74 
-7  22 
-25  45 
55  -11 
-9  -1 
18  10 
22  9 
23  0 
24  54 
-5  26 
22  -27 
16  57 
-28  51 
-32  49 
-2  43 
18  -12 
37  19 
21  3 
-17  35 
23  39 
33  -20 
27  42 
24  5 
26  -3 
-34  12 
-12  15 
56  14 
9  2 
15  15 
-24  25 
7  -3 
-25  -9 
-28  8 
10  -6 
12  22 
15  19 
4  13 
9  -2 
-5  30 
-1  18 
4  -30 
35  17 
5  42 
-25  23 
41  33 
-11  26 
-36  40 
20  16 
6  13 
28  -2 
6  -13 
-17  10 
17  -16 
-35  -5 
29  -24 
40  48 
5  -9 
5  -33 
-7  47 
0  -5 
-48  23 
1  -66 
6  35 
-38  18 
34  0 
8  30 
28  -17 
-9  7 
24  -4 
22  -34 
51  20 
19  -26 
-9  22 
-3  16 
-21  64 
-2  -23 
13  -42 
2  17 
-1  5 
41  49 
-48  38 
24  55 
0  44 
20  21 
11  -16 
61  41 
-14  11 
10  2 
9  19 
-55  -6 
-1  -5 
34  77 
48  11 
18  5 
17  1 
-27  6 
34  -7 
-15  16 
-3  -23 
44  44 
-38  -1 
92  32 
16  4 
-4  5 
4  25 
3  -15 
50  -13 
-45  -11 
57  36 
48  15 
43  6 
51  20 
40  7 
65  8 
11  67 
19  9 
11  -25 
2  -8 
33  22 
-26  -8 
4  41 
9  26 
24  15 
-31  70 
-7  74 
-8  23 
-25  45 
57  -9 
-8  -2 
21  15 
22  9 
22  -2 
29  54 
-6  22 
23  -30 
20  57 
-25  50 
-32  51 
-3  44 
17  -14 
35  20 
22  6 
-21  35 
24  40 
33  -20 
29  43 
22  4 
27  1 
-34  13 
-13  11 
56  14 
5  3 
15  15 
-26  24 
6  -6 
-28  -5 
-32  9 
10  -6 
12  21 
14  21 
0  15 
12  -3 
-9  29 
-3  19 
4  -27 
35  19 
4  44 
-30  21 
41  29 
-14  26 
-36  38 
19  14 
4  16 
27  3 
7  -11 
-16  10 
18  -10 
-35  -5 
30  -21 
40  48 
1  -10 
7  -35 
-7  46 
0  -9 
-44  22 
1  -69 
11  37 
-35  17 
31  -1 
6  30 
31  -15 
-10  11 
23  -5 
21  -36 
52  22 
18  -27 
-11  21 
-5  17 
-17  64 
-2  -28 
15  -42 
0  16 
1  3 
40  50 
-52  38 
24  54 
-2  45 
18  22 
9  -18 
59  43 
-19  13 
11  4 
6  17 
-52  -6 
-4  -5 
33  78 
45  10 
17  10 
17  1 
-29  8 
31  -4 
-19  16 
-3  -22 
42  37 
-40  1 
95  30 
18  5 
-5  3 
3  26 
6  -15 
51  -13 
-43  -11 
58  37 
49  15 
38  8 
53  14 
38  10 
68  10 
10  67 
15  6 
13  -20 
3  -10 
32  22 
-26  -8 
9  42 
9  26 
24  18 
-35  71 
-4  75 
-4  22 
-25  45 
51  -8 
-10  -2 
22  14 
22  6 
23  -5 
30  55 
-8  23 
24  -27 
22  51 
-25  49 
-28  48 
-6  44 
15  -13 
35  19 
22  3 
-23  36 
25  42 
37  -21 
30  42 
24  10 
29  -1 
-34  13 
-12  9 
56  14 
8  3 
11  18 
-26  22 
8  -6 
-28  -6 
-30  9 
6  -10 
11  20 
15  16 
-1  15 
10  -6 
-6  27 
-1  19 
9  -26 
32  18 
1  41 
-33  22 
40  30 
-13  25 
-36  40 
21  14 
4  15 
23  -1 
5  -15 
-18  20 
19  -11 
-36  -4 
29  -22 
37  47 
2  -11 
8  -34 
-7  46 
1  -4 
-47  22 
2  -68 
8  38 
-41  24 
32  -5 
8  31 
28  -20 
-8  11 
26  -3 
21  -36 
52  21 
19  -26 
-13  26 
-5  15 
-16  65 
-3  -26 
16  -41 
-1  18 
-1  3 
41  49 
-47  35 
22  57 
-1  45 
17  26 
5  -23 
58  43 
-20  11 
10  1 
10  24 
-47  -10 
-3  -8 
35  78 
44  14 
18  12 
17  1 
-28  7 
31  -1 
-23  11 
-4  -23 
42  39 
-40  -1 
99  35 
18  3 
-4  4 
6  33 
9  -17 
50  -11 
-43  -5 
57  37 
48  14 
39  9 
51  10 
42  6 
67  9 
7  65 
12  -2 
16  -20 
4  -9 
29  22 
-30  -13 
6  42 
8  24 
26  17 
-33  71 
2  72 
-9  20 
-23  45 
52  -9 
-10  -2 
21  15 
23  6 
23  -5 
25  55 
-10  25 
25  -26 
24  55 
-27  49 
-27  47 
-5  43 
18  -12 
35  20 
21  1 
-25  37 
26  46 
30  -21 
28  43 
24  10 
29  -3 
-36  13 
-12  10 
56  15 
9  6 
14  18 
-27  22 
7  -6 
-25  -11 
-29  13 
7  -13 
8  15 
15  15 
-1  14 
9  -5 
-9  25 
-1  18 
13  -25 
29  18 
-2  42 
-33  23 
41  36 
-13  26 
-39  45 
21  12 
6  10 
22  0 
8  -14 
-20  19 
20  -10 
-33  1 
29  -26 
40  47 
2  -11 
8  -31 
-7  46 
0  -8 
-43  24 
0  -69 
4  37 
-40  24 
31  -2 
7  28 
27  -20 
-5  10 
27  2 
23  -36 
49  19 
16  -27 
-15  27 
-3  16 
-16  64 
-3  -29 
15  -39 
-5  19 
-2  4 
41  49 
-46  33 
24  58 
7  44 
22  23 
2  -23 
58  41 
-19  11 
10  2 
14  23 
-50  -10 
-2  -8 
35  78 
48  13 
17  8 
17  1 
-28  9 
32  2 
-26  10 
-4  -26 
39  39 
-38  -2 
101  37 
17  4 
-5  5 
7  30 
9  -18 
48  -10 
-43  -5 
56  37 
49  14 
39  9 
50  7 
42  6 
70  14 
6  65 
11  -3 
15  -25 
4  -7 
35  23 
-26  -10 
7  41 
12  27 
22  18 
-33  74 
2  74 
-10  18 
-22  52 
51  -8 
-3  -3 
21  16 
20  7 
23  -10 
24  55 
-12  22 
24  -22 
23  55 
-28  51 
-26  47 
1  45 
15  -12 
35  18 
18  -1 
-28  38 
29  45 
32  -18 
29  41 
24  11 
28  -1 
-37  14 
-11  9 
56  11 
13  7 
11  18 
-25  20 
7  -9 
-27  -11 
-28  15 
7  -15 
8  15 
21  13 
-1  10 
6  -3 
-12  29 
-1  18 
17  -27 
25  19 
-1  44 
-36  25 
42  32 
-12  26 
-40  41 
24  10 
7  6 
27  2 
8  -13 
-17  21 
20  -10 
-31  -2 
28  -23 
40  48 
-3  -12 
10  -31 
-8  48 
0  -7 
-46  24 
4  -68 
1  31 
-41  19 
30  -3 
5  31 
24  -26 
-3  3 
29  3 
24  -36 
51  19 
14  -31 
-15  30 
-7  18 
-12  63 
-7  -30 
14  -40 
-5  19 
-1  1 
43  46 
-46  33 
24  56 
4  46 
22  19 
5  -18 
59  42 
-18  11 
10  2 
14  22 
-48  -8 
-3  -6 
36  80 
48  12 
17  10 
17  1 
-25  10 
32  3 
-26  12 
-4  -26 
37  36 
-38  3 
100  37 
17  4 
-2  5 
7  26 
9  -18 
46  -15 
-44  -9 
53  34 
51  18 
35  10 
48  9 
43  6 
64  15 
0  61 
8  -3 
12  -26 
5  -10 
35  23 
-31  -16 
-2  39 
19  25 
21  13 
-33  74 
1  75 
-11  17 
-23  55 
46  -8 
-4  -5 
19  15 
20  7 
24  -10 
23  57 
-12  23 
22  -23 
25  54 
-28  52 
-25  45 
-2  42 
17  -6 
35  15 
17  -1 
-29  36 
30  42 
33  -18 
27  41 
20  12 
30  -1 
-41  14 
-13  11 
57  10 
16  7 
7  17 
-24  19 
8  -9 
-30  -11 
-24  17 
4  -15 
8  15 
22  12 
-1  9 
3  2 
-12  32 
-2  17 
16  -20 
23  24 
-2  43 
-38  24 
41  32 
-12  24 
-41  39 
24  11 
1  5 
27  0 
8  -14 
-21  23 
18  -10 
-28  -1 
25  -23 
42  46 
-3  -12 
13  -34 
-12  50 
-3  -9 
-47  18 
6  -70 
1  29 
-41  18 
37  -4 
7  29 
29  -26 
-6  4 
31  7 
23  -41 
50  18 
10  -26 
-13  25 
-12  19 
-13  62 
-9  -28 
13  -40 
-3  26 
-3  3 
46  46 
-46  34 
24  54 
3  47 
25  22 
8  -20 
56  44 
-19  16 
9  -2 
12  21 
-45  -11 
-3  -3 
34  77 
48  13 
18  8 
17  1 
-26  13 
31  -1 
-25  12 
-6  -28 
37  32 
-37  0 
101  36 
17  4 
-1  -1 
7  25 
9  -18 
48  -11 
-43  -10 
51  37 
53  17 
33  9 
50  10 
42  6 
64  15 
-1  64 
12  -4 
12  -28 
2  -4 
31  20 
-37  -16 
-1  38 
23  21 
22  11 
-36  74 
5  76 
-13  21 
-21  55 
46  -8 
-4  -6 
20  17 
20  7 
23  -10 
28  57 
-8  29 
22  -22 
26  58 
-26  50 
-27  47 
0  44 
21  -7 
33  22 
12  2 
-27  30 
28  42 
32  -19 
30  41 
20  13 
26  0 
-41  14 
-14  6 
56  7 
13  6 
9  21 
-28  18 
11  -13 
-30  -9 
-23  17 
4  -15 
8  15 
20  11 
-1  9 
3  -1 
-11  30 
-5  18 
14  -17 
23  26 
1  44 
-35  25 
40  30 
-12  24 
-41  42 
27  11 
-2  3 
29  3 
9  -14 
-18  23 
17  -5 
-29  -1 
24  -21 
41  47 
-3  -12 
12  -33 
-10  48 
-2  -10 
-47  19 
4  -70 
1  29 
-36  24 
37  -8 
5  27 
32  -25 
-9  5 
30  9 
24  -42 
53  20 
10  -22 
-14  29 
-14  25 
-14  61 
-11  -23 
9  -42 
-2  25 
-7  3 
52  46 
-47  35 
21  51 
2  49 
25  22 
11  -22 
55  43 
-16  12 
15  -1 
7  26 
-45  -11 
-3  -4 
32  83 
48  13 
18  8 
17  1 
-27  14 
30  2 
-26  17 
-5  -29 
34  40 
-38  0 
97  35 
17  5 
-1  -2 
6  24 
13  -17 
49  -6 
-45  -15 
53  38 
55  16 
35  15 
46  10 
43  6 
66  12 
-1  67 
11  0 
14  -28 
1  1 
32  23 
-36  -14 
-4  37 
22  18 
22  12 
-40  72 
8  77 
-15  22 
-20  56 
50  -1 
-2  -8 
21  15 
20  8 
23  -10 
25  54 
-6  29 
22  -21 
26  53 
-21  49 
-28  49 
-1  41 
24  -3 
32  22 
11  1 
-27  31 
27  42 
35  -22 
30  41 
20  10 
29  2 
-40  15 
-9  4 
56  4 
13  6 
9  23 
-31  18 
8  -14 
-31  -11 
-25  19 
2  -14 
11  12 
21  16 
0  11 
6  -2 
-13  25 
-3  19 
14  -16 
24  25 
-1  43 
-31  26 
41  29 
-12  23 
-38  44 
28  11 
-3  4 
27  1 
2  -17 
-13  20 
17  -9 
-32  -5 
23  -25 
40  47 
-7  -13 
10  -33 
-11  44 
-3  -12 
-48  15 
12  -69 
1  32 
-37  22 
33  -11 
4  24 
29  -25 
-8  7 
37  10 
24  -42 
56  19 
6  -23 
-9  27 
-17  24 
-17  61 
-8  -19 
11  -41 
-2  25 
-5  4 
50  42 
-50  34 
25  51 
2  49 
26  21 
8  -21 
59  39 
-16  10 
18  -1 
7  26 
-47  -10 
-3  -7 
33  80 
44  13 
15  9 
17  -3 
-30  18 
35  3 
-32  18 
-6  -27 
44  40 
-40  1 
99  34 
18  5 
0  -3 
1  25 
11  -20 
48  -7 
-47  -13 
47  36 
61  16 
35  10 
48  9 
42  6 
66  12 
-1  69 
12  -2 
16  -26 
2  -1 
32  22 
-37  -13 
-7  43 
22  17 
19  13 
-39  71 
4  73 
-16  25 
-20  55 
53  2 
-6  -8 
21  14 
21  9 
23  -10 
25  56 
-7  30 
23  -20 
27  57 
-22  48 
-28  47 
2  43 
30  -2 
32  23 
9  3 
-25  29 
23  41 
35  -23 
32  40 
25  11 
28  3 
-41  15 
-11  4 
57  4 
9  8 
9  25 
-30  9 
5  -13 
-31  -10 
-25  15 
3  -12 
8  10 
24  15 
0  10 
-2  3 
-18  20 
-5  18 
15  -17 
29  26 
-1  43 
-34  29 
40  31 
-9  25 
-45  45 
27  11 
-4  5 
29  -2 
1  -16 
-11  21 
16  -3 
-34  0 
24  -26 
40  47 
-4  -12 
7  -33 
-12  42 
-3  -10 
-52  11 
15  -67 
1  33 
-39  23 
32  -8 
3  24 
31  -24 
-7  6 
39  10 
24  -44 
59  20 
4  -28 
-10  27 
-17  26 
-13  61 
-10  -18 
11  -41 
-1  24 
-6  4 
51  46 
-52  35 
22  51 
2  49 
27  22 
11  -25 
61  42 
-15  10 
19  -1 
7  25 
-49  -13 
-4  -5 
31  78 
49  14 
13  9 
20  -4 
-31  17 
34  2 
-28  15 
-3  -34 
48  38 
-41  2 
100  30 
19  9 
3  -6 
-2  30 
11  -20 
46  -7 
-47  -14 
46  37 
60  16 
31  10 
45  6 
41  9 
66  12 
0  71 
11  -2 
17  -21 
4  -2 
32  23 
-38  -14 
-5  38 
22  17 
16  15 
-37  71 
4  73 
-16  24 
-21  55 
59  -1 
-7  -11 
24  12 
20  13 
23  -10 
26  54 
-10  31 
32  -22 
24  57 
-21  46 
-26  47 
-1  38 
31  -1 
33  22 
9  3 
-25  30 
22  41 
37  -24 
34  44 
26  10 
28  3 
-39  15 
-10  2 
57  4 
7  11 
15  24 
-33  10 
7  -15 
-29  -13 
-27  18 
-3  -14 
7  9 
24  14 
1  12 
-1  3 
-20  17 
-3  15 
15  -17 
30  21 
-1  45 
-32  30 
42  31 
-10  27 
-45  45 
28  9 
-3  1 
30  -5 
1  -15 
-11  24 
21  -4 
-37  -3 
24  -25 
42  49 
-3  -10 
9  -34 
-13  40 
-2  -8 
-54  6 
14  -67 
-5  29 
-38  20 
28  -6 
4  26 
29  -19 
-11  9 
40  15 
22  -47 
64  20 
4  -30 
-10  30 
-17  26 
-13  61 
-16  -17 
14  -46 
2  23 
-2  8 
49  42 
-51  34 
21  51 
0  48 
28  24 
10  -26 
61  43 
-15  10 
21  4 
7  27 
-47  -13 
-5  -3 
28  75 
45  14 
14  9 
16  -6 
-26  22 
38  3 
-28  12 
-2  -35 
48  37 
-40  4 
100  30 
19  9 
4  -6 
1  33 
13  -22 
46  -8 
-47  -14 
44  37 
59  19 
27  9 
50  2 
42  11 
68  15 
0  71 
14  -7 
13  -19 
4  -2 
32  21 
-44  -16 
-5  38 
22  17 
17  15 
-43  74 
4  73 
-18  20 
-22  55 
59  2 
-8  -12 
24  10 
19  14 
23  -10 
22  58 
-10  29 
32  -22 
22  59 
-23  44 
-27  47 
-4  39 
31  -3 
35  24 
11  4 
-27  30 
25  42 
38  -28 
35  45 
25  11 
29  4 
-37  14 
-6  -1 
58  3 
8  14 
17  23 
-34  9 
8  -14 
-29  -13 
-31  17 
-1  -15 
5  3 
20  15 
0  13 
-2  5 
-23  17 
-7  9 
14  -16 
29  21 
-1  44 
-34  30 
42  32 
-8  29 
-43  46 
31  10 
-3  1 
26  -3 
4  -15 
-8  27 
20  -6 
-29  -1 
25  -24 
41  49 
-5  -9 
9  -31 
-16  35 
1  -9 
-52  7 
14  -68 
-8  32 
-42  22 
25  -3 
3  24 
30  -19 
-13  6 
37  16 
21  -46 
59  21 
4  -29 
-12  30 
-14  26 
-13  62 
-16  -14 
13  -46 
4  24 
-2  8 
49  48 
-51  34 
21  52 
0  47 
29  25 
10  -26 
69  43 
-16  12 
22  1 
7  25 
-45  -11 
-7  -1 
33  75 
46  22 
17  10 
15  -5 
-28  22 
37  -1 
-30  10 
0  -32 
51  36 
-39  4 
97  30 
20  10 
5  -9 
3  34 
13  -26 
44  -5 
-48  -13 
45  36 
59  18 
27  7 
49  3 
39  9 
68  18 
0  71 
14  -8 
11  -20 
6  -2 
32  18 
-48  -18 
-4  40 
25  14 
21  16 
-42  79 
1  75 
-18  18 
-20  55 
59  -3 
-9  -15 
24  11 
18  13 
24  -7 
22  57 
-13  31 
35  -22 
18  63 
-23  48 
-28  49 
-5  39 
27  0 
38  18 
11  7 
-27  30 
22  41 
38  -30 
34  44 
24  10 
28  3 
-39  12 
-5  -5 
63  4 
8  10 
14  20 
-32  11 
9  -14 
-29  -16 
-28  15 
-2  -15 
6  5 
20  17 
-3  12 
-5  5 
-21  14 
-5  9 
11  -18 
28  14 
2  40 
-34  30 
42  34 
-9  33 
-45  43 
32  8 
-3  1 
26  -6 
4  -16 
-13  30 
20  -1 
-29  -4 
24  -24 
41  49 
-3  -11 
7  -31 
-14  37 
-3  -9 
-53  6 
14  -67 
-8  31 
-40  21 
26  1 
3  25 
29  -19 
-15  8 
38  15 
24  -39 
63  21 
5  -25 
-14  32 
-12  29 
-13  61 
-17  -14 
18  -48 
4  25 
-3  4 
48  47 
-49  39 
20  56 
-1  44 
32  23 
8  -25 
69  45 
-17  10 
19  2 
8  26 
-45  -10 
-7  0 
30  69 
43  17 
20  7 
15  -7 
-27  18 
38  -3 
-34  9 
-7  -34 
51  37 
-41  5 
97  34 
20  11 
5  -10 
4  35 
15  -24 
41  -9 
-49  -13 
47  41 
59  18 
24  4 
48  -2 
40  13 
72  21 
0  70 
14  -8 
15  -22 
11  -1 
33  14 
-47  -11 
-3  37 
25  14 
19  14 
-41  79 
1  73 
-19  23 
-19  56 
54  -6 
-8  -14 
24  14 
16  17 
24  -4 
22  57 
-11  30 
35  -21 
21  65 
-21  50 
-27  50 
-3  39 
26  -3 
38  12 
8  11 
-25  31 
23  47 
42  -28 
33  43 
24  12 
25  0 
-34  12 
-4  -6 
58  8 
11  16 
12  18 
-32  13 
9  -14 
-27  -14 
-29  17 
0  -13 
7  8 
22  18 
-7  11 
-4  4 
-19  12 
-5  9 
9  -19 
32  12 
-2  44 
-36  30 
41  29 
-9  32 
-46  43 
35  5 
-4  2 
29  -2 
5  -25 
-12  30 
26  2 
-30  -1 
24  -22 
42  49 
-1  -11 
6  -32 
-12  42 
-3  -10 
-56  5 
14  -67 
-6  29 
-42  17 
27  2 
3  24 
33  -18 
-12  6 
39  15 
25  -37 
64  20 
4  -23 
-15  31 
-11  28 
-12  57 
-19  -13 
15  -47 
5  22 
-4  -1 
49  49 
-48  35 
20  57 
-1  42 
28  23 
8  -25 
66  45 
-14  10 
17  4 
11  25 
-45  -5 
-9  0 
30  69 
43  17 
22  6 
15  -10 
-30  21 
37  -4 
-33  6 
-7  -33 
50  34 
-41  3 
100  33 
23  10 
6  -10 
4  36 
17  -23 
42  -8 
-50  -9 
48  43 
59  20 
23  1 
46  6 
44  13 
71  22 
1  70 
14  -8 
12  -26 
13  3 
35  18 
-47  -11 
-4  37 
21  13 
21  12 
-40  81 
-3  76 
-16  20 
-20  52 
50  -6 
-8  -13 
29  16 
17  18 
24  -3 
24  64 
-7  28 
32  -17 
18  65 
-22  50 
-27  50 
-14  38 
25  -6 
39  15 
8  9 
-23  28 
27  45 
44  -26 
32  42 
25  15 
26  0 
-34  14 
-3  -5 
57  10 
8  11 
8  15 
-34  12 
8  -14 
-27  -14 
-32  19 
-2  -14 
9  14 
27  21 
-2  11 
-5  3 
-16  12 
-4  8 
9  -18 
31  13 
-6  44 
-36  30 
40  30 
-7  34 
-49  45 
32  -2 
1  5 
32  -3 
5  -23 
-10  29 
31  0 
-29  -2 
22  -21 
41  49 
-1  -11 
3  -34 
-11  46 
-2  -8 
-62  3 
14  -67 
-5  30 
-41  19 
28  0 
3  22 
32  -19 
-13  9 
42  17 
20  -36 
59  24 
6  -23 
-17  35 
-12  27 
-9  59 
-20  -13 
18  -52 
4  25 
-7  -1 
47  50 
-48  35 
21  56 
-2  42 
27  22 
8  -27 
67  46 
-13  8 
14  2 
4  26 
-47  -2 
-11  -2 
29  68 
40  17 
20  8 
15  -11 
-31  21 
37  -6 
-28  8 
-7  -33 
48  30 
-43  4 
101  34 
22  11 
6  -15 
6  39 
9  -24 
42  -8 
-48  -9 
48  43 
56  19 
22  -2 
49  5 
45  11 
70  18 
0  72 
13  -9 
14  -27 
13  2 
37  16 
-41  -11 
-6  39 
18  10 
20  10 
-41  78 
-3  77 
-13  22 
-20  51 
49  -11 
-7  -14 
25  17 
17  15 
24  -4 
24  65 
-3  29 
32  -17 
16  64 
-17  47 
-25  49 
-12  37 
26  -3 
39  15 
9  8 
-23  30 
27  47 
44  -27 
30  43 
22  14 
28  2 
-35  14 
-1  -6 
58  15 
9  14 
8  14 
-34  13 
8  -13 
-27  -13 
-33  17 
-5  -10 
9  17 
27  20 
-3  11 
-1  5 
-15  10 
-6  10 
9  -14 
30  10 
-6  44 
-34  30 
44  30 
-6  35 
-51  44 
35  1 
1  3 
35  -5 
4  -26 
-8  27 
32  1 
-27  -2 
22  -19 
42  48 
1  -9 
3  -34 
-15  48 
-2  -8 
-59  2 
17  -72 
-8  32 
-41  19 
32  -2 
2  20 
35  -15 
-10  9 
42  17 
21  -33 
67  26 
8  -19 
-17  35 
-12  31 
-7  60 
-16  -16 
13  -50 
2  24 
-5  0 
47  51 
-43  32 
21  56 
-1  43 
30  21 
8  -25 
67  50 
-12  10 
14  0 
6  32 
-49  -1 
-8  -3 
30  68 
36  20 
19  7 
16  -6 
-30  22 
36  -3 
-29  7 
-6  -31 
50  31 
-42  8 
99  35 
26  10 
6  -15 
11  37 
5  -21 
40  -9 
-45  -5 
46  39 
59  18 
22  -2 
49  3 
45  11 
70  18 
1  74 
8  -8 
16  -26 
13  -2 
36  15 
-40  -12 
-5  38 
18  10 
24  10 
-41  79 
-5  79 
-18  21 
-18  54 
49  -10 
-7  -13 
30  22 
15  16 
23  -10 
18  65 
-7  28 
35  -17 
16  65 
-16  44 
-25  50 
-11  38 
25  -3 
38  12 
9  6 
-23  29 
27  50 
37  -25 
27  45 
19  10 
28  -3 
-36  11 
0  -8 
58  17 
10  14 
8  14 
-31  13 
9  -15 
-27  -20 
-34  14 
-5  -11 
11  19 
28  19 
-3  12 
1  3 
-18  9 
-13  7 
10  -11 
26  11 
-6  44 
-32  30 
42  31 
-8  35 
-52  40 
31  0 
2  -1 
33  -4 
4  -24 
-9  24 
32  1 
-29  -4 
25  -18 
42  46 
0  -10 
3  -35 
-11  49 
-4  -11 
-56  5 
17  -70 
-10  31 
-38  20 
32  -6 
0  15 
35  -15 
-12  9 
44  14 
20  -33 
68  26 
7  -19 
-17  35 
-11  28 
-8  56 
-17  -16 
13  -51 
3  26 
-11  -6 
45  45 
-43  34 
28  51 
0  44 
29  21 
8  -25 
66  49 
-8  9 
12  -1 
6  32 
-46  -6 
-6  -7 
32  63 
37  21 
23  7 
14  -8 
-31  22 
37  -4 
-29  7 
-8  -33 
52  32 
-42  8 
101  35 
23  10 
6  -23 
13  35 
4  -24 
41  -11 
-49  -5 
42  37 
57  16 
22  -2 
51  4 
44  13 
75  19 
0  75 
5  -4 
17  -27 
14  4 
39  14 
-40  -13 
-5  35 
14  15 
25  10 
-41  79 
-4  77 
-23  25 
-21  55 
50  -11 
-7  -14 
29  25 
17  17 
20  -8 
15  70 
-7  29 
38  -15 
15  65 
-17  44 
-23  52 
-9  39 
23  -5 
39  13 
6  9 
-24  32 
27  52 
39  -17 
25  43 
17  10 
32  -2 
-40  10 
2  -9 
55  18 
13  7 
10  14 
-32  15 
10  -16 
-26  -20 
-37  18 
-8  -8 
12  22 
28  18 
-6  11 
-1  2 
-18  9 
-13  2 
8  -10 
26  13 
-11  42 
-33  26 
41  31 
-9  36 
-57  39 
31  0 
4  -2 
28  -6 
4  -25 
-8  27 
32  1 
-30  1 
22  -20 
44  46 
1  -10 
6  -38 
-16  50 
-3  -12 
-56  4 
17  -66 
-13  31 
-42  23 
32  -5 
2  12 
35  -11 
-11  10 
44  14 
28  -33 
68  31 
9  -17 
-20  33 
-14  30 
-10  58 
-23  -16 
13  -50 
4  25 
-13  -4 
47  45 
-42  39 
33  54 
8  40 
28  19 
11  -22 
66  45 
-9  7 
11  -3 
9  38 
-42  -8 
-6  -7 
35  63 
36  19 
22  7 
14  -8 
-32  22 
39  -2 
-32  6 
-8  -37 
54  29 
-42  8 
