Created:October-13-2022 
Coverage:21 
N:20 
NUM-IONS:84 
NSTEPS:15000 
WRITE-PERIODICITY:100 
epsilon:1.71 
39  16 
35  9 
21  21 
6  8 
15  16 
23  28 
27  35 
-2  18 
4  11 
25  4 
-17  47 
4  -1 
-15  -13 
-1  11 
-8  -11 
18  12 
-10  31 
45  17 
18  -1 
-2  34 
11  -4 
1  -17 
31  19 
6  7 
5  15 
7  12 
-7  -16 
-19  13 
-2  27 
8  -42 
9  -5 
8  10 
-8  34 
1  -9 
-9  -30 
-15  10 
-22  -16 
47  22 
19  9 
-36  5 
21  18 
-3  15 
12  -4 
20  20 
6  16 
22  38 
-5  23 
-2  6 
9  16 
0  -10 
-11  -2 
-20  5 
27  -17 
20  27 
34  16 
14  31 
15  19 
28  24 
7  25 
-5  11 
16  12 
16  14 
5  0 
24  54 
-21  25 
26  14 
10  27 
19  30 
3  11 
-3  -12 
-11  8 
20  9 
2  19 
-18  33 
23  3 
-11  1 
-27  12 
-5  40 
24  8 
9  24 
24  0 
40  26 
-6  34 
44  -3 
38  16 
37  8 
23  21 
3  11 
13  21 
24  27 
27  33 
-3  17 
7  16 
24  4 
-16  50 
5  0 
-19  -14 
-1  10 
-11  -10 
21  11 
-11  33 
47  18 
20  -1 
-2  34 
9  -4 
3  -17 
31  25 
5  7 
9  14 
1  13 
-3  -19 
-17  10 
0  29 
11  -41 
12  -7 
9  8 
-7  32 
2  -7 
-10  -29 
-15  12 
-19  -19 
45  21 
14  5 
-36  8 
24  18 
-4  18 
13  -6 
18  17 
9  18 
20  40 
-11  26 
-5  7 
13  13 
8  -12 
-11  -1 
-20  8 
28  -18 
21  24 
35  16 
14  32 
18  19 
30  28 
6  24 
-4  12 
12  11 
16  14 
6  -13 
24  54 
-21  29 
27  14 
11  28 
21  36 
4  11 
-3  -11 
-12  10 
19  11 
1  19 
-20  25 
24  1 
-8  -4 
-26  14 
-5  39 
21  8 
11  20 
27  2 
39  27 
-6  36 
43  -3 
36  16 
36  7 
20  23 
3  11 
13  20 
25  27 
28  30 
-2  17 
7  14 
25  4 
-19  50 
4  0 
-26  -18 
-5  12 
-16  -11 
22  13 
-11  34 
45  17 
19  -3 
-2  34 
7  -2 
1  -17 
31  20 
3  8 
11  16 
4  15 
-2  -19 
-19  8 
1  29 
11  -41 
6  -6 
9  11 
-6  36 
-3  -9 
-11  -32 
-14  8 
-15  -21 
41  16 
15  9 
-35  10 
21  18 
-4  20 
14  -6 
19  16 
9  16 
21  39 
-10  28 
-7  10 
12  13 
1  -7 
-14  4 
-22  6 
27  -15 
21  21 
36  18 
20  30 
20  19 
32  22 
7  24 
-4  12 
10  11 
16  13 
7  -11 
24  54 
-21  30 
28  11 
12  29 
20  34 
5  11 
-7  -8 
-11  9 
21  11 
2  17 
-20  25 
27  1 
-8  -4 
-24  14 
-4  41 
23  7 
11  25 
28  2 
38  27 
-5  40 
42  -2 
36  16 
33  5 
18  22 
3  7 
15  20 
26  29 
24  31 
-1  16 
8  10 
26  5 
-20  49 
3  -3 
-27  -19 
-6  12 
-18  -10 
20  10 
-11  34 
52  15 
20  0 
-4  37 
7  -4 
1  -17 
33  12 
1  8 
11  16 
7  13 
-4  -19 
-17  9 
3  28 
11  -41 
7  -8 
10  11 
-6  35 
-4  -14 
-14  -32 
-16  7 
-21  -21 
41  16 
16  7 
-37  11 
18  16 
-4  20 
12  -6 
20  14 
7  14 
23  38 
-6  26 
-7  9 
12  13 
1  -7 
-13  5 
-22  7 
29  -12 
21  21 
38  14 
19  30 
21  18 
31  20 
12  26 
-4  12 
10  13 
17  14 
8  -11 
26  54 
-16  29 
29  10 
13  24 
25  32 
1  11 
-6  -9 
-7  10 
17  8 
5  20 
-19  24 
29  1 
-8  -4 
-24  14 
-2  39 
25  4 
10  28 
26  4 
32  29 
-5  39 
40  3 
40  20 
38  6 
16  27 
0  5 
13  18 
30  31 
27  32 
-1  16 
7  9 
28  2 
-22  47 
2  -2 
-27  -19 
-6  12 
-19  -12 
18  11 
-12  38 
56  13 
23  -9 
2  33 
4  -1 
1  -17 
30  13 
1  12 
12  18 
5  14 
-4  -18 
-20  3 
3  30 
11  -37 
7  -7 
9  8 
-7  33 
-3  -15 
-16  -35 
-22  12 
-23  -27 
43  19 
17  8 
-31  14 
14  14 
-5  19 
12  -4 
25  12 
7  19 
23  37 
-2  24 
-5  7 
13  12 
5  -7 
-13  2 
-21  6 
30  -12 
21  19 
38  14 
19  30 
18  19 
32  22 
14  25 
-2  9 
10  12 
16  14 
8  -10 
24  54 
-15  31 
26  8 
9  24 
24  32 
0  14 
-6  -9 
-7  9 
17  11 
4  21 
-17  28 
31  -1 
-8  -6 
-22  16 
-4  37 
26  9 
15  29 
27  5 
32  26 
-4  38 
40  2 
40  20 
36  6 
18  26 
1  5 
12  16 
28  30 
23  28 
-2  19 
6  8 
24  6 
-22  47 
-4  -3 
-25  -21 
-7  12 
-21  -11 
15  8 
-9  39 
56  12 
23  -17 
2  37 
1  -1 
1  -19 
33  13 
0  10 
18  24 
5  12 
-2  -19 
-20  3 
3  27 
13  -36 
7  -6 
6  14 
-8  34 
-5  -20 
-16  -40 
-19  11 
-21  -25 
47  16 
22  12 
-31  14 
14  16 
-5  18 
11  -3 
23  12 
11  16 
23  38 
-4  21 
-9  10 
14  12 
1  -10 
-13  2 
-20  6 
30  -12 
21  16 
37  13 
15  29 
24  17 
31  22 
9  28 
0  9 
12  13 
16  13 
7  -11 
23  51 
-21  31 
27  8 
7  25 
29  36 
1  8 
-6  -9 
-7  9 
18  11 
5  20 
-14  24 
29  4 
-6  -6 
-21  17 
-3  39 
25  11 
16  27 
26  5 
32  25 
0  38 
40  2 
41  19 
33  8 
18  26 
-3  7 
11  16 
32  26 
21  32 
0  20 
5  4 
23  8 
-21  51 
-5  -4 
-25  -21 
-6  12 
-20  -12 
14  2 
-12  38 
58  14 
21  -17 
4  41 
-1  -2 
1  -19 
32  16 
3  12 
18  24 
5  12 
-2  -18 
-22  7 
4  27 
11  -35 
6  -4 
7  16 
-4  38 
-5  -20 
-15  -40 
-17  7 
-21  -25 
45  13 
20  14 
-33  13 
16  14 
-9  20 
12  -1 
21  13 
12  18 
24  40 
-4  22 
-9  10 
16  13 
5  -12 
-11  0 
-24  10 
31  -13 
21  17 
33  14 
20  30 
24  19 
29  17 
9  26 
-3  8 
12  11 
17  13 
7  -8 
23  49 
-22  32 
28  8 
8  22 
27  34 
4  10 
-6  -9 
-11  8 
15  11 
5  19 
-14  24 
25  7 
-6  -4 
-22  17 
-5  43 
26  14 
20  26 
30  4 
33  24 
-4  36 
35  -2 
40  20 
39  10 
19  26 
-4  7 
13  16 
33  29 
25  29 
1  19 
9  9 
23  8 
-18  53 
-7  -7 
-25  -20 
-4  17 
-22  -9 
10  8 
-9  41 
57  14 
22  -17 
3  43 
0  3 
1  -19 
32  15 
2  8 
16  21 
8  11 
-2  -16 
-19  4 
6  27 
11  -35 
5  -3 
7  14 
-1  36 
-4  -18 
-18  -39 
-16  7 
-21  -29 
44  14 
19  15 
-33  13 
15  14 
-9  19 
12  -2 
29  14 
11  16 
23  37 
-2  21 
-10  11 
16  12 
-3  -12 
-10  5 
-15  11 
29  -10 
21  18 
32  14 
20  30 
21  22 
32  16 
9  28 
-2  7 
12  9 
16  18 
7  -8 
25  44 
-24  34 
30  7 
6  24 
23  35 
-3  7 
-6  -9 
-12  10 
14  12 
4  18 
-14  28 
27  11 
-6  -4 
-25  16 
-7  44 
22  10 
20  25 
32  2 
34  25 
-2  34 
34  -6 
41  19 
42  12 
16  27 
-6  6 
11  17 
28  28 
23  30 
1  16 
11  10 
23  8 
-17  47 
-8  -7 
-25  -20 
-3  19 
-15  -9 
15  8 
-9  39 
56  14 
22  -18 
4  45 
1  4 
3  -23 
34  12 
0  8 
22  20 
9  8 
0  -17 
-19  8 
6  28 
10  -35 
5  0 
11  16 
-5  38 
-4  -19 
-16  -42 
-14  7 
-19  -30 
46  14 
19  17 
-37  12 
14  16 
-8  18 
12  -1 
23  11 
9  14 
22  38 
-1  19 
-13  12 
16  12 
-1  -5 
-7  5 
-16  14 
27  -15 
21  15 
32  16 
21  33 
20  22 
27  18 
10  29 
-2  6 
20  9 
15  19 
3  -15 
29  41 
-24  33 
33  8 
6  24 
28  36 
-3  8 
-6  -9 
-13  14 
13  9 
4  20 
-23  29 
28  10 
-7  -8 
-24  16 
-6  42 
21  11 
19  26 
36  2 
35  27 
-2  34 
38  -3 
44  20 
42  13 
12  29 
-7  5 
12  18 
27  29 
21  32 
3  17 
11  10 
21  8 
-17  43 
-7  -7 
-27  -19 
-3  17 
-15  -8 
10  11 
-12  42 
54  15 
28  -22 
6  44 
3  7 
5  -23 
34  12 
1  10 
21  14 
9  10 
2  -22 
-18  12 
6  28 
4  -35 
0  3 
11  16 
-4  38 
-4  -19 
-13  -38 
-11  8 
-24  -28 
47  13 
16  13 
-32  10 
14  16 
-9  19 
10  7 
24  7 
12  13 
21  39 
-5  20 
-13  12 
18  11 
0  -6 
-10  5 
-11  15 
25  -16 
23  10 
33  12 
21  33 
21  21 
26  16 
9  34 
-3  11 
23  8 
15  19 
4  -14 
29  41 
-23  34 
28  11 
0  22 
29  39 
-5  7 
-6  -9 
-16  14 
13  8 
5  19 
-24  27 
30  13 
-10  -5 
-24  20 
-2  46 
26  14 
21  24 
38  1 
38  29 
-4  34 
39  -4 
44  20 
46  7 
11  28 
-10  8 
13  21 
29  28 
25  32 
1  16 
11  10 
25  7 
-17  43 
-6  -6 
-29  -21 
-6  16 
-17  -9 
10  11 
-12  42 
56  13 
29  -19 
7  41 
4  5 
8  -24 
32  15 
0  10 
24  14 
8  10 
-2  -21 
-19  11 
3  27 
7  -35 
1  1 
16  18 
-3  37 
-3  -19 
-13  -40 
-5  4 
-24  -28 
46  14 
15  16 
-35  13 
16  16 
-8  22 
9  9 
21  2 
12  18 
18  38 
-5  20 
-13  12 
17  8 
1  -1 
-10  -3 
-11  14 
26  -16 
26  8 
39  10 
22  32 
27  24 
31  18 
7  34 
-1  16 
25  4 
15  19 
9  -14 
29  36 
-22  34 
29  10 
2  18 
29  44 
-8  10 
-8  -6 
-19  13 
12  8 
5  21 
-22  26 
30  13 
-8  -4 
-24  21 
-2  47 
23  17 
23  28 
38  1 
41  32 
-5  34 
38  -3 
47  22 
48  4 
9  28 
-13  12 
13  21 
23  27 
25  31 
7  18 
11  10 
23  9 
-18  37 
-4  -7 
-29  -21 
-5  14 
-17  -9 
7  13 
-11  41 
55  11 
29  -25 
4  40 
4  7 
9  -24 
34  14 
3  8 
26  14 
16  7 
-2  -21 
-22  11 
0  25 
12  -38 
0  3 
19  17 
-11  37 
-4  -19 
-13  -40 
-7  5 
-21  -30 
45  12 
17  17 
-38  9 
16  10 
-14  23 
6  7 
20  2 
12  16 
19  36 
-4  20 
-10  11 
12  8 
0  0 
-9  -3 
-13  14 
26  -16 
26  8 
37  11 
21  32 
29  24 
33  20 
4  31 
-2  17 
17  8 
15  19 
10  -17 
31  36 
-22  34 
28  10 
3  17 
30  45 
-10  7 
-6  -9 
-20  11 
6  9 
2  20 
-22  26 
30  13 
-8  -7 
-25  21 
-2  47 
21  17 
25  27 
38  1 
41  30 
-4  32 
37  -4 
45  20 
41  1 
3  28 
-12  11 
13  20 
20  27 
26  23 
10  15 
12  9 
22  13 
-19  34 
-4  -7 
-29  -18 
-4  14 
-20  -6 
6  14 
-13  44 
63  9 
32  -24 
4  38 
8  2 
5  -27 
37  15 
3  11 
24  14 
19  8 
0  -20 
-23  8 
-3  31 
12  -38 
1  3 
19  16 
-11  41 
-4  -20 
-11  -38 
-10  4 
-17  -30 
47  16 
15  19 
-39  8 
19  11 
-13  22 
9  8 
20  6 
11  17 
20  39 
-5  20 
-10  8 
13  10 
-2  -1 
-10  -9 
-9  16 
25  -16 
26  7 
38  11 
23  32 
25  19 
31  19 
5  32 
4  20 
18  6 
14  25 
9  -16 
31  41 
-22  34 
26  8 
1  17 
33  49 
-5  7 
-6  -8 
-22  7 
12  6 
1  16 
-18  27 
29  14 
-6  -9 
-27  25 
-4  47 
23  17 
25  27 
38  1 
39  30 
-3  27 
36  2 
45  21 
41  1 
5  27 
-11  8 
10  23 
23  27 
26  24 
10  13 
8  10 
16  10 
-22  31 
-4  -6 
-29  -13 
-8  15 
-18  -9 
4  15 
-13  44 
65  4 
32  -24 
2  38 
9  4 
10  -21 
37  17 
3  10 
24  14 
17  15 
-1  -23 
-20  10 
2  29 
12  -38 
1  4 
19  16 
-8  46 
-5  -20 
-16  -32 
-9  0 
-21  -30 
47  9 
15  19 
-38  7 
25  11 
-13  20 
12  9 
20  5 
9  16 
21  37 
-4  18 
-13  5 
10  8 
-2  -1 
-8  -10 
-10  11 
23  -19 
26  7 
41  10 
25  34 
26  25 
33  20 
6  34 
3  23 
16  3 
16  27 
5  -18 
31  39 
-22  36 
33  8 
1  16 
33  50 
-2  6 
-8  -6 
-22  7 
11  8 
-2  14 
-20  23 
27  13 
-6  -9 
-27  27 
-3  48 
24  20 
24  26 
38  1 
42  26 
3  28 
36  1 
45  19 
42  3 
4  24 
-12  7 
10  24 
23  25 
27  22 
5  12 
6  8 
18  8 
-21  31 
-8  -4 
-34  -11 
-11  15 
-19  -10 
3  15 
-11  41 
61  7 
25  -23 
2  39 
6  -2 
9  -24 
39  16 
5  11 
21  8 
18  16 
-2  -21 
-20  9 
4  34 
10  -32 
1  2 
21  13 
-7  45 
-5  -20 
-15  -34 
-12  4 
-19  -28 
39  10 
15  16 
-39  9 
23  11 
-11  18 
12  11 
20  5 
3  19 
22  37 
-9  19 
-13  5 
11  8 
-6  -4 
-9  -10 
-11  8 
27  -16 
24  7 
42  12 
27  32 
29  24 
35  18 
6  34 
3  23 
17  1 
16  27 
5  -20 
32  42 
-24  34 
32  8 
-1  15 
32  44 
-2  7 
-8  -7 
-29  5 
8  10 
-4  13 
-19  21 
25  14 
-7  -11 
-30  27 
-3  48 
21  19 
25  24 
38  1 
43  27 
4  28 
35  8 
45  19 
41  3 
7  24 
-12  8 
13  25 
23  27 
28  19 
9  14 
9  4 
16  7 
-21  31 
-8  -2 
-36  -13 
-8  13 
-19  -8 
5  13 
-11  37 
62  7 
21  -23 
2  40 
7  0 
4  -25 
45  10 
0  10 
20  9 
16  13 
-4  -22 
-21  10 
3  31 
13  -36 
5  4 
19  15 
-8  42 
-5  -20 
-17  -32 
-12  2 
-19  -32 
37  9 
14  14 
-32  7 
19  9 
-12  18 
6  14 
20  5 
0  23 
16  40 
-9  19 
-13  5 
13  8 
-6  -4 
-9  -4 
-10  13 
27  -18 
18  7 
41  11 
27  33 
24  21 
37  17 
7  36 
3  23 
17  1 
17  27 
4  -20 
28  43 
-22  34 
34  9 
3  17 
35  48 
-2  6 
-6  -9 
-28  5 
6  8 
-3  15 
-19  21 
24  12 
-7  -11 
-25  29 
-3  48 
23  18 
28  24 
38  1 
38  31 
1  33 
30  5 
45  20 
41  4 
5  24 
-10  7 
12  26 
24  25 
27  22 
12  16 
11  6 
12  9 
-24  30 
-5  0 
-34  -13 
-8  13 
-18  -7 
6  8 
-11  36 
63  10 
19  -23 
-6  36 
7  3 
5  -29 
43  7 
0  8 
19  8 
16  13 
-4  -22 
-22  7 
4  31 
14  -35 
3  8 
20  20 
-9  45 
-9  -21 
-18  -30 
-12  2 
-18  -28 
36  12 
12  14 
-31  8 
17  8 
-9  16 
6  14 
21  2 
0  26 
16  42 
-9  22 
-11  4 
15  7 
-2  -1 
-11  -6 
-10  11 
24  -13 
20  5 
41  8 
27  32 
23  18 
39  16 
7  36 
3  23 
16  1 
16  27 
1  -21 
30  38 
-22  36 
41  9 
1  16 
36  46 
-2  6 
-6  -9 
-27  4 
10  8 
-2  14 
-19  21 
23  12 
-5  -11 
-29  30 
-3  46 
23  17 
17  30 
38  -3 
38  31 
3  31 
30  3 
46  15 
41  2 
7  23 
-11  8 
13  24 
25  24 
31  28 
11  16 
10  4 
15  8 
-22  31 
-5  -2 
-36  -13 
-7  13 
-20  -9 
5  11 
-12  37 
67  13 
23  -23 
-2  34 
8  3 
5  -25 
44  5 
1  6 
23  8 
17  17 
-6  -28 
-22  8 
1  32 
13  -35 
6  4 
24  18 
-9  45 
-6  -25 
-15  -28 
-12  4 
-19  -27 
36  12 
12  14 
-30  13 
15  9 
-13  18 
5  14 
20  3 
1  30 
16  40 
-8  22 
-14  3 
13  8 
-3  1 
-11  -6 
-12  10 
21  -9 
19  6 
43  7 
27  32 
24  20 
36  17 
7  36 
1  23 
15  0 
17  27 
0  -20 
30  42 
-24  33 
37  8 
1  17 
35  47 
-3  9 
-6  -9 
-27  3 
10  11 
-3  14 
-16  29 
24  14 
-7  -10 
-31  29 
0  45 
24  21 
20  30 
38  -2 
39  29 
6  27 
29  4 
46  16 
41  3 
7  20 
-12  8 
13  25 
21  21 
31  27 
12  16 
15  9 
12  5 
-21  30 
-9  -1 
-32  -18 
-8  13 
-20  -17 
2  13 
-11  37 
66  14 
29  -22 
-2  34 
7  4 
10  -24 
45  12 
1  10 
23  8 
20  14 
-8  -26 
-17  7 
-4  33 
14  -35 
4  -2 
25  20 
-9  45 
-7  -24 
-17  -29 
-11  1 
-19  -28 
34  11 
13  12 
-30  11 
14  6 
-13  22 
1  19 
21  4 
3  25 
18  41 
-11  24 
-16  7 
11  8 
-5  0 
-10  -7 
-11  11 
19  -9 
20  5 
45  7 
29  26 
24  20 
34  16 
7  32 
7  25 
11  -4 
19  25 
-2  -21 
28  39 
-24  32 
48  10 
-2  18 
38  47 
-8  9 
-3  -5 
-27  1 
9  9 
-6  14 
-19  28 
27  13 
-11  -12 
-32  31 
0  51 
19  18 
20  30 
41  -4 
38  32 
6  27 
30  3 
48  18 
40  5 
7  22 
-17  9 
13  24 
21  22 
28  30 
9  15 
17  10 
13  5 
-22  31 
-5  -1 
-33  -20 
-8  16 
-19  -19 
2  13 
-13  38 
67  13 
29  -24 
-4  33 
7  3 
7  -26 
43  15 
3  10 
22  7 
21  13 
-8  -27 
-14  4 
-4  34 
13  -40 
0  0 
24  13 
-9  45 
-7  -26 
-17  -32 
-11  1 
-19  -29 
34  11 
12  11 
-30  11 
16  7 
-12  22 
2  18 
23  3 
5  24 
15  40 
-11  24 
-20  9 
8  8 
-5  -2 
-9  -10 
-15  11 
18  -14 
20  3 
44  7 
29  28 
25  20 
34  16 
5  30 
6  23 
11  -4 
21  28 
-4  -24 
21  36 
-24  32 
48  7 
-2  17 
37  48 
-7  10 
-3  -6 
-27  -2 
6  8 
-6  14 
-14  27 
27  12 
-15  -23 
-44  26 
-3  49 
16  21 
21  32 
43  -3 
38  32 
11  27 
30  4 
51  19 
32  9 
9  23 
-18  13 
11  25 
21  24 
28  30 
8  22 
16  7 
15  7 
-24  34 
-4  1 
-31  -20 
-10  16 
-20  -15 
7  13 
-15  41 
70  11 
29  -21 
-6  35 
9  1 
2  -28 
47  16 
0  9 
18  7 
18  16 
-7  -28 
-16  8 
-4  36 
12  -41 
1  -1 
29  18 
-8  45 
-11  -26 
-19  -30 
-16  4 
-20  -30 
33  18 
10  7 
-32  11 
17  8 
-8  22 
1  16 
21  2 
6  24 
18  44 
-14  23 
-22  6 
7  10 
-4  -7 
-9  -10 
-15  12 
17  -13 
22  1 
39  16 
29  30 
24  20 
34  14 
5  30 
10  24 
12  -2 
21  33 
-6  -24 
27  38 
-24  32 
49  8 
-1  19 
43  49 
-7  4 
-4  -2 
-25  0 
3  11 
-2  17 
-14  27 
25  8 
-18  -21 
-51  24 
-3  50 
20  20 
19  31 
46  -2 
38  31 
4  31 
32  6 
50  23 
33  8 
7  24 
-14  14 
11  25 
22  30 
27  28 
7  25 
17  11 
12  9 
-26  36 
-2  1 
-31  -22 
-9  16 
-21  -11 
7  13 
-11  44 
70  13 
29  -24 
-6  32 
9  1 
-2  -29 
46  16 
-3  9 
18  6 
18  17 
-6  -26 
-16  8 
-4  38 
9  -38 
-2  -1 
25  20 
-7  44 
-11  -26 
-18  -27 
-15  4 
-16  -34 
32  16 
7  10 
-29  8 
17  7 
-8  22 
1  13 
21  1 
10  28 
14  42 
-13  22 
-22  7 
7  12 
-4  -8 
-8  -9 
-16  14 
17  -17 
23  4 
35  16 
31  30 
24  20 
32  14 
0  31 
4  21 
16  -6 
21  30 
-10  -22 
27  38 
-21  31 
55  6 
-1  15 
40  49 
-4  7 
-4  0 
-24  1 
5  11 
-3  14 
-14  28 
26  4 
-14  -25 
-50  24 
0  50 
19  18 
23  31 
47  0 
39  30 
5  34 
35  9 
52  22 
34  8 
9  20 
-13  14 
10  28 
23  29 
26  27 
7  25 
18  7 
13  10 
-26  31 
-4  1 
-33  -22 
-6  16 
-23  -12 
5  10 
-11  46 
70  12 
29  -24 
-6  32 
7  2 
-1  -30 
46  16 
-1  6 
20  2 
20  19 
-8  -26 
-17  8 
0  34 
13  -35 
2  1 
20  20 
-9  45 
-12  -24 
-17  -28 
-11  1 
-12  -30 
31  16 
9  10 
-28  9 
17  7 
-9  17 
-3  15 
21  -3 
12  28 
13  44 
-9  22 
-22  6 
7  13 
-4  -8 
-10  -9 
-16  14 
16  -13 
24  6 
38  16 
31  30 
21  16 
34  14 
1  28 
9  19 
16  -6 
23  27 
-11  -22 
29  34 
-19  32 
55  8 
2  13 
45  51 
-7  8 
-4  -2 
-27  -1 
4  7 
-2  14 
-11  28 
26  4 
-14  -26 
-50  24 
-2  51 
23  17 
21  33 
45  0 
41  31 
5  32 
36  10 
52  22 
30  8 
9  16 
-13  16 
9  24 
26  27 
24  27 
3  23 
19  9 
10  7 
-26  32 
-5  0 
-33  -22 
-6  16 
-20  -10 
8  11 
-10  51 
72  13 
31  -24 
-6  31 
1  1 
0  -29 
49  18 
3  7 
20  2 
22  17 
-8  -25 
-16  4 
-4  34 
13  -36 
1  2 
18  19 
-10  43 
-11  -21 
-19  -32 
-12  2 
-16  -27 
31  17 
9  10 
-28  9 
11  5 
-8  16 
-6  14 
24  0 
9  28 
16  46 
-9  21 
-19  11 
6  14 
-4  -9 
-16  -9 
-15  12 
27  -13 
24  9 
38  16 
31  30 
20  20 
32  14 
1  23 
11  19 
14  -5 
26  28 
-11  -19 
32  31 
-14  36 
54  2 
2  13 
45  54 
-1  10 
-5  -2 
-28  -2 
3  10 
-4  13 
-11  29 
27  5 
-16  -26 
-55  24 
-1  51 
27  22 
23  31 
48  4 
42  31 
1  30 
38  11 
48  24 
36  7 
9  14 
-13  16 
7  25 
24  28 
25  24 
2  22 
19  11 
15  9 
-26  31 
-4  1 
-32  -20 
-9  18 
-22  -14 
10  8 
-10  51 
71  10 
28  -24 
-6  32 
0  3 
-3  -32 
49  18 
4  7 
25  -9 
24  18 
-5  -26 
-17  8 
-4  32 
13  -36 
3  3 
18  19 
-8  45 
-13  -20 
-17  -31 
-8  8 
-14  -26 
34  18 
6  11 
-28  11 
13  5 
-9  16 
-8  16 
29  -4 
11  25 
12  42 
-14  24 
-21  9 
9  8 
-4  -14 
-15  -6 
-18  13 
31  -12 
24  11 
39  16 
32  29 
15  19 
32  14 
1  21 
14  23 
12  -7 
26  27 
-14  -18 
30  33 
-19  36 
56  5 
-2  7 
44  54 
0  5 
-2  -3 
-25  0 
2  6 
-3  15 
-12  30 
30  2 
-13  -27 
-54  25 
-2  51 
29  24 
21  28 
44  2 
41  30 
0  31 
35  16 
46  24 
34  6 
11  16 
-13  16 
8  30 
24  27 
29  26 
1  22 
17  8 
15  8 
-21  36 
-2  1 
-31  -19 
-13  22 
-24  -13 
13  9 
-13  49 
72  11 
27  -22 
-7  30 
-1  10 
-2  -29 
44  19 
6  8 
25  -8 
17  18 
-2  -24 
-18  7 
-4  34 
14  -38 
3  3 
23  17 
-7  45 
-11  -20 
-21  -29 
-8  8 
-14  -26 
38  14 
1  14 
-28  9 
13  4 
-11  17 
-8  13 
29  -6 
10  25 
12  43 
-17  18 
-15  14 
9  8 
-2  -13 
-13  -6 
-19  13 
30  -12 
24  14 
35  16 
37  29 
17  19 
32  16 
1  21 
15  25 
10  -7 
26  27 
-13  -20 
30  31 
-20  34 
53  3 
1  10 
42  53 
1  3 
-2  -1 
-24  1 
0  5 
-8  15 
-12  29 
31  1 
-13  -28 
-59  25 
-1  52 
25  24 
20  29 
49  -1 
40  30 
1  32 
36  18 
48  22 
33  9 
10  16 
-13  16 
8  30 
24  27 
33  25 
5  24 
17  7 
18  7 
-26  36 
-2  1 
-31  -20 
-10  25 
-27  -17 
12  9 
-11  51 
69  9 
27  -22 
3  30 
4  12 
-3  -32 
43  17 
7  7 
27  -8 
16  18 
-2  -23 
-16  5 
-8  33 
11  -40 
0  2 
20  20 
-7  44 
-11  -22 
-19  -30 
-11  10 
-16  -26 
36  14 
-3  9 
-26  6 
11  5 
-11  21 
-6  12 
27  -7 
11  22 
12  42 
-19  19 
-13  22 
11  7 
-4  -13 
-18  -1 
-18  13 
25  -9 
26  14 
37  15 
40  30 
15  19 
31  19 
1  24 
12  26 
10  -7 
26  29 
-11  -16 
30  31 
-18  38 
55  0 
3  9 
45  50 
0  3 
0  -2 
-23  -1 
2  6 
-8  16 
-15  34 
31  1 
-11  -26 
-60  25 
3  51 
27  25 
19  30 
48  -2 
40  29 
1  32 
39  16 
53  24 
33  8 
9  18 
-11  16 
8  30 
23  24 
36  27 
7  20 
18  9 
21  1 
-26  36 
-7  3 
-28  -24 
-15  17 
-27  -13 
13  10 
-10  51 
66  7 
27  -22 
10  27 
6  14 
0  -35 
39  16 
8  4 
29  -6 
18  16 
-4  -27 
-15  4 
-2  34 
12  -42 
3  3 
16  16 
-6  44 
-11  -21 
-19  -32 
-11  8 
-19  -27 
36  14 
-5  8 
-27  5 
10  5 
-11  21 
-8  13 
27  -7 
10  23 
12  42 
-20  20 
-15  20 
13  9 
-3  -12 
-16  0 
-20  12 
27  -8 
23  14 
39  10 
38  32 
17  15 
32  14 
4  19 
16  26 
10  -7 
26  28 
-11  -16 
31  30 
-17  37 
56  -2 
3  8 
45  51 
0  3 
-4  1 
-22  -1 
5  7 
-8  15 
-17  32 
32  9 
-11  -25 
-62  31 
0  51 
24  24 
21  25 
47  -4 
47  25 
4  27 
38  17 
57  28 
34  8 
9  21 
-14  14 
10  28 
25  24 
37  29 
5  20 
18  9 
21  1 
-28  35 
-11  4 
-29  -23 
-15  12 
-30  -13 
12  9 
-11  50 
62  10 
28  -22 
8  28 
7  13 
-2  -33 
39  16 
7  0 
28  -6 
18  17 
-5  -29 
-13  5 
-4  37 
11  -41 
4  6 
14  14 
-5  52 
-16  -19 
-17  -30 
-13  2 
-13  -25 
34  12 
0  12 
-27  5 
15  3 
-11  14 
-9  16 
33  -12 
12  22 
8  42 
-22  19 
-22  14 
13  9 
-2  -9 
-18  1 
-16  7 
28  -10 
23  11 
39  11 
41  30 
16  14 
33  13 
6  24 
21  33 
10  -7 
20  30 
-9  -19 
31  30 
-19  36 
54  -9 
6  8 
44  51 
3  3 
-4  1 
-24  -2 
6  7 
-4  12 
-16  34 
31  9 
-11  -22 
-61  30 
1  52 
21  28 
21  23 
47  -8 
49  28 
3  25 
35  19 
61  32 
33  5 
7  18 
-17  11 
13  29 
27  25 
37  28 
7  16 
18  9 
20  2 
-24  36 
-14  4 
-28  -27 
-16  11 
-24  -14 
13  8 
-11  50 
62  9 
29  -23 
11  27 
9  20 
-4  -30 
38  17 
7  1 
24  -6 
19  16 
-3  -30 
-14  3 
-3  41 
11  -38 
11  5 
15  18 
-5  51 
-16  -20 
-19  -29 
-13  0 
-15  -28 
38  14 
0  9 
-22  7 
19  -3 
-15  11 
-9  16 
30  -9 
9  21 
7  43 
-23  17 
-22  15 
14  6 
-2  -9 
-17  -3 
-14  7 
30  -7 
23  5 
39  11 
42  30 
17  14 
34  12 
5  24 
23  32 
13  -7 
22  33 
-8  -18 
31  30 
-15  41 
54  -4 
6  8 
39  50 
8  2 
-5  0 
-28  -5 
1  10 
-4  13 
-13  33 
30  9 
-11  -24 
-60  31 
1  56 
23  23 
20  23 
45  -10 
48  30 
3  28 
36  21 
61  33 
33  4 
4  21 
-18  13 
11  30 
27  20 
30  31 
6  14 
21  11 
20  2 
-22  37 
-22  6 
-30  -27 
-17  9 
-22  -13 
13  8 
-14  44 
61  9 
29  -24 
8  28 
7  18 
-4  -33 
39  15 
8  2 
20  -9 
18  19 
-5  -32 
-11  4 
-3  41 
11  -40 
11  8 
12  19 
-7  52 
-13  -16 
-19  -32 
-11  -2 
-15  -29 
38  14 
1  10 
-23  8 
27  -7 
-17  10 
-7  21 
30  -8 
8  20 
7  45 
-26  16 
-24  18 
16  10 
-1  -9 
-18  -3 
-11  9 
29  -6 
27  2 
38  8 
43  28 
21  18 
33  14 
5  24 
21  32 
12  -7 
24  34 
-8  -18 
34  31 
-16  40 
54  -6 
4  7 
43  47 
13  3 
-4  1 
-29  -4 
6  7 
-8  14 
-13  32 
32  9 
-13  -24 
-61  29 
1  57 
23  23 
20  23 
44  -9 
49  30 
3  25 
35  20 
62  33 
38  6 
5  20 
-17  11 
11  30 
27  23 
29  28 
6  14 
21  13 
17  -1 
-23  37 
-22  7 
-30  -27 
-22  11 
-23  -13 
13  9 
-18  41 
59  7 
26  -24 
6  28 
9  18 
-5  -33 
38  19 
2  -3 
17  -12 
20  19 
0  -30 
-10  4 
0  43 
13  -35 
9  11 
9  21 
-7  52 
-12  -16 
-24  -33 
-13  -5 
-15  -28 
38  14 
1  11 
-25  9 
29  -4 
-21  10 
-7  21 
33  -10 
7  22 
6  49 
-26  14 
-25  20 
14  11 
1  -10 
-17  -3 
-18  8 
24  -8 
25  7 
37  11 
44  25 
21  19 
32  14 
7  25 
19  29 
12  -7 
20  34 
-8  -18 
34  32 
-19  41 
58  -3 
4  7 
44  48 
16  0 
-4  1 
-29  -3 
15  8 
-8  15 
-15  30 
35  5 
-16  -26 
-60  29 
4  60 
23  23 
21  23 
45  -7 
50  31 
9  24 
35  19 
61  33 
37  7 
4  19 
-18  7 
7  32 
27  24 
29  28 
5  11 
22  13 
19  -4 
-31  38 
-22  11 
-28  -26 
-23  11 
-22  -16 
7  11 
-15  39 
61  1 
27  -22 
6  23 
10  23 
-9  -35 
38  17 
0  0 
18  -14 
16  21 
2  -31 
-11  1 
0  45 
14  -32 
6  14 
9  19 
-6  52 
-11  -16 
-23  -32 
-11  -4 
-17  -30 
36  13 
1  12 
-19  11 
26  -4 
-21  10 
-5  14 
32  -11 
7  22 
6  48 
-29  16 
-21  19 
18  9 
4  -13 
-19  -4 
-15  4 
28  -6 
24  5 
40  10 
41  28 
24  20 
33  13 
7  25 
15  31 
13  -8 
19  38 
-8  -18 
34  31 
-15  40 
61  -1 
3  8 
42  50 
15  -1 
-5  0 
-27  5 
17  9 
-6  14 
-17  32 
33  4 
-17  -29 
-57  27 
1  58 
23  23 
20  23 
44  -6 
48  30 
7  21 
36  16 
62  33 
38  6 
2  19 
-19  8 
8  31 
28  25 
29  26 
5  11 
21  13 
17  -3 
-31  39 
-21  11 
-28  -27 
-23  7 
-23  -17 
10  8 
-17  37 
64  4 
28  -22 
7  21 
11  19 
-7  -35 
34  16 
0  0 
18  -13 
18  21 
9  -32 
-11  0 
1  41 
18  -29 
3  11 
7  20 
-6  52 
-11  -16 
-21  -35 
-11  -6 
-20  -30 
38  14 
2  12 
-22  12 
27  -4 
-23  9 
-10  15 
31  -15 
5  20 
3  47 
-31  18 
-22  19 
17  8 
0  -18 
-19  -8 
-9  1 
30  -7 
26  4 
47  14 
41  30 
22  18 
26  14 
10  18 
16  34 
16  -8 
19  36 
-3  -14 
36  33 
-22  37 
64  0 
1  11 
40  49 
15  -1 
-5  0 
-27  10 
16  7 
-8  10 
-13  33 
33  4 
-16  -28 
-64  30 
1  57 
25  27 
20  25 
45  -6 
50  31 
5  19 
35  14 
62  33 
38  7 
1  21 
-20  5 
11  27 
28  22 
29  28 
1  13 
23  12 
16  -2 
-31  41 
-15  4 
-26  -26 
-27  4 
-24  -13 
14  7 
-15  37 
63  5 
27  -22 
9  24 
7  20 
-9  -40 
32  15 
1  -2 
12  -14 
12  18 
13  -32 
-8  2 
0  43 
21  -30 
4  6 
7  16 
-6  52 
-13  -18 
-23  -32 
-10  -7 
-22  -29 
40  19 
3  7 
-21  11 
32  -4 
-20  9 
-8  14 
31  -15 
5  20 
6  47 
-31  18 
-16  21 
19  10 
1  -17 
-19  -8 
-9  -4 
30  -8 
31  -1 
46  14 
45  32 
24  20 
25  16 
8  18 
18  34 
16  -8 
15  38 
-7  -15 
34  36 
-22  37 
69  -4 
8  10 
38  46 
18  -1 
-4  1 
-27  9 
14  8 
-9  10 
-13  33 
34  6 
-10  -29 
-64  30 
1  57 
25  31 
20  24 
44  -6 
49  26 
3  17 
33  14 
63  29 
37  7 
3  23 
-20  5 
11  25 
27  20 
28  31 
1  12 
24  11 
19  -4 
-31  41 
-13  9 
-25  -26 
-29  2 
-25  -17 
13  9 
-11  37 
65  11 
29  -20 
11  28 
13  20 
-9  -40 
32  14 
4  0 
13  -16 
14  16 
12  -29 
-10  3 
0  43 
24  -33 
5  12 
8  15 
-6  52 
-13  -15 
-23  -32 
-10  -8 
-17  -30 
40  20 
-1  10 
-20  11 
30  -3 
-22  7 
-8  9 
33  -14 
5  24 
8  50 
-31  19 
-17  19 
20  9 
1  -16 
-21  -9 
-8  -4 
29  -12 
31  -4 
52  13 
44  35 
25  19 
23  17 
4  17 
16  33 
16  -8 
15  39 
-6  -15 
34  34 
-22  34 
62  -8 
6  8 
36  47 
22  -7 
-4  1 
-30  8 
15  4 
-9  10 
-13  32 
36  2 
-10  -29 
-67  28 
1  56 
24  29 
21  28 
47  -7 
51  27 
0  19 
28  14 
64  27 
36  7 
3  23 
-20  5 
11  25 
25  20 
28  30 
2  13 
23  11 
23  -1 
-29  40 
-15  7 
-25  -20 
-28  2 
-23  -19 
15  8 
-8  36 
63  10 
27  -20 
12  25 
13  21 
-11  -44 
34  14 
2  1 
10  -12 
14  16 
6  -35 
-12  2 
1  41 
20  -30 
1  13 
9  17 
-6  52 
-15  -16 
-21  -31 
-7  -7 
-14  -28 
39  16 
1  8 
-19  11 
31  -1 
-22  6 
-7  8 
31  -9 
9  24 
6  47 
-33  23 
-13  18 
24  9 
0  -17 
-22  -12 
-9  -4 
28  -12 
29  -2 
54  11 
45  30 
23  24 
24  20 
8  16 
15  39 
16  -8 
17  34 
-7  -16 
36  33 
-24  34 
61  -8 
7  11 
33  49 
22  -8 
-2  1 
-31  10 
13  5 
-15  11 
-16  32 
39  -1 
-10  -29 
-68  29 
0  60 
27  32 
20  29 
47  -7 
49  28 
7  16 
29  14 
59  30 
38  14 
3  23 
-18  2 
11  20 
24  20 
28  30 
1  12 
25  17 
21  -4 
-28  42 
-16  5 
-25  -21 
-25  0 
-24  -26 
17  8 
-8  34 
63  12 
28  -18 
12  26 
9  18 
-15  -46 
32  13 
2  -3 
9  -10 
18  19 
7  -37 
-11  0 
1  39 
20  -30 
1  13 
8  18 
-7  48 
-16  -16 
-19  -29 
-10  -7 
-17  -32 
38  17 
-1  9 
-22  11 
32  -4 
-22  6 
-5  8 
31  -12 
11  25 
4  46 
-30  28 
-13  18 
19  6 
1  -17 
-19  -10 
-9  -4 
24  -13 
29  -1 
54  11 
42  27 
23  25 
27  22 
9  16 
14  36 
15  -9 
16  38 
-6  -15 
36  32 
-26  34 
65  -8 
7  12 
32  49 
22  -7 
-4  1 
-31  8 
17  7 
-11  6 
-18  30 
40  0 
-11  -29 
-69  27 
3  57 
22  31 
24  28 
44  -6 
45  24 
7  13 
29  14 
62  29 
34  15 
3  23 
-19  3 
12  22 
21  16 
30  28 
1  10 
19  17 
21  1 
-29  39 
-17  8 
-25  -20 
-24  -2 
-25  -24 
18  11 
-8  33 
59  11 
28  -18 
13  24 
7  16 
-13  -42 
31  15 
2  -2 
7  -11 
18  19 
9  -34 
-11  -2 
5  40 
17  -32 
2  13 
7  22 
-7  48 
-14  -11 
-20  -30 
-10  -9 
-15  -29 
38  16 
-3  9 
-23  10 
32  -4 
-23  7 
-6  2 
36  -10 
9  24 
5  44 
-27  30 
-15  16 
20  4 
0  -17 
-19  -12 
-14  -8 
24  -14 
32  -1 
54  11 
46  28 
29  28 
26  23 
8  14 
14  32 
16  -8 
18  37 
-7  -15 
34  34 
-27  33 
67  -7 
4  14 
36  47 
28  -10 
-5  -1 
-34  7 
18  6 
-8  6 
-15  27 
39  -2 
-11  -31 
-70  27 
1  60 
20  32 
25  30 
47  -8 
51  22 
1  11 
29  14 
62  22 
36  13 
1  23 
-19  1 
9  20 
27  20 
29  28 
-1  17 
18  17 
27  5 
-28  36 
-19  5 
-24  -19 
-25  0 
-22  -24 
19  11 
-9  36 
61  12 
31  -19 
13  24 
7  18 
-19  -41 
29  16 
4  -1 
2  -10 
16  12 
6  -36 
-12  -4 
4  40 
17  -32 
2  13 
8  22 
-2  46 
-10  -7 
-19  -32 
-11  -9 
-15  -23 
39  16 
-6  14 
-21  10 
29  -2 
-22  8 
-5  3 
37  -9 
4  27 
4  45 
-27  29 
-10  15 
16  7 
0  -18 
-17  -13 
-13  -7 
23  -17 
31  -1 
54  11 
45  31 
30  28 
29  24 
1  16 
12  33 
18  -9 
19  38 
-8  -15 
36  34 
-27  34 
67  -8 
6  14 
36  42 
25  -10 
-4  -2 
-34  8 
18  7 
-9  2 
-19  30 
38  -6 
-14  -33 
-68  29 
-1  59 
20  29 
24  32 
45  -8 
49  21 
5  9 
29  14 
61  23 
36  12 
0  23 
-13  2 
14  19 
29  18 
30  31 
-4  17 
16  16 
28  2 
-29  37 
-20  5 
-23  -19 
-25  -1 
-25  -24 
21  18 
-9  39 
64  8 
29  -20 
10  24 
8  16 
-16  -41 
25  17 
4  0 
-2  -9 
21  14 
4  -31 
-18  -2 
5  40 
23  -33 
-1  17 
9  21 
1  41 
-8  -11 
-19  -27 
-8  -9 
-13  -27 
38  17 
-6  16 
-15  15 
33  1 
-26  6 
-7  4 
40  -11 
4  27 
7  45 
-29  30 
-11  16 
21  8 
-2  -14 
-21  -10 
-11  -6 
22  -18 
32  2 
52  13 
42  27 
29  28 
29  24 
2  21 
12  36 
16  -13 
21  39 
-12  -15 
36  34 
-26  34 
64  -5 
7  16 
35  43 
26  -6 
-6  -9 
-31  10 
15  7 
-9  2 
-15  31 
38  -6 
-13  -36 
-68  26 
-2  59 
19  31 
21  36 
44  -6 
51  16 
7  12 
29  15 
63  23 
36  12 
5  21 
-8  5 
11  19 
29  17 
28  30 
-6  14 
16  18 
28  2 
-33  40 
-20  5 
-21  -24 
-24  1 
-26  -24 
23  17 
-9  40 
66  7 
25  -20 
9  28 
8  16 
-13  -42 
25  13 
4  0 
-2  -9 
17  8 
3  -33 
-18  -3 
3  39 
23  -35 
-2  19 
8  18 
1  43 
-10  -12 
-15  -29 
-9  -10 
-12  -26 
40  20 
-5  19 
-13  14 
36  2 
-24  6 
-9  5 
40  -12 
5  24 
7  41 
-27  25 
-9  14 
22  13 
-2  -14 
-20  -11 
-11  -6 
21  -16 
31  2 
52  14 
46  28 
32  29 
27  25 
1  22 
11  37 
15  -16 
20  43 
-13  -18 
43  38 
-28  33 
67  -7 
7  16 
37  43 
24  -6 
-6  -8 
-31  9 
16  7 
-11  1 
-19  31 
36  -7 
-14  -39 
-67  24 
-4  56 
21  30 
21  39 
43  -8 
51  16 
5  12 
32  16 
63  23 
37  14 
7  23 
-8  5 
9  19 
28  14 
29  28 
-6  12 
12  19 
32  6 
-36  40 
-20  3 
-16  -22 
-27  0 
-22  -26 
23  18 
-9  40 
67  9 
24  -19 
6  27 
9  18 
-12  -45 
23  11 
3  -1 
-4  -10 
20  10 
-1  -30 
-19  -3 
5  40 
18  -29 
-5  20 
9  17 
1  42 
-10  -13 
-21  -29 
-11  -10 
-10  -32 
39  18 
-2  17 
-13  13 
36  1 
-26  2 
-12  2 
38  -13 
5  24 
4  47 
-27  24 
-6  11 
20  14 
-9  -15 
-15  -9 
-14  -6 
21  -16 
32  2 
51  10 
46  28 
33  28 
27  22 
-3  29 
7  36 
18  -14 
21  41 
-13  -15 
48  43 
-29  36 
67  -8 
8  16 
38  41 
21  -7 
-5  -4 
-32  8 
14  4 
-13  0 
-17  27 
36  -6 
-13  -42 
-65  29 
-4  58 
17  31 
24  39 
41  -10 
52  16 
4  9 
33  12 
63  28 
36  15 
6  23 
-4  1 
8  24 
29  14 
30  34 
-7  13 
14  16 
33  5 
-38  38 
-20  3 
-18  -20 
-24  0 
-22  -23 
23  17 
-9  39 
63  11 
21  -19 
3  27 
7  18 
-13  -40 
28  11 
1  -3 
-4  -14 
20  9 
1  -28 
-21  -2 
6  36 
19  -29 
-5  19 
9  16 
2  41 
-8  -11 
-22  -33 
-12  -10 
-11  -34 
40  18 
1  19 
-13  14 
36  2 
-25  7 
-9  2 
43  -17 
5  24 
1  50 
-23  28 
-8  14 
20  20 
-9  -15 
-15  -8 
-14  -6 
20  -15 
32  2 
56  10 
46  28 
32  28 
29  21 
0  30 
7  36 
17  -15 
21  43 
-14  -13 
48  42 
-29  36 
67  -7 
9  18 
37  41 
21  -4 
-4  -2 
-31  8 
17  7 
-13  2 
-13  25 
34  -9 
-16  -41 
-63  29 
-2  56 
17  30 
25  41 
39  -10 
52  18 
6  15 
32  16 
61  21 
34  11 
11  25 
-2  1 
7  21 
25  13 
32  35 
-8  13 
14  16 
34  4 
-42  32 
-19  3 
-15  -20 
-28  -2 
-24  -28 
18  17 
-9  39 
62  13 
18  -21 
4  28 
9  18 
-13  -42 
30  13 
2  -3 
-7  -15 
18  4 
2  -31 
-25  0 
4  40 
21  -28 
-5  19 
12  14 
0  43 
-10  -12 
-21  -30 
-10  -9 
-16  -35 
35  16 
-1  19 
-15  12 
36  10 
-27  4 
-11  4 
44  -13 
7  24 
-4  56 
-20  30 
-8  16 
21  19 
-11  -14 
-16  -11 
-18  -10 
21  -16 
25  5 
52  9 
43  27 
31  30 
27  20 
5  31 
6  36 
16  -13 
20  46 
-14  -13 
48  42 
-35  41 
69  -10 
12  19 
36  41 
23  -3 
-4  -2 
-33  13 
17  8 
-12  4 
-14  24 
33  -7 
-9  -44 
-60  34 
-4  53 
15  28 
26  39 
41  -4 
49  16 
4  12 
29  15 
60  23 
36  14 
12  25 
-2  1 
8  22 
30  23 
33  32 
-6  16 
14  14 
33  9 
-43  28 
-22  7 
-15  -21 
-30  -7 
-25  -29 
17  14 
-7  44 
59  13 
18  -23 
6  27 
6  19 
-13  -39 
30  8 
1  -1 
-2  -14 
16  1 
4  -32 
-27  0 
5  40 
21  -27 
-5  19 
13  13 
-4  47 
-8  -14 
-21  -33 
-10  -8 
-14  -36 
39  16 
0  19 
-15  11 
39  10 
-27  5 
-10  4 
41  -13 
7  25 
-2  54 
-20  29 
-7  14 
20  20 
-11  -15 
-7  -10 
-17  -12 
20  -15 
25  7 
52  10 
41  28 
32  28 
29  21 
7  32 
8  44 
18  -11 
20  46 
-14  -12 
47  40 
-36  41 
70  -9 
11  19 
35  40 
18  -1 
-4  -2 
-34  18 
18  12 
-11  4 
-15  24 
34  -8 
-8  -45 
-54  34 
-5  54 
13  28 
21  41 
41  -4 
47  18 
5  12 
29  14 
58  24 
35  11 
11  25 
-2  1 
9  24 
30  25 
31  36 
-6  16 
15  14 
33  10 
-44  32 
-22  3 
-16  -20 
-31  -6 
-26  -29 
21  14 
-7  44 
58  11 
17  -23 
-1  30 
6  16 
-14  -37 
31  8 
2  -2 
-2  -13 
16  1 
9  -32 
-25  -1 
-1  36 
21  -27 
-4  13 
16  7 
-8  45 
-8  -18 
-17  -33 
-15  -7 
-15  -36 
39  15 
0  22 
-14  9 
39  11 
-25  3 
-6  2 
42  -8 
7  28 
-6  52 
-20  30 
-8  14 
20  20 
-9  -18 
-10  -12 
-16  -12 
19  -11 
24  7 
51  10 
33  25 
29  26 
29  18 
6  34 
8  42 
20  -11 
21  48 
-14  -13 
47  40 
-38  37 
72  -7 
11  19 
35  40 
18  -3 
-4  -5 
-35  20 
21  11 
-13  2 
-17  23 
32  -4 
-11  -44 
-50  33 
-6  54 
12  29 
21  43 
41  -1 
47  18 
5  14 
24  14 
58  24 
34  11 
13  25 
-2  1 
5  20 
32  22 
32  38 
-1  19 
12  14 
33  12 
-44  32 
-19  3 
-19  -23 
-32  -6 
-26  -28 
25  12 
-7  44 
57  11 
19  -24 
3  27 
3  17 
-14  -46 
35  7 
1  -1 
0  -15 
15  0 
12  -32 
-26  -6 
-4  37 
27  -24 
-4  13 
18  7 
-5  42 
-9  -19 
-20  -31 
-18  -8 
-13  -37 
37  18 
1  21 
-11  9 
41  12 
-23  1 
-4  1 
41  -7 
9  26 
-7  54 
-20  30 
-8  13 
25  19 
-4  -13 
-7  -12 
-17  -9 
19  -11 
23  8 
53  9 
36  26 
29  24 
29  18 
9  35 
9  39 
21  -10 
21  48 
-14  -16 
47  40 
-36  40 
70  -5 
11  19 
36  38 
18  -1 
-6  -4 
-34  16 
28  10 
-12  2 
-17  23 
32  -4 
-14  -41 
-53  32 
-9  54 
10  31 
20  43 
44  2 
49  20 
11  16 
27  13 
58  24 
32  13 
12  23 
-2  1 
5  20 
31  22 
27  34 
-1  17 
12  16 
34  12 
-44  33 
-19  1 
-20  -17 
-33  -7 
-26  -29 
27  12 
-10  45 
59  10 
21  -21 
1  28 
6  22 
-16  -46 
38  7 
-5  -1 
0  -15 
14  2 
10  -32 
-25  -2 
-5  40 
27  -24 
-4  12 
23  7 
-4  43 
-11  -16 
-22  -28 
-20  -6 
-16  -33 
39  16 
-1  19 
-13  4 
41  10 
-23  1 
-4  1 
37  -3 
11  28 
-4  54 
-19  32 
-8  14 
21  16 
-8  -14 
-4  -10 
-15  -9 
21  -9 
22  7 
51  10 
36  25 
26  24 
27  18 
6  35 
9  42 
20  -9 
17  48 
-13  -18 
47  40 
-37  37 
69  -4 
10  23 
32  35 
19  -2 
-8  -2 
-36  19 
28  10 
-14  7 
-17  23 
29  -7 
-11  -42 
-57  29 
-9  59 
10  31 
21  43 
46  3 
51  14 
13  19 
24  15 
58  23 
32  15 
12  22 
-2  1 
5  20 
33  24 
28  34 
-1  16 
9  18 
34  12 
-44  33 
-19  1 
-19  -17 
-35  -9 
-27  -26 
27  12 
-7  45 
63  8 
24  -18 
0  27 
9  21 
-16  -45 
36  7 
-5  0 
1  -10 
16  4 
10  -32 
-25  -1 
-4  40 
29  -24 
-4  12 
22  7 
-6  42 
-12  -18 
-23  -32 
-23  -6 
-16  -35 
41  13 
-2  19 
-15  4 
36  10 
-24  1 
0  0 
36  -2 
12  29 
-8  54 
-19  28 
-9  16 
29  14 
-9  -15 
-2  -6 
-14  -6 
23  -9 
24  14 
51  10 
29  29 
28  28 
27  18 
4  27 
7  40 
25  -8 
16  46 
-13  -19 
49  40 
-37  43 
67  -4 
10  23 
33  32 
16  -6 
-8  -2 
-37  18 
30  12 
-14  8 
-13  22 
23  -3 
-12  -42 
-60  29 
-7  61 
5  27 
20  45 
44  0 
49  15 
13  20 
25  17 
61  21 
34  11 
11  21 
-1  1 
4  18 
37  29 
28  42 
1  16 
15  20 
34  12 
-43  35 
-20  3 
-19  -17 
-38  -7 
-26  -26 
33  14 
-9  48 
63  8 
26  -18 
3  30 
9  21 
-13  -48 
36  10 
-4  0 
3  -9 
17  8 
10  -33 
-24  -2 
-8  45 
29  -26 
-4  13 
20  14 
-11  44 
-9  -23 
-23  -30 
-19  -7 
-13  -35 
45  11 
0  20 
-14  4 
40  10 
-24  1 
2  -3 
37  -3 
12  30 
-4  52 
-21  30 
-2  17 
27  14 
-9  -15 
-2  -6 
-13  -7 
21  -9 
25  12 
51  11 
29  29 
30  28 
27  18 
1  32 
8  40 
24  -6 
22  49 
-14  -13 
49  37 
-38  42 
66  -4 
6  23 
36  34 
14  -4 
-9  -1 
-37  17 
30  13 
-15  7 
-8  22 
18  -1 
-11  -40 
-62  29 
-7  60 
5  24 
20  45 
40  -1 
52  16 
15  19 
25  14 
67  23 
34  12 
8  24 
-2  1 
2  19 
39  29 
25  44 
2  17 
16  15 
32  14 
-42  36 
-20  3 
-19  -17 
-35  -8 
-26  -26 
32  16 
-10  45 
60  6 
29  -18 
-2  29 
6  18 
-14  -46 
37  8 
-4  -2 
-2  -8 
23  12 
12  -29 
-21  -1 
-7  44 
29  -26 
-4  12 
21  12 
-11  44 
-11  -22 
-21  -29 
-21  -12 
-14  -36 
48  11 
1  21 
-12  9 
43  10 
-29  -3 
1  -6 
41  -10 
11  30 
-8  53 
-19  31 
-1  17 
27  12 
-9  -15 
-2  -6 
-16  -6 
21  -12 
25  11 
50  12 
29  30 
38  31 
27  13 
-1  30 
9  41 
25  -4 
24  47 
-17  -13 
49  37 
-37  43 
67  -2 
7  25 
36  33 
14  -5 
-9  -1 
-37  17 
30  13 
-14  9 
-6  22 
18  -1 
-16  -39 
-68  29 
-9  58 
9  20 
20  45 
41  -1 
51  16 
19  15 
25  14 
75  23 
32  13 
5  24 
-9  -3 
3  19 
39  30 
31  45 
2  13 
16  12 
36  14 
-41  36 
-20  2 
-20  -17 
-36  -8 
-21  -21 
34  14 
-6  45 
61  8 
29  -19 
-2  26 
6  15 
-12  -50 
37  10 
0  -6 
1  -7 
23  8 
11  -30 
-20  0 
-8  42 
29  -26 
-6  11 
27  9 
-10  45 
-13  -16 
-22  -28 
-20  -15 
-10  -33 
48  8 
2  21 
-10  8 
44  5 
-28  -5 
4  -6 
44  -13 
13  28 
-7  53 
-20  30 
-3  16 
26  5 
-7  -16 
-2  -6 
-14  -6 
22  -8 
22  9 
49  9 
31  28 
39  31 
27  14 
-2  29 
4  40 
29  -4 
21  45 
-12  -13 
51  36 
-34  48 
67  2 
6  24 
34  36 
14  -8 
-8  -4 
-38  17 
27  13 
-19  3 
-4  21 
20  -1 
-16  -41 
-68  29 
-8  59 
7  18 
20  44 
41  -4 
50  13 
19  15 
29  18 
73  21 
31  16 
6  24 
-14  -5 
2  17 
37  30 
28  51 
-3  9 
18  14 
38  16 
-45  39 
-17  3 
-19  -16 
-38  -7 
-19  -21 
36  14 
-4  47 
61  8 
27  -20 
-10  28 
7  15 
-11  -46 
41  11 
1  -8 
3  -12 
26  7 
10  -29 
-20  0 
-10  45 
29  -24 
-5  11 
32  5 
-12  42 
-14  -17 
-16  -33 
-20  -15 
-9  -33 
48  10 
1  23 
-9  8 
46  9 
-26  -6 
7  -11 
45  -9 
12  31 
-7  52 
-27  23 
-6  12 
27  2 
-7  -16 
0  -11 
-14  -8 
21  -7 
22  7 
46  8 
31  25 
45  32 
27  13 
-4  33 
4  37 
27  -2 
15  43 
-17  -9 
53  36 
-31  48 
69  1 
10  23 
36  32 
14  -9 
-8  -6 
-34  16 
29  9 
-20  3 
-2  19 
24  0 
-18  -41 
-67  25 
-9  60 
5  17 
18  41 
39  -8 
49  12 
19  16 
27  16 
72  15 
34  16 
3  25 
-17  -12 
1  16 
36  27 
30  53 
-2  11 
18  14 
33  12 
-44  36 
-13  5 
-13  -12 
-39  -7 
-21  -25 
37  8 
-2  46 
61  10 
29  -19 
-11  28 
4  20 
-11  -46 
39  10 
5  -9 
5  -16 
26  7 
10  -28 
-17  3 
-7  44 
31  -24 
-5  11 
30  8 
-14  43 
-15  -21 
-23  -34 
-20  -15 
-5  -31 
47  13 
3  17 
-7  10 
43  12 
-28  -4 
9  -16 
42  -7 
9  31 
-6  52 
-23  23 
-8  14 
27  0 
-10  -9 
4  -13 
-10  -4 
21  -6 
23  10 
43  11 
32  22 
47  36 
29  16 
-4  34 
1  38 
27  2 
16  41 
-16  -6 
52  33 
-33  52 
68  -2 
7  24 
37  32 
14  -9 
-12  2 
-33  18 
28  10 
-21  -1 
0  20 
26  -1 
-18  -42 
-65  28 
-9  59 
12  18 
18  41 
40  -10 
51  22 
21  15 
29  17 
69  15 
34  14 
7  24 
-22  -13 
3  19 
37  28 
30  52 
-1  9 
18  17 
38  14 
-45  38 
-18  2 
-11  -14 
-39  -7 
-25  -20 
39  11 
-2  46 
63  10 
28  -20 
-5  28 
5  20 
-11  -44 
38  9 
6  -6 
3  -17 
27  5 
7  -29 
-15  12 
-6  42 
32  -24 
-4  12 
32  6 
-11  44 
-13  -21 
-28  -31 
-19  -17 
2  -33 
49  14 
1  18 
-9  10 
47  13 
-27  -8 
16  -13 
41  -10 
10  28 
-9  54 
-24  20 
-8  14 
21  1 
-13  -14 
3  -13 
-15  2 
21  -4 
20  3 
45  11 
32  22 
47  36 
28  18 
-5  34 
-4  38 
28  2 
18  44 
-15  -6 
52  35 
-33  52 
67  -2 
11  25 
41  31 
14  -8 
-14  -1 
-31  18 
26  11 
-22  -4 
2  17 
24  0 
-14  -43 
-67  24 
-9  59 
7  20 
18  41 
40  -10 
51  20 
22  19 
29  19 
72  13 
34  16 
7  29 
-22  -14 
2  13 
41  28 
26  48 
0  9 
18  17 
38  14 
-45  39 
-18  2 
-14  -16 
-36  -11 
-25  -20 
44  7 
-1  51 
63  11 
29  -23 
-2  31 
3  17 
-11  -46 
41  10 
5  -8 
3  -17 
28  2 
8  -33 
-18  11 
-4  41 
33  -19 
-4  12 
35  5 
-14  45 
-16  -19 
-30  -33 
-19  -17 
2  -33 
45  20 
1  13 
-9  10 
44  14 
-28  -6 
13  -16 
40  -10 
9  29 
-8  56 
-22  21 
-10  12 
20  3 
-11  -14 
-1  -15 
-12  4 
21  1 
20  5 
45  11 
31  19 
52  35 
29  21 
-7  33 
-3  35 
25  7 
17  43 
-12  -4 
51  36 
-32  50 
69  -4 
12  25 
41  32 
11  -3 
-19  2 
-29  20 
30  11 
-19  -4 
4  20 
22  1 
-13  -44 
-68  26 
-7  58 
7  18 
18  39 
36  -7 
52  19 
16  18 
29  18 
74  11 
38  17 
5  32 
-23  -12 
-4  14 
39  31 
24  47 
-2  9 
14  14 
38  14 
-39  39 
-19  2 
-14  -16 
-34  -13 
-24  -18 
42  1 
1  52 
59  10 
29  -21 
-2  32 
3  17 
-13  -47 
47  7 
1  -7 
3  -17 
27  -2 
9  -32 
-15  11 
-5  40 
41  -13 
-3  13 
36  7 
-15  44 
-19  -12 
-28  -31 
-19  -17 
4  -31 
44  20 
3  11 
-6  9 
44  12 
-28  -4 
15  -17 
37  -10 
7  26 
-8  53 
-22  21 
-11  14 
20  3 
-10  -12 
-2  -13 
-12  4 
21  1 
20  5 
40  10 
31  17 
54  35 
27  20 
-3  36 
-1  39 
23  8 
16  41 
-11  -4 
51  36 
-32  51 
72  -10 
12  22 
37  34 
16  -2 
-20  0 
-28  18 
34  12 
-15  1 
-2  19 
24  1 
-13  -46 
-67  24 
-7  61 
7  22 
20  35 
37  -5 
52  19 
14  16 
31  21 
73  13 
39  17 
6  28 
-23  -12 
-8  14 
39  33 
23  47 
0  9 
12  13 
36  12 
-37  38 
-19  1 
-13  -17 
-38  -7 
-29  -15 
43  -3 
1  52 
59  11 
28  -24 
-2  31 
7  20 
-13  -44 
46  9 
5  -8 
3  -17 
21  -4 
8  -30 
-20  15 
-9  36 
43  -12 
-1  14 
34  8 
-11  44 
-17  -8 
-29  -30 
-19  -18 
2  -28 
45  20 
4  5 
-5  7 
46  13 
-28  -11 
13  -15 
38  -14 
9  29 
-6  52 
-22  21 
-11  14 
21  3 
-9  -11 
-1  -15 
-13  -2 
22  1 
18  7 
40  10 
32  16 
55  34 
27  22 
-2  37 
2  38 
19  10 
15  40 
-14  1 
50  32 
-30  51 
66  -13 
11  19 
41  34 
17  -3 
-20  0 
-27  17 
34  11 
-15  1 
-2  19 
22  -1 
-11  -44 
-64  27 
-5  59 
6  24 
22  28 
34  -6 
50  13 
19  16 
28  22 
76  14 
37  19 
5  27 
-24  -14 
-8  16 
38  37 
24  47 
0  6 
12  13 
35  11 
-36  40 
-17  -3 
-13  -17 
-35  -8 
-31  -16 
45  0 
0  50 
57  11 
34  -24 
1  32 
7  18 
-16  -46 
50  12 
5  -10 
1  -19 
21  -1 
9  -32 
-18  17 
-11  36 
43  -12 
-3  15 
32  9 
-12  44 
-21  -9 
-32  -32 
-20  -15 
1  -27 
49  19 
3  3 
-10  8 
47  12 
-27  -10 
14  -14 
38  -13 
6  28 
-6  51 
-22  20 
-16  13 
19  -1 
-7  -15 
2  -19 
-13  0 
26  -6 
18  6 
37  8 
27  16 
56  32 
27  25 
1  37 
1  36 
24  8 
16  38 
-12  2 
50  33 
-29  50 
66  -13 
9  17 
44  32 
17  -2 
-21  -4 
-25  14 
34  14 
-14  -4 
-1  17 
21  -2 
-11  -42 
-65  27 
-4  57 
5  24 
22  27 
33  -7 
52  15 
25  17 
29  21 
76  13 
37  21 
5  32 
-22  -14 
-11  16 
38  39 
28  48 
4  7 
11  16 
33  12 
-33  42 
-16  0 
-13  -15 
-34  -11 
-28  -14 
41  1 
0  54 
61  13 
35  -24 
5  29 
8  18 
-16  -46 
49  8 
1  -5 
3  -17 
22  -2 
6  -33 
-19  16 
-13  36 
43  -13 
-2  14 
33  8 
-17  45 
-20  -11 
-34  -32 
-19  -10 
1  -33 
49  19 
5  4 
-10  7 
47  14 
-30  -12 
18  -17 
40  -13 
7  32 
0  45 
-22  16 
-19  11 
17  -7 
-7  -16 
0  -17 
-12  2 
21  -2 
21  3 
37  7 
24  17 
55  31 
27  20 
3  38 
1  39 
21  12 
15  39 
-11  4 
49  34 
-30  51 
63  -12 
11  19 
41  28 
16  -2 
-21  -4 
-26  14 
36  17 
-13  -2 
2  19 
25  -1 
-8  -38 
-64  27 
-2  57 
4  28 
24  25 
34  -9 
52  16 
25  20 
29  21 
74  11 
35  24 
-2  31 
-22  -13 
-12  10 
38  39 
25  50 
3  11 
9  15 
30  13 
-33  40 
-16  -1 
-14  -16 
-27  -12 
-27  -16 
38  1 
1  47 
61  13 
36  -18 
2  30 
6  17 
-14  -47 
47  13 
1  -12 
0  -18 
25  0 
7  -28 
-19  16 
-13  38 
45  -16 
-4  12 
35  9 
-17  47 
-23  -11 
-34  -32 
-19  -10 
-1  -30 
47  16 
5  1 
-9  7 
49  14 
-29  -10 
18  -16 
39  -14 
5  34 
1  44 
-20  20 
-16  7 
14  -6 
-6  -16 
3  -17 
-13  2 
29  0 
23  8 
38  6 
22  19 
55  32 
29  21 
5  37 
1  43 
21  12 
14  39 
-10  4 
46  34 
-31  50 
62  -14 
12  22 
39  31 
15  -1 
-21  -4 
-29  16 
39  19 
-11  -2 
1  19 
21  -2 
-8  -32 
-64  27 
-4  57 
0  31 
27  25 
34  -4 
52  13 
27  21 
29  16 
72  14 
40  26 
0  29 
-17  -11 
-8  8 
38  39 
26  47 
5  12 
7  12 
29  8 
-36  35 
-15  0 
-11  -22 
-30  -12 
-28  -14 
35  0 
1  50 
61  13 
36  -18 
5  31 
6  14 
-15  -46 
48  14 
-2  -13 
0  -17 
24  0 
7  -27 
-12  22 
-11  36 
47  -18 
-6  14 
30  5 
-13  44 
-22  -14 
-37  -32 
-11  -10 
3  -33 
44  17 
0  0 
-8  9 
49  14 
-26  -12 
16  -20 
39  -15 
2  33 
6  49 
-21  18 
-15  4 
14  -5 
-5  -11 
1  -9 
-13  3 
32  -5 
23  11 
33  6 
23  23 
52  33 
29  21 
1  41 
1  43 
21  12 
13  40 
-14  3 
44  34 
-30  53 
64  -12 
15  27 
38  31 
15  -1 
-24  -4 
-29  14 
41  19 
-12  1 
3  17 
26  -2 
-7  -30 
-64  27 
-4  54 
2  29 
27  25 
36  -8 
51  16 
30  17 
29  17 
72  13 
40  34 
1  31 
-15  -12 
-8  9 
43  38 
26  48 
8  10 
9  16 
30  8 
-34  34 
-16  -2 
-8  -24 
-29  -13 
-26  -15 
35  0 
4  47 
59  10 
36  -22 
9  26 
9  14 
-16  -46 
47  16 
-3  -7 
1  -18 
25  -1 
5  -29 
-12  24 
-13  38 
47  -19 
-6  12 
35  9 
-14  44 
-24  -14 
-37  -30 
-13  -8 
4  -32 
46  16 
0  0 
-10  13 
49  18 
-22  -13 
18  -19 
41  -10 
4  31 
6  47 
-22  17 
-13  0 
12  -6 
-1  -9 
3  -13 
-14  5 
37  -5 
23  8 
33  5 
25  24 
55  36 
31  19 
3  45 
1  43 
19  16 
12  42 
-15  0 
42  33 
-26  54 
67  -16 
13  24 
45  32 
11  -4 
-24  -4 
-32  18 
38  19 
-11  3 
3  19 
21  -1 
-13  -35 
-62  26 
-2  54 
0  30 
30  24 
36  -6 
52  15 
35  23 
29  15 
71  15 
40  29 
0  31 
-20  -10 
-8  9 
42  39 
26  47 
6  9 
7  16 
30  13 
-36  35 
-15  4 
-6  -18 
-32  -10 
-25  -20 
38  1 
4  52 
58  7 
34  -26 
10  29 
8  14 
-16  -46 
46  16 
2  -2 
9  -19 
24  -7 
4  -33 
-13  22 
-8  38 
46  -22 
-6  11 
37  7 
-13  45 
-22  -14 
-42  -29 
-10  -13 
4  -31 
44  18 
1  -1 
-15  11 
52  14 
-23  -12 
18  -21 
38  -11 
-1  31 
6  45 
-26  16 
-13  0 
11  -10 
-1  -8 
5  -7 
-14  4 
38  -3 
22  10 
31  5 
28  23 
55  34 
31  19 
5  47 
0  43 
21  13 
12  42 
-15  0 
42  33 
-27  53 
69  -16 
8  22 
46  28 
11  -4 
-23  -3 
-33  18 
40  20 
-10  3 
4  20 
21  -4 
-13  -41 
-60  25 
-3  54 
1  30 
24  24 
36  -6 
51  17 
34  25 
29  14 
72  14 
40  25 
-4  30 
-19  -10 
-8  9 
43  39 
26  44 
11  7 
7  13 
30  13 
-35  31 
-16  4 
-8  -15 
-35  -10 
-25  -21 
32  -1 
6  49 
60  9 
35  -29 
11  30 
8  10 
-16  -46 
47  16 
4  0 
9  -22 
23  -12 
-4  -31 
-12  22 
-12  38 
41  -23 
-4  14 
36  7 
-13  44 
-26  -14 
-39  -27 
-13  -8 
5  -27 
40  20 
-2  -1 
-15  12 
49  16 
-22  -11 
15  -20 
35  -12 
4  27 
7  45 
-22  17 
-13  1 
10  -8 
0  -6 
1  -1 
-13  2 
42  -7 
23  11 
35  3 
26  23 
59  37 
36  18 
0  46 
0  42 
22  12 
13  44 
-15  1 
40  30 
-26  51 
69  -19 
7  23 
43  27 
9  -6 
-24  -3 
-33  20 
39  15 
-15  5 
0  19 
23  -3 
-18  -43 
-59  23 
-2  56 
3  23 
26  28 
41  -9 
49  26 
28  24 
27  18 
72  16 
41  23 
-3  28 
-21  -10 
-7  5 
43  38 
24  38 
11  7 
6  14 
32  14 
-34  28 
-16  5 
-6  -14 
-39  -7 
-22  -19 
29  -1 
4  51 
57  9 
36  -26 
11  30 
3  11 
-16  -46 
45  10 
5  -3 
9  -20 
23  -13 
-5  -26 
-12  24 
-11  41 
42  -27 
-1  17 
32  6 
-9  45 
-27  -10 
-41  -29 
-7  -12 
5  -26 
40  20 
-5  -1 
-19  12 
47  12 
-22  -9 
16  -19 
34  -6 
2  27 
5  44 
-20  19 
-11  -2 
8  -10 
1  -10 
2  -1 
-9  1 
41  -12 
24  12 
35  8 
26  24 
51  36 
38  18 
0  45 
0  42 
18  12 
13  44 
-19  -1 
37  33 
-23  55 
72  -18 
10  25 
44  27 
7  -7 
-22  -1 
-33  22 
39  16 
-14  11 
3  17 
21  -3 
-15  -40 
-59  21 
-2  57 
4  26 
24  28 
45  -9 
49  31 
29  24 
27  20 
71  16 
40  23 
-4  34 
-23  -10 
1  8 
44  40 
25  40 
8  10 
10  15 
36  13 
-34  28 
-13  5 
-7  -16 
-39  -8 
-25  -17 
32  -4 
5  51 
59  10 
34  -24 
11  30 
2  12 
-15  -47 
43  7 
5  -1 
9  -19 
24  -13 
-2  -24 
-18  30 
-11  38 
42  -27 
0  20 
33  5 
-8  45 
-27  -10 
-42  -28 
-10  -12 
9  -24 
38  17 
-3  -3 
-19  10 
44  15 
-17  -9 
18  -16 
32  -5 
-4  27 
8  42 
-19  19 
-13  -2 
9  -12 
8  -11 
4  -6 
-5  -1 
40  -11 
21  11 
37  7 
23  23 
49  34 
43  18 
1  42 
-3  48 
14  12 
15  40 
-18  -3 
38  34 
-23  56 
66  -16 
10  24 
44  28 
7  -7 
-22  -1 
-31  20 
39  16 
-17  12 
7  16 
22  -2 
-15  -39 
-59  21 
-4  57 
5  24 
26  27 
45  -8 
48  31 
31  19 
27  20 
72  16 
38  21 
-3  35 
-19  -12 
1  9 
39  36 
25  37 
8  10 
7  16 
38  11 
-34  27 
-12  2 
-3  -9 
-40  -8 
-24  -18 
32  -7 
3  53 
63  11 
31  -25 
12  29 
0  19 
-19  -48 
45  10 
3  -3 
7  -17 
24  -15 
-4  -26 
-17  29 
-14  36 
44  -27 
-8  15 
34  5 
-7  44 
-34  -14 
-43  -32 
-10  -9 
7  -28 
38  14 
-2  -3 
-21  10 
45  13 
-15  -8 
11  -18 
33  -6 
-3  27 
7  33 
-19  13 
-15  -5 
10  -14 
10  -12 
4  -6 
-5  -4 
43  -12 
20  9 
38  7 
23  23 
46  34 
44  18 
0  45 
0  50 
13  13 
15  40 
-17  -5 
39  38 
-24  58 
67  -20 
9  24 
45  29 
5  -9 
-20  0 
-31  14 
34  15 
-19  10 
4  15 
21  -1 
-16  -40 
-59  21 
-5  58 
6  24 
24  24 
51  -7 
42  33 
31  19 
27  18 
63  19 
37  21 
-8  34 
-13  -10 
6  11 
37  34 
26  34 
10  12 
11  19 
38  11 
-35  31 
-10  3 
-3  -9 
-40  -11 
-25  -20 
29  -4 
4  47 
62  13 
34  -25 
12  30 
-1  16 
-18  -51 
45  7 
0  0 
9  -19 
27  -8 
-4  -26 
-21  30 
-11  37 
49  -36 
-8  16 
32  6 
-6  46 
-36  -15 
-44  -33 
-9  -10 
7  -26 
36  18 
-4  -8 
-21  11 
45  12 
-12  -6 
14  -18 
34  -8 
-5  29 
9  34 
-19  13 
-13  -4 
9  -12 
9  -9 
4  -6 
-9  -4 
43  -13 
24  8 
31  5 
23  23 
45  33 
44  21 
-2  46 
-5  48 
14  11 
16  40 
-19  -12 
36  33 
-25  58 
69  -22 
10  31 
42  30 
3  -9 
-15  -5 
-30  13 
32  13 
-19  12 
3  16 
18  -1 
-15  -39 
-59  23 
-6  54 
6  16 
25  24 
50  4 
41  31 
32  22 
27  18 
60  22 
38  21 
-8  33 
-11  -12 
4  14 
38  34 
28  36 
9  10 
12  16 
39  11 
-36  35 
-11  4 
3  -9 
-40  -10 
-25  -20 
32  -1 
3  47 
61  13 
30  -27 
16  27 
-6  16 
-14  -52 
44  6 
-1  -4 
8  -21 
23  -10 
-2  -23 
-20  29 
-11  36 
46  -37 
-8  15 
31  5 
-7  45 
-39  -10 
-43  -30 
-9  -10 
6  -26 
34  14 
-4  -7 
-21  10 
45  11 
-13  -4 
14  -18 
34  -8 
-3  27 
6  36 
-19  12 
-15  0 
8  -12 
4  -13 
4  0 
-9  -1 
42  -14 
28  10 
36  1 
23  23 
42  32 
48  22 
-7  44 
-9  47 
14  11 
17  41 
-20  -15 
35  34 
-23  58 
69  -22 
10  28 
43  29 
3  -12 
-16  -7 
-30  11 
32  14 
-19  11 
2  21 
23  -3 
-15  -41 
-59  23 
-4  54 
5  15 
24  24 
45  4 
44  28 
29  21 
27  20 
60  23 
38  21 
-6  32 
-10  -12 
6  8 
37  35 
30  33 
7  11 
13  18 
39  3 
-34  34 
-9  5 
5  -8 
-40  -11 
-25  -20 
28  4 
4  54 
61  13 
30  -29 
13  25 
-4  18 
-14  -53 
44  7 
1  -4 
9  -26 
23  -13 
-4  -24 
-21  30 
-11  38 
47  -35 
-11  17 
35  3 
-2  46 
-37  -12 
-44  -30 
-9  -10 
7  -28 
31  16 
-4  -7 
-19  10 
43  9 
-13  -4 
13  -17 
34  -9 
-4  27 
7  42 
-21  16 
-19  -1 
9  -14 
6  -16 
3  1 
-8  2 
40  -15 
28  10 
36  0 
23  25 
43  31 
47  24 
-4  41 
-12  48 
12  14 
18  44 
-19  -11 
35  39 
-22  57 
69  -19 
12  28 
40  31 
1  -12 
-20  -6 
-32  11 
33  16 
-22  11 
0  22 
23  -3 
-15  -43 
-59  22 
-4  52 
2  12 
25  24 
41  1 
42  27 
27  18 
25  19 
61  23 
36  21 
-6  31 
-8  -10 
7  12 
38  34 
30  33 
7  8 
15  19 
40  5 
-31  38 
-13  4 
4  -8 
-40  -11 
-25  -15 
27  1 
9  54 
65  13 
33  -30 
11  17 
-3  14 
-17  -53 
45  16 
0  0 
10  -22 
23  -12 
-8  -26 
-19  31 
-6  36 
43  -35 
-8  18 
38  -1 
-6  46 
-37  -11 
-47  -36 
-9  -10 
4  -26 
32  15 
-4  -7 
-21  10 
38  9 
-12  -4 
16  -18 
33  -6 
-2  26 
9  40 
-22  17 
-24  -3 
6  -16 
9  -16 
1  2 
-8  2 
31  -15 
27  9 
35  0 
23  23 
45  31 
44  27 
-4  40 
-16  46 
12  16 
18  41 
-14  -12 
36  38 
-24  54 
69  -19 
20  31 
44  28 
2  -7 
-19  -6 
-32  11 
38  16 
-17  10 
0  23 
19  -4 
-13  -47 
-60  22 
-4  52 
1  13 
25  24 
41  4 
43  31 
25  20 
18  11 
62  21 
36  21 
-6  32 
-7  -11 
7  13 
35  35 
29  34 
4  5 
15  19 
40  5 
-31  36 
-11  4 
4  -9 
-40  -10 
-27  -16 
27  0 
7  54 
67  12 
37  -30 
11  16 
-1  11 
-18  -53 
47  16 
-3  -5 
10  -27 
23  -12 
-5  -22 
-19  28 
-7  36 
40  -38 
-12  18 
41  -1 
-7  45 
-34  -11 
-54  -36 
-9  -10 
2  -28 
32  14 
-5  -6 
-22  12 
38  6 
-8  -1 
14  -18 
32  -4 
-6  27 
9  41 
-22  14 
-24  -3 
5  -16 
10  -17 
-2  1 
-8  2 
31  -15 
25  13 
35  0 
23  23 
48  31 
47  25 
-2  37 
-13  42 
11  19 
18  39 
-10  -12 
36  38 
-24  53 
68  -19 
21  30 
45  27 
1  -9 
-19  -3 
-34  8 
39  16 
-19  12 
0  23 
20  -6 
-14  -46 
-60  20 
-4  52 
-1  9 
24  27 
41  3 
44  34 
21  21 
19  10 
61  19 
40  27 
-6  34 
-8  -11 
6  13 
37  34 
29  34 
2  7 
16  21 
40  5 
-34  34 
-9  2 
1  -7 
-36  -12 
-28  -18 
22  -1 
7  54 
68  8 
41  -30 
12  15 
-3  8 
-17  -54 
45  13 
-4  -6 
9  -31 
26  -13 
-5  -20 
-19  28 
-8  34 
41  -37 
-13  18 
47  5 
-8  46 
-36  -13 
-54  -32 
-10  -9 
7  -28 
32  13 
-2  -3 
-23  11 
41  4 
-7  1 
10  -12 
31  -4 
-3  27 
7  36 
-22  14 
-21  -2 
7  -18 
10  -16 
-2  1 
-8  5 
35  -13 
27  15 
37  1 
23  23 
52  31 
51  28 
2  41 
-12  38 
11  19 
18  39 
-11  -9 
36  38 
-24  52 
68  -18 
18  27 
46  29 
8  -10 
-13  0 
-37  5 
39  16 
-21  10 
0  23 
21  -8 
-18  -48 
-60  20 
-6  51 
1  11 
24  29 
40  2 
42  33 
21  21 
22  9 
61  19 
41  25 
-6  35 
-8  -9 
4  14 
37  36 
29  41 
3  12 
16  21 
38  8 
-32  34 
-9  0 
0  -10 
-31  -14 
-28  -18 
20  0 
9  56 
64  7 
41  -29 
12  15 
1  10 
-11  -52 
42  13 
-1  -1 
8  -31 
27  -18 
-5  -20 
-17  27 
-8  34 
40  -35 
-13  18 
45  4 
-3  47 
-35  -13 
-53  -31 
-10  -7 
9  -26 
34  12 
-6  -4 
-30  11 
43  3 
-7  1 
12  -11 
32  -1 
-3  31 
7  36 
-24  14 
-22  -3 
8  -12 
11  -15 
-2  1 
-4  7 
38  -14 
28  16 
30  5 
34  22 
55  28 
57  28 
1  41 
-11  38 
11  19 
19  36 
-12  -10 
36  38 
-24  52 
68  -18 
18  27 
46  34 
10  -12 
-14  4 
-34  7 
42  18 
-21  11 
0  22 
21  -12 
-15  -48 
-62  19 
-5  51 
3  8 
18  29 
41  4 
40  35 
21  23 
19  10 
64  19 
41  23 
-6  34 
-9  -10 
5  11 
38  34 
31  36 
3  8 
15  20 
35  7 
-33  34 
-10  3 
1  -10 
-29  -18 
-29  -20 
20  0 
11  59 
66  7 
50  -32 
16  14 
-1  11 
-10  -47 
41  12 
4  -2 
7  -27 
25  -16 
-5  -21 
-17  27 
-8  33 
40  -38 
-11  18 
46  8 
-4  47 
-36  -13 
-51  -32 
-10  -9 
9  -26 
34  16 
-2  -3 
-28  14 
43  3 
-4  1 
16  -10 
36  -2 
-7  34 
9  36 
-21  16 
-20  -6 
13  -10 
13  -14 
-6  6 
-6  9 
38  -13 
21  13 
29  4 
35  23 
53  25 
57  28 
-2  41 
-14  36 
9  19 
19  37 
-8  -12 
41  39 
-24  52 
65  -20 
18  26 
46  34 
8  -10 
-16  6 
-32  8 
39  12 
-23  11 
0  23 
20  -15 
-9  -49 
-61  18 
-8  49 
-1  10 
18  31 
41  4 
40  29 
21  21 
20  10 
58  19 
41  21 
-2  34 
-11  -7 
4  9 
35  39 
32  36 
1  8 
16  21 
31  7 
-36  34 
-13  2 
-1  -7 
-31  -16 
-28  -18 
25  0 
11  60 
68  2 
49  -34 
16  17 
1  12 
-11  -44 
42  10 
7  -2 
9  -32 
29  -19 
-7  -20 
-20  25 
-6  32 
40  -41 
-11  18 
46  8 
-7  44 
-35  -9 
-50  -29 
-11  -11 
9  -23 
34  16 
-2  -3 
-28  13 
43  7 
-9  3 
17  -12 
35  0 
-9  36 
7  40 
-21  19 
-19  -7 
11  -15 
10  -16 
-6  7 
-1  11 
38  -14 
23  9 
26  7 
35  23 
54  25 
56  27 
-2  41 
-11  34 
5  21 
21  38 
-10  -13 
44  38 
-26  51 
60  -17 
12  29 
46  34 
8  -12 
-16  5 
-33  9 
41  10 
-17  11 
3  17 
24  -13 
-8  -46 
-64  18 
-7  50 
-2  11 
25  32 
39  10 
40  30 
24  20 
21  11 
61  19 
41  23 
-4  34 
-9  -7 
3  9 
35  38 
32  34 
-3  10 
16  21 
31  2 
-36  37 
-15  4 
-6  -9 
-33  -16 
-28  -18 
23  3 
11  59 
68  2 
53  -35 
16  18 
5  12 
-11  -44 
40  9 
7  -2 
9  -30 
27  -20 
-7  -21 
-20  25 
-7  33 
43  -43 
-11  20 
47  12 
-6  45 
-37  -10 
-46  -31 
-14  -11 
12  -25 
34  14 
-4  -5 
-22  14 
42  6 
-7  4 
16  -14 
35  0 
-11  38 
7  43 
-20  20 
-16  -8 
10  -15 
6  -16 
-4  7 
0  11 
38  -13 
27  5 
26  7 
33  28 
56  20 
55  28 
-2  41 
-11  34 
0  23 
22  41 
-9  -10 
43  39 
-26  52 
61  -19 
12  29 
45  31 
8  -12 
-16  8 
-30  11 
42  13 
-17  11 
1  16 
17  -11 
-8  -47 
-63  15 
-10  47 
-2  11 
27  36 
39  10 
39  31 
24  20 
21  10 
68  14 
43  23 
-2  34 
-10  -7 
0  9 
35  39 
32  34 
-7  5 
16  21 
32  9 
-36  34 
-14  7 
-6  -8 
-33  -16 
-29  -19 
24  6 
11  59 
67  2 
56  -34 
15  20 
6  14 
-12  -44 
39  10 
8  -2 
9  -32 
27  -20 
-8  -24 
-20  25 
-8  33 
47  -42 
-11  18 
45  10 
-7  44 
-36  -13 
-42  -33 
-15  -16 
9  -24 
31  16 
-1  -5 
-25  16 
41  3 
-8  2 
14  -18 
36  -2 
-11  41 
8  42 
-19  19 
-17  -9 
10  -17 
6  -16 
-6  6 
1  11 
38  -14 
27  5 
25  11 
26  31 
52  19 
58  31 
-2  41 
-11  34 
0  22 
20  43 
-9  -10 
47  36 
-24  53 
61  -19 
11  25 
46  25 
8  -10 
-13  12 
-31  9 
41  12 
-17  9 
3  19 
17  -12 
-6  -46 
-66  16 
-8  48 
-1  11 
27  33 
45  12 
38  29 
22  21 
22  13 
67  13 
48  25 
-4  35 
-10  -9 
3  8 
31  35 
32  34 
-3  8 
16  18 
35  8 
-33  31 
-14  4 
-6  -8 
-30  -17 
-29  -15 
23  3 
11  62 
69  4 
58  -33 
16  21 
7  12 
-13  -44 
38  6 
5  0 
10  -32 
29  -20 
-9  -23 
-20  25 
-9  36 
48  -42 
-16  17 
41  11 
-7  45 
-37  -13 
-42  -32 
-12  -18 
9  -26 
32  16 
0  0 
-24  13 
41  3 
-8  2 
14  -18 
35  -4 
-11  41 
9  38 
-17  17 
-19  -6 
8  -10 
6  -12 
-7  6 
5  11 
36  -13 
27  2 
22  18 
26  34 
53  20 
59  30 
1  37 
-16  34 
1  21 
21  42 
-9  -10 
52  38 
-24  52 
60  -17 
14  26 
46  25 
9  -11 
-18  11 
-31  6 
42  13 
-16  7 
4  20 
17  -11 
-1  -46 
-62  14 
-7  50 
1  13 
27  29 
42  9 
51  28 
21  16 
18  11 
67  13 
43  25 
-2  32 
-8  -7 
11  5 
34  34 
32  34 
-3  11 
13  17 
34  12 
-36  29 
-16  6 
-4  -8 
-39  -14 
-28  -15 
26  7 
12  62 
69  4 
57  -32 
13  24 
7  16 
-11  -42 
38  6 
7  -2 
11  -29 
27  -18 
-2  -19 
-20  25 
-11  36 
41  -44 
-16  20 
40  10 
-8  48 
-39  -8 
-37  -32 
-13  -19 
12  -24 
31  18 
0  0 
-23  15 
39  11 
-7  3 
18  -16 
39  -3 
-11  41 
9  39 
-17  18 
-18  -7 
10  -7 
3  -17 
-3  10 
1  10 
38  -13 
27  0 
21  23 
31  36 
58  17 
60  29 
1  38 
-11  35 
5  20 
21  44 
-9  -10 
51  42 
-26  56 
60  -16 
22  28 
48  24 
9  -9 
-15  12 
-34  4 
40  14 
-17  7 
5  17 
21  -9 
-2  -49 
-65  16 
-8  49 
3  11 
24  27 
44  8 
50  28 
21  17 
19  10 
66  14 
43  23 
-6  36 
-8  -6 
10  3 
34  35 
34  32 
-2  11 
16  16 
34  11 
-36  34 
-17  8 
-5  -6 
-41  -10 
-27  -17 
26  9 
11  59 
71  3 
57  -32 
13  24 
3  17 
-12  -38 
37  5 
-1  -5 
9  -30 
29  -17 
-4  -19 
-20  23 
-11  37 
44  -41 
-14  27 
41  9 
-4  38 
-39  -9 
-40  -29 
-16  -20 
9  -26 
31  16 
-1  -1 
-22  14 
37  11 
-5  8 
18  -16 
38  -3 
-11  38 
1  37 
-22  18 
-17  -9 
8  -9 
7  -16 
-4  7 
-2  12 
38  -14 
27  0 
21  23 
30  31 
55  16 
54  30 
-3  35 
-13  33 
5  19 
25  50 
-5  -11 
51  45 
-22  61 
63  -21 
22  30 
43  27 
8  -10 
-19  10 
-33  2 
41  12 
-19  8 
5  20 
22  -11 
1  -45 
-66  14 
-8  45 
5  12 
25  27 
40  10 
49  28 
19  16 
19  9 
64  14 
46  24 
-1  36 
-10  -7 
14  5 
38  34 
32  35 
-1  10 
16  18 
34  11 
-35  32 
-13  4 
-6  -7 
-43  -13 
-28  -18 
22  7 
11  59 
71  3 
56  -30 
12  28 
1  16 
-18  -39 
35  9 
1  -8 
13  -31 
31  -18 
-5  -20 
-16  25 
-11  34 
44  -43 
-14  27 
40  15 
-4  40 
-36  -8 
-42  -29 
-16  -20 
7  -28 
26  14 
0  -1 
-24  13 
40  9 
-9  5 
18  -17 
41  -1 
-7  32 
0  43 
-19  17 
-17  -8 
10  -9 
9  -16 
-2  7 
-1  11 
38  -14 
27  2 
20  24 
29  29 
56  14 
53  30 
-2  37 
-17  31 
3  18 
30  52 
-5  -16 
49  46 
-22  61 
61  -19 
22  28 
45  24 
3  -13 
-14  8 
-31  1 
40  10 
-19  8 
5  17 
24  -12 
3  -43 
-66  16 
-6  47 
2  13 
23  28 
43  9 
50  28 
19  17 
18  9 
65  11 
46  24 
2  33 
-7  -6 
11  -1 
38  34 
32  36 
1  10 
18  17 
32  5 
-35  30 
-13  6 
-5  -6 
-40  -10 
-31  -20 
15  7 
7  54 
68  3 
54  -29 
9  29 
3  17 
-20  -37 
31  10 
0  -11 
10  -32 
32  -18 
-3  -17 
-13  20 
-6  36 
46  -39 
-11  26 
41  11 
-4  41 
-32  -4 
-44  -30 
-19  -18 
3  -30 
24  14 
-1  -4 
-23  8 
38  9 
-5  0 
13  -15 
45  0 
-8  34 
1  41 
-18  18 
-17  -9 
6  -11 
10  -16 
-4  7 
-3  10 
38  -13 
23  5 
20  25 
26  30 
54  15 
55  25 
-3  37 
-19  33 
1  23 
28  50 
-7  -16 
49  38 
-22  61 
58  -16 
24  33 
47  22 
5  -16 
-14  7 
-31  -4 
38  11 
-16  7 
-2  19 
27  -15 
4  -41 
-59  16 
-11  48 
5  13 
26  28 
44  4 
49  31 
19  15 
23  7 
66  4 
40  23 
5  32 
-13  -8 
11  -1 
37  34 
31  36 
4  12 
23  18 
33  5 
-31  28 
-12  8 
-6  -5 
-39  -10 
-31  -20 
13  4 
9  54 
75  -1 
56  -30 
10  33 
1  20 
-17  -32 
31  10 
-1  -9 
11  -40 
32  -18 
-4  -22 
-8  19 
-4  34 
50  -36 
-13  23 
42  13 
-4  41 
-34  -6 
-40  -30 
-20  -15 
4  -32 
27  13 
0  0 
-24  7 
34  6 
-5  0 
11  -18 
41  3 
-5  28 
1  41 
-19  19 
-23  -12 
5  -9 
3  -13 
-4  6 
1  8 
38  -13 
23  3 
18  23 
28  30 
54  16 
51  25 
-6  34 
-20  31 
0  22 
30  51 
-3  -17 
48  36 
-22  61 
56  -18 
27  34 
48  22 
7  -18 
-18  12 
-30  -3 
43  11 
-10  8 
-2  17 
18  -14 
4  -40 
-59  16 
-11  51 
4  14 
26  28 
45  4 
49  30 
21  13 
24  4 
67  2 
41  21 
7  34 
-13  -9 
7  0 
38  40 
32  33 
4  15 
24  18 
32  6 
-28  29 
-15  11 
-6  -4 
-40  -6 
-33  -24 
14  14 
8  50 
69  -2 
63  -30 
10  33 
3  19 
-14  -31 
33  8 
-5  -9 
13  -41 
30  -17 
-4  -23 
-7  20 
-3  33 
54  -38 
-12  22 
38  11 
-5  41 
-28  -6 
-39  -36 
-18  -10 
5  -30 
32  16 
-1  -4 
-23  8 
30  7 
-5  -1 
10  -16 
41  -1 
-6  25 
1  37 
-15  20 
-22  -14 
6  -6 
6  -13 
-7  5 
3  3 
41  -7 
24  5 
18  24 
29  28 
56  14 
51  25 
-6  35 
-21  30 
3  27 
30  51 
-7  -16 
43  31 
-20  63 
56  -19 
27  32 
47  25 
9  -19 
-18  13 
-31  -4 
45  12 
-10  8 
-2  17 
16  -13 
8  -37 
-57  17 
-9  50 
7  18 
26  28 
46  5 
47  28 
24  14 
24  7 
61  -1 
41  21 
7  33 
-14  -11 
7  0 
38  37 
32  34 
-2  11 
25  21 
33  9 
-29  28 
-12  8 
-3  -5 
-39  -7 
-33  -24 
14  11 
5  52 
65  -3 
66  -33 
10  33 
8  18 
-16  -36 
37  8 
-6  -4 
11  -44 
25  -16 
-4  -19 
-5  16 
-5  34 
53  -34 
-8  19 
38  12 
-5  40 
-31  -4 
-40  -34 
-24  -7 
-4  -33 
32  18 
3  -9 
-25  5 
29  8 
-5  -1 
8  -16 
47  -2 
-9  30 
7  42 
-16  20 
-19  -12 
6  -6 
6  -12 
-9  2 
3  3 
45  -7 
28  2 
18  21 
29  27 
56  14 
50  24 
-3  34 
-17  28 
3  27 
34  54 
-6  -14 
45  31 
-19  63 
57  -19 
30  31 
47  23 
9  -16 
-18  9 
-32  -1 
43  15 
-8  5 
4  19 
19  -9 
6  -36 
-54  16 
-8  49 
4  15 
18  27 
47  5 
50  27 
21  16 
18  6 
58  -1 
40  22 
11  39 
-14  -12 
8  -2 
38  37 
36  32 
-3  10 
21  24 
37  7 
-28  29 
-10  13 
-6  -6 
-39  -7 
-34  -26 
14  13 
1  50 
61  -4 
65  -30 
12  33 
11  21 
-17  -32 
39  9 
-9  -4 
9  -44 
26  -17 
-3  -19 
-3  14 
-4  33 
53  -36 
-8  18 
39  10 
-4  41 
-34  -4 
-35  -29 
-24  -6 
-6  -34 
35  15 
-2  -8 
-24  7 
28  8 
-4  -2 
10  -15 
47  -2 
-7  29 
5  40 
-17  17 
-20  -11 
9  -6 
4  -6 
-8  2 
4  4 
47  -6 
23  -2 
18  21 
30  28 
59  16 
51  25 
-2  34 
-16  29 
3  27 
32  55 
-7  -14 
47  32 
-20  65 
56  -17 
32  36 
46  27 
11  -18 
-22  7 
-29  0 
45  12 
-6  2 
9  18 
20  -9 
6  -36 
-51  21 
-9  50 
4  15 
19  31 
48  2 
50  31 
21  21 
21  3 
63  -2 
40  23 
11  41 
-17  -12 
11  -3 
36  38 
36  32 
-2  6 
21  21 
40  11 
-34  28 
-11  14 
-6  -6 
-36  -6 
-33  -28 
13  14 
1  53 
57  -3 
61  -29 
12  33 
4  25 
-19  -33 
40  9 
-8  -4 
10  -41 
23  -15 
-5  -13 
-1  19 
-5  34 
51  -35 
-9  19 
38  11 
-5  39 
-32  -4 
-37  -33 
-23  -6 
-8  -32 
36  13 
-1  -9 
-27  4 
25  11 
-5  -2 
6  -16 
50  -4 
-4  29 
7  36 
-15  20 
-22  -12 
8  -6 
7  -7 
-8  2 
1  3 
44  -5 
25  4 
18  24 
35  29 
58  19 
48  24 
-2  34 
-16  27 
1  28 
31  56 
-4  -13 
52  31 
-17  72 
59  -11 
32  35 
39  32 
5  -23 
-22  7 
-29  2 
45  13 
-7  5 
9  15 
21  -8 
6  -33 
-51  19 
-9  50 
5  10 
21  30 
49  4 
50  31 
24  20 
23  3 
63  -1 
43  23 
12  34 
-17  -13 
13  -6 
32  38 
34  31 
-2  6 
21  22 
41  13 
-31  30 
-16  10 
-5  -6 
-39  -8 
-37  -30 
14  12 
2  53 
56  -2 
63  -31 
10  33 
0  29 
-20  -37 
37  10 
-11  -5 
9  -39 
26  -13 
-9  -18 
-4  13 
-4  32 
50  -35 
-6  16 
39  11 
-4  41 
-31  -4 
-41  -30 
-22  -3 
-8  -31 
32  13 
3  -12 
-27  4 
21  10 
-5  0 
7  -16 
51  -4 
-5  23 
5  41 
-13  20 
-24  -6 
7  -7 
7  -8 
-8  2 
1  3 
45  -8 
24  5 
18  21 
35  28 
63  17 
48  28 
-2  34 
-16  27 
1  28 
29  58 
-8  -14 
50  28 
-19  74 
57  -11 
28  38 
36  30 
8  -26 
-22  7 
-33  2 
44  14 
-4  7 
5  11 
18  -9 
9  -32 
-53  18 
-9  50 
7  6 
21  31 
49  4 
48  31 
24  20 
20  5 
63  -3 
43  23 
11  41 
-16  -11 
12  -6 
32  38 
34  32 
-4  7 
22  21 
41  11 
-30  32 
-14  7 
-6  -5 
-37  -9 
-37  -33 
13  13 
0  49 
52  -1 
66  -32 
10  33 
0  31 
-19  -38 
37  8 
-15  -3 
9  -39 
27  -10 
-2  -17 
-2  14 
-4  32 
48  -36 
-6  13 
41  12 
-4  40 
-30  -3 
-39  -27 
-22  -1 
-6  -29 
32  13 
2  -7 
-22  6 
21  10 
-5  -1 
11  -17 
54  -4 
-9  25 
5  39 
-13  20 
-22  -3 
9  -6 
8  -10 
-10  3 
1  3 
42  -8 
27  5 
20  20 
38  27 
61  19 
50  28 
-6  34 
-17  25 
5  24 
27  61 
-13  -17 
52  29 
-14  74 
59  -10 
29  37 
38  28 
11  -24 
-21  12 
-33  -2 
45  16 
-9  7 
5  14 
21  -11 
9  -31 
-51  16 
-7  50 
6  4 
22  30 
50  4 
50  31 
24  14 
20  5 
67  -1 
41  26 
10  43 
-17  -13 
9  -5 
36  42 
34  31 
-3  9 
25  20 
40  5 
-30  33 
-14  7 
-6  -4 
-33  -4 
-39  -29 
12  16 
-3  50 
51  2 
59  -30 
12  34 
1  30 
-16  -39 
40  6 
-17  -2 
12  -41 
27  -8 
-2  -16 
-4  14 
-2  34 
43  -32 
-7  12 
45  13 
-3  41 
-29  -3 
-39  -24 
-24  -2 
-4  -28 
33  14 
2  -10 
-19  2 
18  11 
-5  -1 
11  -15 
61  -1 
-13  20 
-2  39 
-11  18 
-18  -3 
6  -6 
5  -13 
-13  3 
0  3 
44  -9 
17  8 
23  17 
39  31 
62  19 
52  29 
-5  34 
-15  24 
3  23 
27  65 
-14  -16 
56  27 
-15  71 
56  -10 
29  41 
45  21 
11  -24 
-19  14 
-33  -2 
44  14 
-7  10 
5  12 
21  -12 
9  -32 
-52  16 
-8  53 
8  2 
19  25 
52  2 
46  29 
27  15 
18  6 
64  -1 
40  23 
9  46 
-14  -12 
6  -6 
36  41 
34  31 
-3  8 
21  22 
40  5 
-31  28 
-14  7 
-6  -4 
-33  -2 
-35  -28 
11  16 
2  47 
47  6 
60  -30 
10  33 
1  33 
-15  -36 
36  7 
-18  -7 
9  -42 
27  -7 
-4  -18 
-5  14 
-4  38 
40  -34 
-5  8 
47  12 
-4  37 
-31  0 
-39  -24 
-22  1 
-4  -28 
34  14 
-2  -8 
-19  1 
18  11 
0  0 
13  -16 
62  0 
-11  16 
-1  36 
-14  17 
-15  0 
7  -4 
3  -9 
-15  10 
2  3 
45  -9 
17  9 
23  17 
38  29 
61  17 
53  28 
-5  38 
-16  27 
4  24 
27  62 
-13  -16 
54  22 
-16  74 
58  -14 
27  40 
49  21 
12  -24 
-19  9 
-29  -1 
47  9 
-10  5 
1  10 
20  -11 
10  -32 
-53  14 
-6  52 
7  1 
21  23 
52  2 
44  35 
25  17 
19  10 
65  0 
36  27 
10  48 
-15  -10 
7  -7 
31  39 
34  31 
0  9 
23  23 
41  10 
-31  28 
-17  7 
-1  -4 
-34  -2 
-40  -30 
12  16 
3  48 
46  8 
63  -31 
10  31 
2  27 
-13  -38 
35  7 
-17  -7 
9  -42 
29  -4 
-2  -19 
-4  13 
-4  38 
38  -33 
-3  8 
47  12 
2  36 
-33  0 
-36  -21 
-20  0 
-6  -24 
37  15 
-3  -11 
-19  2 
24  14 
3  -2 
13  -16 
60  3 
-12  14 
-2  37 
-12  22 
-15  -1 
8  1 
-1  -10 
-22  11 
0  6 
43  -9 
19  11 
23  15 
43  30 
61  18 
53  25 
-5  39 
-16  25 
6  24 
22  65 
-14  -15 
53  23 
-16  72 
60  -15 
28  36 
49  21 
12  -27 
-16  7 
-27  0 
41  11 
-14  7 
-2  12 
22  -7 
12  -31 
-55  14 
-4  52 
12  2 
21  23 
51  0 
47  35 
25  11 
24  9 
61  2 
37  28 
16  45 
-13  -11 
7  -6 
31  39 
35  31 
4  9 
24  26 
41  10 
-30  31 
-16  7 
-2  -3 
-33  -4 
-40  -26 
12  13 
3  48 
46  9 
70  -32 
9  28 
0  30 
-9  -39 
34  8 
-22  -13 
3  -43 
30  -8 
-2  -19 
-3  15 
-4  38 
40  -35 
-2  6 
47  12 
-1  31 
-32  2 
-38  -23 
-24  2 
-5  -21 
36  12 
-3  -11 
-23  0 
24  15 
4  -1 
15  -17 
60  3 
-11  15 
-2  36 
-11  24 
-17  -2 
7  -2 
-1  -10 
-22  9 
-1  5 
41  -8 
18  11 
24  14 
49  31 
61  19 
56  27 
-5  40 
-14  24 
6  25 
26  67 
-17  -11 
53  25 
-17  71 
60  -16 
22  30 
49  18 
13  -26 
-17  7 
-28  -5 
39  9 
-14  8 
1  11 
25  -6 
11  -30 
-55  12 
-4  53 
12  2 
21  23 
49  6 
46  34 
21  13 
20  9 
62  1 
38  26 
10  45 
-10  -9 
12  -5 
31  40 
34  31 
8  9 
23  25 
36  7 
-31  26 
-16  6 
-1  -4 
-29  -4 
-39  -28 
12  14 
3  43 
43  8 
70  -32 
12  29 
-2  31 
-8  -38 
31  5 
-20  -11 
1  -41 
30  -7 
-2  -19 
-1  19 
-4  32 
46  -33 
0  10 
47  12 
4  27 
-32  2 
-38  -22 
-25  -1 
-9  -21 
36  13 
-3  -9 
-24  2 
27  24 
6  -1 
16  -20 
61  2 
-11  18 
-6  32 
-14  24 
-16  1 
9  -1 
1  -10 
-22  12 
0  3 
44  -5 
19  11 
29  14 
53  29 
65  20 
53  24 
-3  35 
-15  24 
7  25 
24  65 
-17  -11 
52  25 
-18  69 
61  -17 
20  31 
56  18 
12  -24 
-15  7 
-27  0 
37  8 
-11  9 
1  11 
25  -9 
11  -30 
-56  12 
-6  54 
11  1 
27  22 
50  4 
46  34 
23  12 
19  10 
64  -1 
38  27 
13  44 
-8  -11 
12  -6 
31  36 
35  28 
9  14 
21  21 
37  5 
-30  27 
-19  9 
1  -4 
-28  -2 
-37  -23 
16  14 
3  43 
40  5 
76  -33 
6  28 
-2  31 
-8  -38 
37  8 
-20  -10 
3  -41 
30  -9 
-2  -19 
-1  16 
-4  32 
46  -33 
2  13 
46  14 
2  27 
-33  0 
-39  -22 
-25  0 
-11  -21 
37  14 
-5  -13 
-25  3 
28  22 
4  0 
16  -19 
60  3 
-13  18 
-8  33 
-9  19 
-16  6 
9  -2 
1  -12 
-24  10 
-6  -6 
50  -12 
21  13 
27  12 
53  29 
64  18 
49  21 
-4  33 
-13  22 
7  23 
25  71 
-12  -4 
58  26 
-19  71 
61  -16 
23  31 
56  18 
9  -24 
-15  13 
-27  0 
43  1 
-9  7 
-2  17 
21  -10 
11  -30 
-57  12 
-7  52 
5  4 
29  20 
53  5 
50  33 
21  12 
19  10 
57  -2 
40  29 
11  45 
-11  -12 
11  -4 
30  36 
35  28 
9  16 
18  17 
38  6 
-25  29 
-19  10 
2  -3 
-32  2 
-39  -23 
16  12 
3  43 
44  0 
77  -32 
7  24 
1  28 
-11  -36 
39  11 
-20  -10 
-5  -46 
26  -13 
-4  -18 
-1  16 
-5  31 
45  -36 
5  12 
49  9 
6  28 
-33  2 
-45  -24 
-25  0 
-11  -21 
38  14 
-1  -10 
-19  3 
26  24 
3  -2 
15  -17 
64  10 
-11  18 
-6  35 
-15  23 
-19  9 
3  -3 
6  -11 
-28  13 
-5  -1 
43  -15 
21  11 
28  7 
51  30 
61  19 
49  21 
-6  34 
-14  23 
11  22 
26  74 
-16  -6 
58  27 
-22  69 
60  -14 
27  33 
53  20 
8  -20 
-15  15 
-27  1 
45  0 
-13  5 
-2  19 
24  -13 
12  -31 
-59  13 
-6  51 
8  4 
29  17 
53  5 
50  33 
24  11 
18  11 
