Created:October-13-2022 
Coverage:17 
N:20 
NUM-IONS:68 
NSTEPS:15000 
WRITE-PERIODICITY:100 
epsilon:1.71 
-3  -29 
15  7 
1  3 
-3  35 
9  14 
4  10 
40  -12 
5  20 
5  -4 
17  3 
33  18 
-8  -8 
-1  20 
10  13 
21  37 
15  24 
42  -13 
29  -18 
11  24 
19  28 
8  21 
-1  39 
16  16 
37  29 
-2  14 
2  17 
7  16 
-26  26 
20  13 
24  19 
-10  11 
20  17 
13  -45 
11  16 
12  22 
5  7 
1  -5 
-7  9 
13  14 
-23  26 
12  24 
-36  24 
29  23 
36  -22 
6  15 
2  -16 
36  33 
16  31 
27  17 
27  29 
3  16 
12  20 
5  1 
11  26 
5  24 
-6  30 
-15  5 
-21  -14 
21  -13 
26  7 
8  2 
0  -2 
12  -4 
6  -6 
6  23 
7  35 
-6  12 
8  -1 
2  -25 
15  4 
-7  3 
-2  34 
10  13 
2  9 
39  -10 
8  21 
9  -1 
19  4 
33  14 
-8  -8 
-5  23 
10  11 
18  43 
18  21 
42  -13 
28  -16 
12  25 
16  32 
11  20 
2  39 
19  16 
37  29 
-4  16 
5  20 
8  15 
-23  26 
17  16 
19  19 
-11  11 
19  18 
13  -44 
7  19 
11  21 
3  10 
2  -2 
-4  10 
10  18 
-28  26 
11  26 
-38  24 
27  16 
36  -22 
4  18 
1  -16 
32  39 
15  34 
29  20 
30  27 
4  12 
13  24 
5  1 
8  23 
-1  31 
-8  29 
-17  3 
-21  -14 
23  -12 
25  5 
9  2 
1  -2 
10  0 
6  -6 
7  25 
10  32 
-9  18 
8  2 
2  -21 
14  1 
-8  6 
0  31 
6  9 
3  10 
40  -12 
8  15 
8  2 
19  6 
31  14 
-7  -9 
-2  23 
9  11 
20  43 
15  25 
42  -13 
26  -17 
10  27 
15  34 
12  19 
1  33 
22  20 
35  27 
-7  14 
2  17 
6  14 
-23  26 
17  12 
19  16 
-10  15 
27  17 
11  -38 
4  18 
11  20 
-2  9 
3  -4 
-6  10 
9  19 
-28  24 
7  28 
-34  27 
25  12 
36  -22 
0  17 
1  -16 
32  37 
18  34 
26  15 
31  26 
4  10 
16  25 
5  0 
6  24 
-4  33 
-6  29 
-17  3 
-23  -11 
23  -11 
25  7 
8  3 
0  0 
8  -1 
7  -4 
7  25 
12  32 
-9  16 
9  3 
2  -24 
14  3 
-9  4 
2  34 
7  8 
3  10 
42  -11 
10  13 
8  2 
17  3 
32  12 
-7  -9 
-1  24 
10  11 
21  44 
10  24 
43  -12 
25  -16 
9  25 
19  29 
11  18 
0  34 
21  19 
35  25 
-8  17 
4  18 
4  15 
-20  28 
20  13 
19  16 
-11  11 
33  16 
11  -43 
1  17 
15  14 
-9  9 
-1  -1 
-9  13 
8  20 
-23  26 
5  27 
-33  29 
23  16 
36  -22 
1  18 
2  -18 
36  36 
18  34 
28  15 
28  26 
6  18 
20  29 
5  0 
5  25 
-2  30 
-1  28 
-20  6 
-21  -15 
23  -11 
26  7 
8  3 
5  -3 
9  2 
7  -4 
7  24 
12  28 
-3  16 
13  4 
2  -26 
14  3 
-7  8 
3  36 
13  9 
3  9 
45  -15 
9  14 
12  0 
15  0 
32  12 
-13  -3 
-1  24 
10  15 
22  47 
10  26 
42  -11 
23  -14 
11  26 
20  31 
11  19 
-1  36 
20  18 
38  26 
-8  17 
5  20 
7  16 
-20  33 
21  12 
15  14 
-14  15 
36  12 
10  -49 
2  19 
14  13 
-8  9 
0  -3 
-7  15 
8  20 
-21  26 
5  27 
-30  27 
24  18 
36  -22 
-1  19 
5  -16 
37  31 
18  34 
28  15 
33  24 
9  22 
16  25 
3  -1 
5  26 
-1  30 
-1  28 
-17  5 
-21  -15 
21  -10 
28  3 
6  5 
2  -3 
10  4 
4  -7 
8  21 
9  28 
-2  16 
14  2 
7  -24 
19  8 
-11  14 
2  37 
12  4 
5  12 
42  -13 
8  15 
12  -3 
16  0 
28  12 
-12  -1 
-1  26 
10  15 
24  50 
11  26 
46  -7 
24  -8 
13  24 
18  31 
11  14 
-5  34 
23  16 
37  26 
-9  20 
4  20 
7  17 
-20  38 
23  19 
14  15 
-14  15 
36  12 
9  -49 
0  17 
13  14 
-10  11 
-2  -1 
-10  13 
11  19 
-20  26 
6  23 
-31  26 
22  19 
37  -20 
-1  18 
1  -10 
32  31 
18  34 
25  13 
34  26 
6  22 
21  23 
4  -2 
1  27 
-3  29 
-1  29 
-17  10 
-21  -16 
16  -7 
28  3 
7  5 
1  -3 
11  4 
3  -6 
7  19 
9  28 
-10  16 
16  5 
5  -27 
16  11 
-11  11 
2  39 
11  6 
3  9 
41  -13 
10  14 
10  -2 
11  -1 
30  13 
-9  0 
-2  24 
8  19 
21  50 
10  27 
43  -4 
18  -2 
15  20 
19  24 
12  12 
-3  29 
21  15 
38  29 
-10  20 
5  21 
6  14 
-20  37 
25  16 
13  16 
-16  15 
34  9 
9  -46 
5  20 
7  16 
-10  11 
-1  -1 
-9  13 
12  19 
-21  26 
6  23 
-28  28 
21  19 
38  -26 
-3  16 
-4  -11 
34  31 
19  36 
26  15 
31  31 
5  27 
22  24 
2  -3 
2  28 
-2  30 
-1  28 
-16  10 
-22  -17 
18  -12 
27  5 
6  4 
1  -3 
13  4 
3  -5 
7  17 
5  26 
-7  14 
15  7 
3  -29 
15  14 
-11  11 
0  38 
6  7 
3  9 
41  -13 
13  15 
11  -3 
10  -2 
31  15 
-8  -3 
-8  25 
13  16 
23  48 
10  27 
47  -3 
16  -4 
15  20 
22  21 
12  6 
-3  27 
25  14 
38  29 
-10  20 
5  21 
5  12 
-24  40 
31  16 
14  14 
-20  17 
33  9 
9  -46 
2  19 
11  19 
-6  11 
-1  -3 
-12  15 
6  14 
-19  23 
9  22 
-25  27 
24  18 
38  -26 
-6  15 
-1  -12 
34  29 
17  36 
27  16 
32  32 
5  26 
22  24 
5  0 
1  24 
-1  29 
-4  26 
-17  10 
-18  -23 
21  -10 
28  4 
7  5 
3  -1 
10  6 
-6  -10 
9  19 
6  26 
-6  16 
18  6 
3  -32 
15  14 
-6  10 
-1  39 
6  7 
3  4 
41  -13 
11  14 
10  -5 
10  -2 
30  13 
-8  -1 
-10  26 
13  16 
24  50 
11  26 
44  -2 
17  -4 
11  22 
17  23 
12  5 
-3  34 
26  14 
40  29 
-11  19 
5  21 
2  16 
-23  40 
32  18 
12  14 
-18  19 
32  6 
9  -48 
4  17 
12  17 
-9  9 
-2  -4 
-11  14 
7  17 
-23  26 
5  24 
-24  25 
21  10 
38  -26 
-7  15 
-5  -13 
30  31 
14  34 
29  15 
32  32 
2  28 
20  26 
4  0 
-2  22 
0  30 
-7  26 
-17  10 
-18  -27 
25  -8 
28  -1 
7  5 
4  -1 
13  4 
-11  -9 
10  21 
7  28 
-7  14 
14  6 
2  -32 
15  14 
-6  9 
4  38 
2  5 
-1  5 
41  -13 
17  16 
11  -3 
10  0 
33  11 
-11  -6 
-8  26 
16  13 
24  50 
12  25 
39  -1 
16  -9 
13  16 
9  23 
15  3 
1  33 
25  16 
37  29 
-13  16 
3  18 
0  21 
-25  40 
28  19 
13  14 
-20  18 
31  4 
3  -44 
4  15 
11  13 
-8  8 
0  0 
-11  11 
7  15 
-22  23 
6  23 
-26  21 
21  4 
40  -26 
-7  15 
-1  -14 
30  31 
18  34 
28  15 
32  32 
3  28 
18  24 
3  3 
-2  21 
0  29 
-5  29 
-19  10 
-18  -26 
25  -7 
29  -1 
4  4 
0  -3 
8  3 
-12  -8 
9  22 
7  28 
-9  16 
16  5 
2  -32 
17  9 
-8  12 
0  37 
-1  6 
-5  6 
45  -13 
13  15 
10  -4 
18  3 
40  13 
-11  -6 
-9  24 
16  13 
19  51 
12  26 
41  -8 
11  -6 
10  21 
10  25 
12  5 
0  36 
26  15 
37  32 
-10  23 
3  18 
3  23 
-25  40 
30  20 
14  9 
-18  16 
31  6 
5  -48 
3  16 
10  15 
-9  9 
1  -1 
-14  14 
7  16 
-24  25 
5  25 
-29  22 
22  4 
40  -32 
-7  14 
0  -14 
30  31 
18  34 
29  19 
36  29 
3  30 
19  24 
1  7 
-2  21 
0  29 
3  31 
-16  10 
-16  -22 
25  -7 
28  3 
2  7 
-5  -6 
13  -4 
-14  -8 
8  22 
7  28 
-9  20 
16  6 
3  -30 
20  10 
-6  9 
0  36 
-1  5 
2  -1 
43  -17 
10  13 
12  -8 
21  4 
42  13 
-8  -3 
-12  26 
17  16 
21  50 
12  25 
40  -9 
12  -9 
10  18 
10  24 
11  4 
2  32 
27  16 
33  34 
-12  23 
7  17 
7  28 
-25  40 
31  22 
11  14 
-21  9 
32  6 
4  -45 
0  17 
11  15 
-7  9 
-1  -1 
-15  16 
9  14 
-21  26 
5  25 
-26  21 
22  4 
39  -30 
-3  15 
2  -11 
28  32 
15  36 
30  25 
36  33 
2  27 
19  28 
2  5 
-1  24 
0  28 
5  32 
-16  10 
-14  -22 
27  -2 
27  5 
1  7 
-3  -6 
13  -1 
-17  -6 
9  20 
9  31 
-9  16 
18  1 
1  -30 
23  16 
-7  9 
2  37 
5  7 
1  4 
47  -15 
9  8 
10  -7 
22  4 
38  14 
-9  -6 
-12  30 
17  16 
24  50 
12  24 
40  -12 
14  -9 
11  21 
11  24 
12  6 
2  33 
25  16 
32  37 
-12  22 
12  14 
13  26 
-24  40 
32  19 
13  14 
-25  7 
33  4 
6  -45 
0  18 
7  17 
-8  5 
5  1 
-16  20 
8  15 
-21  26 
5  25 
-24  25 
24  12 
40  -27 
0  16 
3  -12 
29  32 
14  35 
27  28 
36  33 
2  30 
20  31 
4  5 
-2  21 
-3  29 
6  32 
-15  12 
-9  -20 
30  0 
26  3 
2  9 
-4  -4 
13  -4 
-12  -1 
15  23 
9  31 
-8  20 
21  0 
3  -24 
26  15 
-9  9 
4  38 
-2  6 
1  3 
45  -14 
5  13 
12  -8 
21  4 
40  14 
-8  -14 
-10  31 
19  16 
23  49 
12  24 
42  -7 
13  -9 
10  20 
13  24 
10  4 
0  36 
26  14 
34  35 
-12  23 
11  18 
16  25 
-21  39 
32  20 
12  19 
-25  5 
37  6 
5  -48 
0  19 
8  15 
-9  4 
7  -3 
-22  14 
2  17 
-21  26 
2  24 
-20  26 
22  19 
38  -30 
1  17 
1  -7 
29  34 
13  34 
27  25 
32  31 
2  27 
25  36 
5  7 
-7  22 
-2  28 
8  39 
-14  12 
-9  -19 
29  -1 
26  4 
5  4 
-4  -7 
17  -4 
-10  1 
16  26 
10  33 
-9  20 
25  0 
2  -21 
26  14 
-6  9 
0  41 
-3  9 
5  6 
45  -16 
3  10 
21  -10 
21  3 
43  14 
-13  -12 
-8  32 
21  12 
23  51 
12  24 
42  -7 
18  -12 
8  19 
9  26 
8  3 
1  40 
21  15 
31  38 
-10  20 
12  17 
19  30 
-21  37 
33  15 
11  19 
-26  6 
28  6 
5  -48 
5  20 
10  13 
-8  6 
6  -2 
-22  14 
6  12 
-21  25 
-1  26 
-19  24 
20  19 
39  -31 
0  18 
-3  -14 
33  34 
17  36 
28  24 
30  31 
3  29 
27  37 
3  7 
-8  19 
-1  28 
8  40 
-17  16 
-8  -22 
24  -1 
27  4 
6  6 
-5  -6 
19  -9 
-9  0 
11  29 
9  33 
-9  17 
25  1 
2  -19 
27  16 
-6  9 
1  44 
-3  9 
2  7 
47  -15 
2  4 
20  -6 
22  5 
44  15 
-12  -11 
-8  32 
22  13 
26  46 
14  27 
43  -6 
17  -8 
9  20 
14  30 
6  3 
2  37 
19  16 
32  39 
-9  24 
8  16 
15  34 
-20  42 
33  14 
8  21 
-25  4 
30  7 
6  -45 
3  16 
9  14 
-10  6 
6  -4 
-22  14 
9  19 
-22  23 
-1  28 
-11  28 
22  19 
38  -31 
2  16 
-8  -15 
32  37 
18  35 
33  24 
29  31 
6  34 
24  38 
5  4 
-10  20 
0  28 
9  42 
-19  13 
-7  -25 
24  -1 
25  5 
11  9 
-4  -9 
18  -10 
-9  0 
12  29 
10  33 
-9  15 
27  0 
1  -20 
28  18 
-3  9 
1  44 
-10  13 
3  7 
48  -17 
2  4 
22  -7 
21  5 
42  21 
-13  -11 
-8  34 
25  14 
29  42 
10  28 
40  0 
17  -8 
11  20 
12  32 
7  5 
2  39 
20  17 
31  36 
-9  24 
18  9 
15  34 
-18  45 
33  16 
8  22 
-26  1 
31  15 
7  -44 
0  18 
9  16 
-8  4 
6  -6 
-22  14 
8  19 
-21  24 
0  31 
-11  31 
23  16 
40  -32 
-1  19 
-7  -16 
32  38 
12  36 
35  26 
28  31 
5  32 
27  34 
5  7 
-13  19 
-1  28 
10  40 
-21  13 
-14  -25 
24  -1 
26  6 
12  5 
-4  -10 
19  -2 
-8  0 
14  31 
10  36 
-7  14 
31  2 
3  -26 
31  16 
-2  8 
1  44 
-11  11 
1  7 
49  -14 
2  4 
25  -6 
25  4 
43  16 
-13  -11 
-10  35 
28  19 
28  43 
7  28 
42  -5 
20  -6 
10  17 
10  33 
8  6 
1  38 
19  16 
29  34 
-7  23 
15  9 
15  34 
-17  47 
34  15 
10  20 
-24  5 
31  14 
7  -44 
-1  19 
8  15 
-11  5 
5  -8 
-23  16 
9  22 
-21  24 
0  33 
-8  34 
26  14 
39  -29 
2  19 
-8  -20 
33  36 
16  34 
38  21 
26  24 
5  35 
25  36 
5  7 
-13  17 
-1  28 
11  39 
-25  5 
-11  -28 
20  -2 
26  3 
8  8 
4  -10 
15  -4 
-10  -2 
16  33 
10  31 
-8  12 
28  2 
-1  -21 
28  15 
-1  8 
7  48 
-10  7 
2  7 
53  -16 
1  4 
26  -7 
25  5 
40  13 
-17  -13 
-6  31 
22  17 
28  43 
7  29 
39  -3 
21  -3 
12  18 
8  36 
11  6 
-1  36 
22  13 
30  36 
-8  24 
14  10 
17  29 
-18  44 
33  15 
12  22 
-22  8 
30  11 
5  -48 
0  18 
9  14 
-9  9 
9  -12 
-28  17 
8  22 
-21  26 
-5  36 
-7  36 
23  16 
39  -31 
-1  24 
-10  -20 
32  36 
14  33 
38  21 
24  25 
7  37 
25  36 
6  6 
-20  17 
-2  32 
12  39 
-26  9 
-7  -29 
22  -1 
26  3 
11  10 
4  -10 
16  -6 
-9  -4 
20  29 
10  33 
-8  7 
29  -1 
1  -22 
28  15 
-1  11 
6  49 
-9  6 
4  11 
53  -16 
5  0 
24  -10 
22  7 
41  12 
-19  -10 
-9  29 
22  19 
29  42 
3  28 
40  -7 
15  0 
7  18 
6  38 
15  6 
0  35 
25  16 
29  31 
-8  24 
11  10 
19  28 
-18  44 
33  16 
11  20 
-17  14 
29  14 
5  -45 
-1  19 
6  16 
-9  11 
17  -14 
-22  16 
7  19 
-21  25 
-4  36 
-10  35 
23  19 
39  -31 
-1  24 
-13  -23 
33  34 
14  36 
38  21 
25  25 
7  36 
25  33 
5  4 
-17  16 
2  37 
12  42 
-33  8 
-10  -29 
21  4 
26  4 
12  17 
3  -10 
14  -10 
-8  -8 
15  34 
11  34 
-14  12 
28  -1 
2  -17 
30  20 
0  10 
5  44 
-11  6 
4  10 
51  -16 
-2  -1 
21  -10 
23  10 
36  11 
-21  -9 
-10  24 
24  19 
28  42 
2  26 
46  -6 
16  0 
7  16 
2  37 
17  6 
0  32 
20  18 
32  26 
-9  26 
10  7 
18  30 
-25  47 
33  15 
13  24 
-17  16 
33  14 
5  -44 
-1  19 
3  15 
-9  9 
12  -16 
-25  14 
8  19 
-21  26 
-1  37 
-13  37 
25  12 
39  -32 
0  25 
-10  -27 
30  38 
16  33 
38  22 
22  30 
5  38 
26  35 
3  2 
-16  18 
0  37 
6  38 
-33  9 
-12  -25 
22  4 
29  3 
12  16 
6  -16 
14  -8 
-8  -8 
17  36 
11  42 
-14  16 
29  2 
2  -16 
32  19 
-3  9 
6  47 
-11  7 
-1  11 
55  -13 
-3  0 
23  -4 
23  10 
36  13 
-27  -12 
-9  24 
25  20 
28  44 
1  27 
46  -6 
15  0 
5  15 
-1  36 
14  6 
4  38 
19  24 
29  26 
-8  26 
11  6 
17  32 
-27  45 
33  15 
12  25 
-18  17 
34  16 
6  -42 
2  19 
2  21 
-14  11 
14  -13 
-25  14 
7  19 
-21  26 
-1  37 
-13  36 
23  9 
40  -32 
-1  22 
-11  -26 
30  41 
18  34 
36  20 
19  30 
5  41 
25  36 
6  3 
-17  18 
0  38 
7  38 
-36  10 
-12  -25 
25  4 
28  3 
10  18 
5  -15 
10  -3 
-11  -15 
17  36 
14  42 
-12  22 
31  0 
2  -16 
30  11 
-2  8 
4  46 
-10  7 
2  15 
52  -16 
2  1 
24  -2 
18  11 
37  12 
-31  -8 
-10  26 
24  19 
27  45 
1  27 
43  -2 
16  0 
6  14 
1  30 
14  -4 
2  37 
19  24 
28  26 
-9  24 
9  6 
22  40 
-30  44 
33  14 
16  25 
-18  19 
33  15 
9  -41 
3  19 
-3  28 
-14  12 
7  -16 
-25  14 
8  19 
-19  24 
3  36 
-10  33 
24  10 
39  -32 
1  23 
-10  -25 
32  39 
16  34 
39  19 
14  26 
3  37 
27  36 
6  3 
-22  16 
0  40 
7  37 
-38  10 
-9  -24 
26  7 
29  2 
11  17 
5  -13 
11  -2 
-15  -16 
17  36 
18  41 
-12  22 
30  -2 
1  -17 
26  14 
-5  7 
2  44 
-11  5 
2  13 
53  -16 
2  -4 
23  -4 
19  8 
38  8 
-32  -5 
-8  25 
21  20 
27  45 
2  27 
44  -3 
12  -1 
6  15 
-1  31 
17  -8 
4  38 
19  25 
28  22 
-8  24 
12  6 
18  30 
-31  48 
32  11 
14  21 
-15  20 
35  14 
8  -40 
4  19 
-4  25 
-17  11 
5  -16 
-24  13 
8  19 
-21  16 
-4  34 
-9  38 
24  10 
37  -31 
2  19 
-7  -24 
31  40 
14  40 
40  18 
15  24 
5  36 
27  36 
6  3 
-24  16 
1  37 
7  37 
-34  6 
-8  -22 
25  7 
29  -1 
13  15 
5  -15 
10  0 
-17  -10 
9  34 
15  43 
-11  22 
29  -4 
5  -13 
22  10 
-2  8 
0  46 
-6  9 
3  17 
52  -15 
2  -7 
25  -8 
19  8 
36  5 
-32  -5 
-7  24 
20  17 
28  43 
2  27 
47  -1 
10  -7 
4  15 
-1  25 
18  -8 
0  31 
17  27 
31  24 
-8  19 
11  6 
18  30 
-32  45 
36  12 
11  21 
-15  20 
36  13 
8  -38 
0  20 
-5  24 
-19  4 
6  -13 
-23  9 
10  20 
-24  16 
-6  36 
-10  38 
24  10 
40  -32 
-2  16 
-7  -25 
32  36 
15  40 
43  18 
18  23 
12  32 
32  37 
6  3 
-22  14 
0  33 
6  36 
-33  8 
-7  -24 
25  6 
33  3 
11  20 
5  -16 
12  2 
-21  -11 
9  34 
14  42 
-10  27 
27  -2 
5  -13 
19  6 
-3  8 
3  49 
-11  11 
5  16 
52  -16 
2  -7 
25  -8 
20  11 
35  7 
-34  -5 
-2  30 
22  19 
28  43 
2  27 
48  -1 
12  -3 
10  14 
-1  24 
18  -4 
0  29 
16  25 
33  24 
-9  20 
10  5 
14  29 
-31  40 
33  16 
10  20 
-15  20 
36  9 
9  -37 
-1  16 
-3  23 
-18  4 
8  -12 
-24  6 
12  19 
-23  16 
-4  32 
-10  38 
21  10 
39  -32 
-1  19 
-2  -27 
32  34 
15  40 
40  20 
18  21 
13  31 
32  38 
5  4 
-20  13 
1  35 
2  34 
-29  10 
-7  -25 
26  3 
28  2 
11  16 
2  -12 
11  1 
-22  -11 
6  34 
14  46 
-9  29 
29  -1 
5  -13 
22  4 
-1  6 
3  49 
-14  9 
4  20 
49  -9 
0  -4 
25  -8 
21  12 
29  5 
-34  -5 
-4  32 
23  16 
29  42 
3  24 
49  -1 
7  -3 
11  21 
-1  25 
15  -6 
0  31 
14  26 
30  27 
-10  18 
11  4 
10  33 
-32  35 
31  13 
11  15 
-15  20 
40  13 
8  -37 
0  18 
-1  24 
-18  8 
7  -12 
-22  3 
15  19 
-23  16 
-7  34 
-12  42 
23  8 
40  -32 
-1  16 
1  -30 
33  36 
15  40 
42  14 
20  19 
12  32 
32  39 
6  6 
-19  13 
4  35 
2  33 
-33  9 
-7  -25 
31  6 
29  3 
11  16 
3  -10 
12  2 
-20  -11 
0  40 
15  45 
-5  30 
27  -2 
5  -13 
22  7 
-9  6 
4  50 
-13  8 
-1  16 
51  -12 
1  -1 
22  -7 
20  8 
31  9 
-34  -5 
1  32 
22  19 
29  39 
4  25 
48  0 
7  -4 
10  20 
-6  29 
14  -8 
-3  26 
14  21 
30  27 
-9  18 
13  4 
8  35 
-32  41 
31  16 
12  16 
-15  20 
40  14 
8  -38 
4  20 
3  23 
-23  12 
12  -14 
-21  6 
16  18 
-27  16 
-7  34 
-9  42 
21  7 
33  -31 
-3  16 
1  -29 
32  32 
19  39 
42  17 
20  17 
10  36 
32  39 
2  4 
-20  13 
2  35 
5  36 
-35  12 
-2  -26 
32  5 
28  3 
13  15 
3  -11 
15  0 
-24  -9 
-1  38 
15  47 
-1  31 
28  -6 
5  -14 
23  9 
-10  7 
4  50 
-14  7 
-4  13 
52  -15 
3  -3 
21  -8 
16  12 
29  15 
-36  -5 
2  33 
20  18 
28  41 
5  25 
51  2 
8  -1 
11  16 
-6  26 
12  -9 
-2  28 
15  28 
31  29 
-9  20 
18  1 
7  36 
-34  36 
30  13 
13  15 
-21  19 
43  14 
8  -37 
2  19 
5  27 
-25  13 
12  -16 
-18  5 
16  18 
-29  13 
-6  35 
-11  39 
22  7 
27  -32 
-4  14 
-2  -31 
32  32 
21  40 
40  13 
22  17 
6  32 
30  38 
-1  6 
-22  10 
1  39 
1  35 
-34  15 
0  -30 
32  6 
29  2 
17  12 
2  -10 
15  0 
-25  -6 
-1  36 
15  47 
-1  29 
29  -6 
2  -15 
24  8 
-9  6 
5  53 
-15  5 
-4  13 
53  -14 
5  0 
18  -10 
14  9 
28  15 
-42  -9 
2  34 
20  18 
28  41 
5  24 
54  3 
7  -3 
9  16 
-5  26 
12  -9 
1  18 
19  28 
31  30 
-10  20 
18  1 
4  38 
-34  35 
33  14 
16  16 
-18  18 
43  16 
8  -38 
2  17 
2  24 
-20  13 
12  -15 
-19  4 
16  18 
-30  13 
-7  36 
-12  39 
21  7 
28  -34 
-3  12 
-2  -31 
32  32 
20  40 
42  15 
23  17 
5  36 
31  42 
-6  6 
-24  5 
5  39 
2  33 
-32  16 
0  -30 
32  6 
28  3 
20  8 
2  -12 
15  0 
-25  -6 
1  39 
17  49 
-4  32 
28  -8 
4  -10 
28  13 
-12  6 
10  51 
-17  8 
-6  15 
52  -14 
2  -5 
15  -6 
11  9 
28  15 
-46  -9 
6  36 
19  19 
23  36 
5  27 
52  4 
9  -1 
9  12 
-1  29 
13  -11 
2  19 
21  31 
35  27 
-12  23 
21  4 
5  40 
-35  36 
37  16 
20  17 
-20  19 
47  16 
10  -40 
6  15 
2  27 
-21  6 
11  -18 
-18  6 
16  18 
-28  17 
-10  33 
-9  41 
20  6 
29  -35 
-4  9 
-3  -31 
32  33 
23  39 
42  17 
23  18 
7  38 
32  39 
-3  6 
-24  5 
5  41 
-1  34 
-35  14 
-1  -29 
33  4 
29  2 
20  8 
5  -16 
15  0 
-22  -6 
4  38 
16  43 
-7  25 
32  -8 
3  -9 
28  15 
-11  6 
11  56 
-19  7 
-3  16 
52  -14 
5  -4 
18  -4 
12  7 
31  15 
-45  -4 
7  36 
20  16 
23  36 
7  29 
51  4 
10  7 
9  11 
-5  34 
11  -11 
-1  16 
24  30 
35  27 
-11  22 
22  5 
0  38 
-35  32 
41  18 
22  17 
-13  18 
48  23 
9  -41 
6  18 
3  26 
-21  5 
8  -21 
-19  4 
16  18 
-29  20 
-11  34 
-8  39 
19  6 
31  -34 
-3  9 
0  -27 
32  34 
24  38 
37  20 
19  19 
8  42 
30  33 
-4  6 
-24  5 
5  40 
-2  29 
-34  14 
-3  -34 
33  4 
27  5 
20  8 
2  -16 
15  -1 
-28  -9 
4  40 
15  44 
-8  24 
34  -11 
4  -10 
20  17 
-10  11 
13  56 
-15  4 
-4  14 
48  -12 
2  -5 
15  -6 
12  9 
28  15 
-46  -4 
7  36 
17  16 
21  37 
7  28 
54  1 
14  9 
9  11 
-2  34 
5  -7 
-2  21 
21  30 
35  27 
-12  21 
25  7 
3  36 
-38  33 
40  21 
20  11 
-15  12 
49  22 
8  -41 
1  19 
5  25 
-21  5 
10  -22 
-19  4 
16  18 
-31  20 
-14  34 
-13  38 
17  6 
30  -34 
-3  11 
0  -27 
30  36 
21  35 
35  20 
20  19 
9  39 
32  31 
-8  6 
-27  4 
5  41 
-4  33 
-36  17 
-4  -35 
31  6 
27  5 
20  8 
2  -15 
12  5 
-32  -17 
5  40 
11  40 
-9  29 
28  -8 
2  -13 
21  17 
-11  11 
11  56 
-15  4 
-4  14 
51  -14 
3  -6 
17  -4 
12  12 
26  16 
-47  -5 
7  37 
19  19 
24  39 
7  29 
52  -3 
19  6 
11  9 
-2  34 
4  -2 
-6  21 
20  36 
35  23 
-7  20 
22  4 
3  36 
-37  30 
48  19 
19  8 
-15  12 
48  22 
8  -36 
3  20 
14  29 
-21  5 
10  -22 
-19  4 
16  18 
-28  20 
-14  34 
-15  36 
18  6 
38  -37 
-2  9 
-1  -23 
21  32 
22  37 
35  20 
16  15 
8  43 
31  35 
-8  4 
-27  -4 
4  41 
-4  33 
-37  17 
-1  -29 
32  6 
26  3 
17  9 
5  -15 
14  7 
-33  -15 
4  40 
12  39 
-11  27 
29  -6 
3  -9 
16  13 
-8  8 
10  53 
-16  6 
0  13 
48  -20 
-2  -4 
13  -6 
13  15 
26  15 
-48  -3 
7  36 
17  20 
21  44 
5  24 
45  -5 
19  6 
11  10 
3  36 
2  -3 
-2  21 
18  39 
38  23 
-10  20 
24  5 
1  35 
-36  31 
47  17 
14  1 
-15  14 
49  23 
10  -36 
2  13 
13  24 
-21  5 
12  -21 
-26  3 
16  18 
-28  22 
-21  30 
-14  34 
20  8 
39  -36 
-3  7 
2  -19 
24  30 
23  39 
35  20 
17  16 
6  38 
28  35 
-8  4 
-27  -4 
0  37 
0  38 
-34  16 
-2  -26 
33  3 
26  3 
14  11 
3  -17 
15  3 
-33  -15 
5  40 
10  43 
-10  27 
29  -6 
5  -8 
20  10 
-10  11 
7  57 
-19  7 
2  7 
48  -21 
2  -1 
12  -3 
16  16 
26  15 
-49  -6 
3  36 
19  20 
21  44 
5  27 
46  -2 
14  9 
17  9 
-1  36 
1  -5 
-3  27 
22  41 
38  23 
-10  15 
22  4 
1  37 
-40  33 
49  22 
15  6 
-17  14 
49  19 
11  -32 
-1  11 
11  26 
-24  11 
10  -27 
-28  6 
16  18 
-31  11 
-25  25 
-11  34 
19  8 
37  -37 
-3  12 
4  -22 
24  30 
22  37 
35  20 
16  13 
3  38 
26  36 
-9  4 
-27  -4 
-2  36 
-1  39 
-37  13 
2  -27 
32  5 
19  5 
12  14 
7  -12 
13  3 
-33  -15 
5  40 
9  45 
-13  29 
27  -4 
5  -7 
18  10 
-7  15 
3  58 
-18  6 
3  9 
49  -21 
-1  -1 
10  0 
16  15 
24  17 
-51  -6 
-3  36 
20  18 
23  54 
5  24 
46  -5 
9  11 
21  10 
2  39 
6  -6 
0  28 
22  37 
38  21 
-10  13 
21  3 
4  30 
-42  34 
48  22 
15  5 
-18  16 
49  20 
12  -27 
-4  12 
9  25 
-27  11 
9  -27 
-28  4 
16  18 
-29  16 
-26  31 
-12  35 
19  8 
33  -37 
-4  13 
7  -23 
17  29 
25  35 
37  20 
15  14 
-2  39 
23  30 
-10  5 
-29  -2 
-1  36 
0  37 
-36  15 
2  -26 
33  4 
19  4 
13  14 
12  -12 
11  4 
-35  -13 
1  40 
10  46 
-14  23 
32  -3 
5  -7 
21  10 
-5  14 
5  60 
-19  7 
3  9 
48  -21 
0  -3 
12  -1 
18  14 
21  20 
-51  -6 
-2  36 
24  15 
25  56 
6  27 
46  -5 
11  8 
22  7 
0  38 
7  -5 
-1  26 
21  33 
36  25 
-10  13 
21  5 
3  30 
-42  31 
49  19 
9  7 
-15  17 
50  20 
11  -31 
-3  12 
11  26 
-30  11 
9  -28 
-28  4 
16  18 
-27  15 
-26  29 
-8  34 
19  8 
42  -36 
-4  13 
7  -22 
15  30 
20  36 
35  20 
12  17 
2  36 
26  26 
-10  7 
-26  -7 
-3  33 
-1  36 
-33  16 
-1  -21 
32  5 
19  4 
12  12 
12  -11 
13  4 
-39  -16 
-1  37 
9  42 
-13  25 
31  0 
7  -2 
24  10 
-4  13 
2  57 
-19  7 
3  7 
51  -20 
0  0 
10  -2 
18  14 
20  26 
-52  -11 
-2  36 
20  14 
25  56 
5  26 
45  -8 
7  8 
24  4 
-5  37 
9  -4 
-1  26 
17  29 
35  24 
-11  14 
22  4 
2  33 
-41  28 
49  19 
9  5 
-19  18 
53  24 
12  -29 
0  13 
12  25 
-30  6 
11  -24 
-24  5 
16  18 
-28  14 
-28  24 
-7  34 
16  9 
41  -36 
-3  12 
8  -17 
16  26 
24  38 
35  20 
12  19 
5  40 
25  25 
-12  6 
-27  -4 
3  36 
-3  36 
-32  19 
-1  -21 
31  4 
19  5 
14  9 
14  -10 
14  2 
-41  -16 
-1  36 
8  42 
-13  25 
33  -5 
8  -1 
24  10 
-5  16 
2  57 
-19  7 
3  10 
51  -24 
-4  0 
12  -4 
15  12 
19  25 
-50  -12 
-2  34 
19  16 
26  56 
5  25 
45  -8 
9  8 
28  4 
-6  36 
12  -3 
0  28 
16  33 
38  21 
-10  13 
23  3 
-2  39 
-43  29 
48  20 
2  8 
-22  11 
52  24 
9  -26 
1  10 
15  25 
-29  6 
12  -22 
-27  3 
16  18 
-26  9 
-32  21 
-7  34 
14  11 
37  -37 
-7  17 
9  -18 
18  28 
22  39 
34  22 
11  17 
2  41 
27  25 
-12  3 
-27  -5 
3  36 
-3  36 
-32  22 
0  -22 
31  4 
19  4 
9  11 
12  -12 
10  0 
-42  -17 
-2  36 
9  39 
-19  24 
33  -4 
10  -2 
23  9 
-4  16 
7  55 
-13  5 
1  7 
50  -27 
-8  2 
13  -4 
15  14 
17  26 
-49  -11 
-3  36 
20  13 
28  56 
5  27 
49  -6 
5  9 
25  4 
-6  36 
8  -5 
-1  28 
16  32 
38  21 
-9  16 
27  3 
-3  40 
-40  28 
47  17 
3  8 
-24  13 
51  26 
13  -26 
2  13 
16  25 
-31  6 
13  -25 
-28  6 
16  18 
-24  14 
-29  24 
-9  33 
15  7 
41  -36 
-10  20 
9  -21 
17  29 
17  37 
32  20 
12  16 
0  37 
25  25 
-8  5 
-26  -11 
2  37 
-1  39 
-31  22 
4  -22 
33  4 
19  6 
12  11 
10  -9 
8  2 
-40  -22 
0  36 
7  38 
-20  25 
34  -6 
12  -1 
24  10 
0  17 
6  58 
-13  5 
3  9 
50  -27 
-5  0 
13  -4 
14  11 
19  25 
-46  -11 
-2  34 
20  11 
24  53 
7  28 
51  -4 
6  9 
25  7 
-11  34 
8  -5 
1  27 
16  29 
34  23 
-9  15 
26  3 
-1  39 
-40  29 
47  16 
2  10 
-24  14 
53  28 
15  -29 
5  12 
15  23 
-30  7 
13  -25 
-31  6 
16  18 
-24  16 
-29  20 
-12  36 
13  4 
38  -37 
-13  20 
8  -18 
17  26 
20  38 
30  20 
12  18 
1  38 
25  24 
-8  6 
-22  -11 
5  35 
2  37 
-29  24 
3  -22 
34  4 
19  4 
14  16 
10  -9 
9  2 
-44  -25 
-3  36 
2  39 
-17  23 
33  -6 
12  -1 
21  13 
0  17 
2  59 
-15  4 
2  7 
50  -27 
-4  0 
10  0 
13  15 
20  29 
-48  -12 
0  33 
20  18 
27  56 
9  28 
53  -6 
7  9 
26  5 
-15  36 
11  -3 
7  25 
22  33 
33  24 
-11  11 
26  3 
2  44 
-41  28 
48  24 
3  8 
-24  12 
54  29 
16  -27 
3  10 
13  23 
-29  9 
12  -24 
-30  7 
16  18 
-23  12 
-29  22 
-12  35 
12  6 
40  -35 
-14  15 
10  -19 
18  30 
20  36 
29  19 
11  18 
2  37 
25  27 
-9  6 
-20  -12 
6  34 
5  33 
-28  25 
3  -22 
39  4 
20  6 
11  16 
10  -9 
8  2 
-44  -26 
-3  36 
-1  39 
-17  16 
33  -4 
10  0 
22  20 
0  18 
2  59 
-17  9 
1  7 
52  -28 
-5  0 
8  4 
10  18 
19  31 
-49  -10 
2  34 
16  20 
27  57 
5  27 
50  -7 
7  8 
22  4 
-20  37 
9  -6 
5  25 
22  37 
35  24 
-6  9 
27  5 
1  44 
-43  29 
48  22 
3  10 
-19  12 
51  28 
17  -28 
4  10 
15  23 
-28  11 
12  -21 
-29  4 
16  18 
-24  11 
-31  19 
-13  36 
13  9 
41  -35 
-13  18 
9  -20 
22  33 
19  37 
21  14 
10  21 
5  40 
25  24 
-10  7 
-22  -12 
5  36 
6  35 
-27  24 
4  -21 
39  4 
15  5 
11  13 
7  -11 
6  3 
-44  -24 
-5  34 
-1  36 
-17  16 
31  -3 
10  0 
20  18 
7  16 
4  58 
-15  5 
3  8 
52  -28 
-5  0 
8  0 
11  20 
20  37 
-46  -9 
4  31 
16  16 
32  59 
5  26 
49  -6 
6  9 
21  4 
-20  36 
9  -9 
-1  25 
22  34 
32  26 
-4  12 
25  7 
2  45 
-41  28 
46  27 
3  10 
-27  14 
51  30 
21  -28 
1  10 
12  24 
-27  16 
13  -23 
-32  3 
16  18 
-18  13 
-34  15 
-9  37 
13  9 
43  -31 
-12  15 
11  -24 
23  34 
16  40 
26  14 
8  22 
3  36 
21  27 
-10  7 
-27  -17 
9  32 
4  30 
-29  24 
5  -24 
39  6 
17  6 
10  11 
7  -12 
6  3 
-47  -25 
-5  34 
-1  36 
-18  19 
30  -2 
12  2 
19  19 
6  14 
4  57 
-12  4 
1  3 
50  -25 
-5  0 
8  3 
9  19 
12  36 
-51  -7 
5  32 
12  19 
31  60 
5  27 
48  -5 
5  9 
20  6 
-22  34 
7  -12 
-1  24 
21  35 
29  25 
-3  9 
25  6 
5  44 
-49  30 
47  25 
3  9 
-26  16 
52  28 
20  -32 
2  7 
16  20 
-33  16 
15  -27 
-32  1 
16  18 
-18  15 
-35  15 
-8  38 
11  9 
42  -36 
-15  16 
10  -20 
20  38 
18  41 
27  17 
9  22 
5  40 
21  27 
-11  6 
-27  -17 
11  39 
3  28 
-30  27 
2  -23 
39  5 
17  6 
9  11 
10  -9 
6  4 
-47  -25 
-4  31 
-7  36 
-17  16 
30  -2 
14  3 
19  17 
10  16 
2  59 
-14  7 
-1  4 
50  -27 
-4  0 
11  2 
7  19 
11  40 
-51  -6 
6  32 
12  19 
28  62 
5  24 
51  -4 
7  8 
19  6 
-22  34 
6  -5 
-2  23 
25  32 
30  26 
-1  8 
26  3 
5  45 
-52  32 
45  23 
2  7 
-21  16 
51  26 
18  -30 
-8  12 
17  20 
-38  13 
16  -27 
-32  -1 
16  18 
-20  13 
-33  17 
-11  39 
9  11 
41  -36 
-12  15 
11  -27 
19  39 
18  42 
24  17 
9  22 
4  38 
23  28 
-11  6 
-28  -16 
12  42 
4  30 
-30  27 
3  -26 
34  6 
12  6 
11  9 
14  -11 
5  6 
-48  -26 
-3  29 
-6  36 
-20  18 
32  -3 
8  6 
17  16 
11  14 
3  58 
-15  12 
1  4 
48  -28 
-11  0 
8  -5 
6  16 
12  37 
-51  -6 
6  33 
10  18 
31  64 
6  26 
55  -6 
5  6 
19  6 
-24  31 
2  -3 
-2  21 
25  36 
32  24 
-3  9 
28  3 
5  44 
-47  34 
47  25 
3  3 
-18  13 
52  26 
16  -28 
-9  9 
15  20 
-39  12 
19  -29 
-30  0 
16  18 
-19  19 
-35  15 
-11  39 
9  12 
42  -36 
-14  14 
10  -25 
22  39 
20  37 
19  16 
8  22 
-1  39 
24  30 
-10  7 
-29  -14 
11  35 
3  30 
-31  25 
-2  -28 
36  5 
13  4 
11  10 
9  -13 
5  7 
-50  -29 
-1  28 
-7  36 
-17  16 
34  -3 
7  14 
20  17 
11  14 
5  61 
-15  13 
6  3 
50  -29 
-15  -4 
8  -8 
7  16 
12  38 
-50  -7 
6  34 
10  21 
36  63 
8  28 
52  -3 
11  4 
18  2 
-23  29 
5  0 
-2  21 
27  37 
33  24 
-1  5 
32  7 
5  47 
-47  35 
45  25 
2  4 
-19  12 
52  25 
19  -23 
-7  11 
18  18 
-48  11 
20  -32 
-30  0 
16  18 
-22  23 
-35  12 
-9  36 
12  12 
36  -38 
-12  15 
13  -32 
20  39 
24  37 
16  16 
9  22 
-2  39 
21  30 
-13  4 
-29  -14 
9  34 
3  29 
-30  27 
-2  -26 
38  6 
13  3 
14  10 
7  -12 
5  4 
-51  -29 
-1  28 
-7  34 
-17  16 
31  -10 
8  15 
17  16 
7  18 
5  56 
-17  9 
7  4 
49  -29 
-14  -5 
16  -7 
5  18 
8  43 
-48  -3 
6  36 
7  20 
35  60 
7  28 
52  -1 
12  4 
24  -2 
-21  29 
5  0 
-2  22 
30  40 
32  26 
-3  6 
34  9 
7  45 
-50  38 
45  24 
-2  3 
-20  14 
53  24 
20  -22 
-4  14 
20  13 
-46  10 
18  -32 
-32  -1 
16  18 
-24  25 
-34  14 
-13  37 
11  13 
37  -38 
-11  12 
11  -34 
17  40 
22  35 
13  15 
8  22 
2  39 
21  30 
-11  6 
-29  -16 
9  34 
5  27 
-30  26 
-5  -26 
37  9 
11  0 
10  11 
5  -8 
3  7 
-48  -28 
-5  25 
-9  38 
-20  17 
29  -7 
7  17 
21  13 
6  15 
6  54 
-16  11 
5  7 
51  -31 
-17  -4 
15  -6 
-1  19 
9  46 
-49  -6 
2  37 
8  19 
36  60 
14  31 
58  3 
12  6 
20  -6 
-21  28 
4  -2 
-1  25 
29  42 
34  30 
-3  9 
40  9 
5  45 
-49  40 
48  24 
-2  8 
-24  11 
52  25 
17  -20 
-2  16 
20  8 
-46  9 
19  -34 
-31  -1 
16  18 
-29  30 
-33  16 
-13  39 
10  18 
35  -34 
-12  15 
14  -34 
18  41 
22  35 
10  15 
8  22 
4  40 
20  38 
-15  4 
-30  -14 
12  32 
3  29 
-29  28 
-4  -27 
42  13 
14  -5 
10  11 
1  -10 
1  7 
-52  -26 
-5  27 
-11  40 
-21  16 
29  -6 
9  23 
21  12 
7  16 
4  55 
-19  10 
5  5 
50  -30 
-22  1 
17  -4 
2  20 
12  44 
-48  -8 
0  36 
9  11 
35  60 
5  32 
57  3 
11  8 
22  -7 
-25  27 
6  -6 
2  30 
28  42 
33  34 
0  8 
33  11 
6  45 
-49  40 
49  22 
-1  6 
-21  11 
53  24 
24  -15 
-4  8 
18  14 
-49  9 
19  -35 
-28  -1 
8  16 
-30  31 
-27  16 
-13  29 
12  17 
33  -37 
-12  15 
15  -38 
19  37 
23  34 
10  13 
12  22 
2  37 
19  39 
-17  9 
-30  -12 
11  30 
4  30 
-33  28 
-5  -29 
43  13 
18  -4 
5  13 
0  -7 
3  8 
-50  -33 
-3  26 
-16  40 
-19  17 
29  -6 
7  25 
23  11 
9  14 
5  56 
-23  9 
12  4 
50  -33 
-24  1 
18  -6 
0  17 
12  45 
-58  -7 
0  39 
10  13 
37  60 
4  32 
53  3 
9  6 
21  4 
-25  27 
9  0 
3  30 
22  39 
34  35 
-1  9 
36  6 
9  43 
-49  38 
51  24 
-1  5 
-21  8 
53  24 
24  -15 
-2  8 
17  16 
-52  8 
19  -36 
-31  -1 
7  17 
-29  33 
-27  16 
-13  29 
11  16 
30  -40 
-12  13 
11  -39 
16  36 
20  33 
16  14 
12  19 
7  28 
19  36 
-22  9 
-29  -11 
10  31 
1  27 
-34  29 
-7  -31 
41  12 
19  -1 
5  12 
-1  -10 
2  4 
-51  -29 
-3  26 
-19  40 
-17  16 
33  -5 
8  22 
21  10 
10  16 
5  52 
-24  13 
11  9 
52  -31 
-23  0 
18  -9 
1  12 
9  45 
-49  -4 
-1  40 
11  14 
35  60 
4  25 
53  5 
8  3 
25  0 
-25  27 
7  -4 
1  27 
22  41 
33  36 
-1  8 
34  6 
9  39 
-48  39 
52  26 
-3  5 
-21  5 
50  27 
25  -16 
-1  10 
20  18 
-53  8 
19  -36 
-32  0 
9  14 
-29  39 
-30  17 
-10  31 
10  18 
29  -38 
-12  16 
11  -39 
18  36 
23  38 
15  14 
11  20 
7  29 
24  38 
-21  9 
-28  -15 
9  31 
5  27 
-35  29 
-6  -31 
43  16 
24  0 
6  12 
0  -12 
2  4 
-48  -27 
-8  24 
-21  39 
-18  19 
32  -3 
1  23 
22  13 
7  17 
7  54 
-28  11 
10  11 
51  -32 
-20  -2 
19  -12 
5  12 
10  44 
-44  -4 
1  50 
13  16 
35  60 
5  24 
54  9 
8  3 
25  0 
-26  26 
0  -3 
3  30 
24  39 
30  33 
0  8 
35  10 
9  39 
-48  39 
51  26 
-1  5 
-23  6 
52  32 
26  -17 
-3  9 
19  16 
-49  9 
19  -30 
-32  -5 
8  16 
-30  38 
-31  11 
-7  31 
10  16 
30  -40 
-11  14 
11  -40 
23  35 
18  31 
17  16 
8  22 
3  29 
31  35 
-24  9 
-27  -16 
10  27 
1  24 
-33  28 
-7  -31 
39  22 
23  -4 
6  15 
-2  -5 
2  -1 
-50  -25 
-8  24 
-22  36 
-22  21 
33  -5 
0  26 
24  12 
9  19 
5  54 
-26  9 
8  12 
51  -32 
-23  -4 
19  -12 
8  16 
12  44 
-47  -5 
3  51 
13  16 
37  60 
3  25 
57  14 
12  5 
27  -2 
-24  25 
3  -4 
3  26 
21  40 
32  32 
-1  5 
37  3 
9  40 
-46  43 
49  28 
5  4 
-22  6 
48  28 
28  -18 
-2  10 
22  13 
-47  11 
20  -32 
-32  -5 
7  16 
-29  40 
-30  11 
-5  34 
18  16 
30  -42 
-12  18 
11  -39 
28  39 
18  34 
19  16 
8  23 
1  27 
32  37 
-21  9 
-26  -16 
7  28 
1  24 
-34  30 
-10  -34 
42  24 
25  -4 
6  14 
-4  -7 
-1  -1 
-51  -25 
-8  26 
-20  37 
-22  21 
33  -6 
-6  31 
25  5 
7  21 
6  55 
-31  14 
11  9 
53  -36 
-22  -4 
17  -11 
8  13 
11  44 
-43  -4 
1  47 
9  22 
35  60 
3  23 
55  14 
12  4 
28  -5 
-25  24 
4  -10 
-3  25 
24  35 
33  31 
4  -2 
38  1 
11  37 
-43  44 
47  28 
5  7 
-22  8 
54  29 
28  -18 
-1  8 
22  10 
-43  12 
19  -29 
-29  -6 
2  17 
-28  40 
-30  12 
-8  34 
21  13 
31  -44 
-11  8 
12  -42 
25  37 
22  33 
25  20 
5  24 
3  29 
28  39 
-20  8 
-23  -10 
2  27 
1  24 
-35  29 
-11  -35 
42  28 
25  -6 
10  13 
-4  -7 
1  -1 
-47  -26 
-7  29 
-20  38 
-17  14 
33  -4 
-5  27 
27  7 
10  20 
7  56 
-31  12 
13  14 
50  -36 
-21  4 
11  -11 
9  15 
11  46 
-43  -4 
3  49 
9  22 
36  60 
5  24 
55  14 
11  8 
23  -1 
-21  25 
6  -13 
-4  25 
25  36 
34  31 
2  -1 
38  1 
10  38 
-37  43 
52  28 
5  6 
-20  8 
54  30 
28  -17 
-4  8 
24  11 
-41  11 
19  -32 
-32  -5 
2  17 
-29  40 
-30  11 
-7  35 
21  10 
29  -46 
-12  6 
16  -44 
25  40 
20  33 
23  17 
6  23 
6  34 
27  37 
-23  9 
-25  -14 
4  30 
2  28 
-33  28 
-6  -31 
41  27 
22  -10 
11  13 
-3  -8 
2  0 
-48  -23 
-10  33 
-24  33 
-18  13 
33  -4 
-4  26 
32  4 
10  16 
8  56 
-25  9 
11  9 
54  -33 
-21  5 
14  -12 
13  16 
15  44 
-44  -7 
5  45 
6  22 
28  66 
7  24 
54  16 
12  9 
25  -8 
-25  27 
7  -12 
-3  26 
27  36 
32  32 
0  -3 
38  1 
11  36 
-35  44 
49  31 
6  9 
-20  8 
58  32 
32  -15 
-4  11 
25  13 
-41  8 
19  -30 
-31  -3 
3  18 
-29  40 
-32  8 
-6  35 
23  9 
30  -47 
-8  6 
10  -40 
23  39 
20  33 
24  18 
6  23 
5  36 
28  40 
-20  6 
-23  -17 
1  32 
1  24 
-29  26 
-7  -31 
42  24 
21  -13 
8  12 
0  -4 
2  -1 
-50  -22 
-8  34 
-22  34 
-18  13 
33  -6 
-1  24 
32  5 
11  16 
4  58 
-26  9 
9  14 
52  -36 
-21  5 
18  -6 
14  16 
13  44 
-48  -8 
6  49 
1  23 
29  63 
7  27 
55  14 
11  9 
25  -7 
-33  29 
5  -16 
-5  26 
23  34 
31  33 
-8  -3 
38  1 
12  40 
-35  45 
49  31 
7  8 
-25  7 
59  30 
30  -14 
1  13 
26  16 
-41  6 
17  -27 
-28  -2 
7  16 
-29  41 
-29  6 
-7  36 
23  9 
30  -44 
-11  2 
10  -33 
22  39 
20  33 
25  14 
6  23 
-3  36 
29  39 
-23  6 
-22  -16 
-1  39 
3  23 
-28  26 
-7  -31 
41  24 
21  -13 
10  11 
5  0 
5  -8 
-49  -20 
-8  39 
-20  37 
-17  16 
30  -7 
-1  25 
32  4 
13  14 
-1  58 
-22  10 
9  19 
52  -35 
-20  5 
18  -6 
12  18 
16  45 
-48  -9 
10  47 
2  24 
27  65 
4  25 
56  13 
7  8 
23  -7 
-34  26 
5  -15 
-2  22 
22  34 
32  37 
-5  -6 
37  2 
8  39 
-38  47 
50  33 
11  14 
-22  6 
62  33 
31  -16 
4  10 
20  16 
-46  3 
17  -31 
-28  -1 
7  16 
-30  38 
-30  4 
-9  36 
23  10 
25  -45 
-11  2 
12  -34 
21  38 
20  33 
26  14 
6  23 
-2  36 
28  42 
-23  6 
-24  -14 
-3  36 
0  18 
-29  29 
-6  -30 
41  23 
21  -13 
9  11 
5  0 
-1  -4 
-49  -20 
-7  35 
-21  39 
-13  18 
30  -9 
-1  25 
32  4 
12  14 
1  58 
-23  12 
6  18 
48  -34 
-19  3 
21  -5 
10  18 
16  45 
-48  -11 
7  49 
1  24 
26  64 
2  24 
60  14 
6  9 
27  -4 
-32  28 
3  -11 
-5  26 
21  30 
29  34 
-5  -6 
32  5 
11  39 
-39  47 
55  28 
10  13 
-21  4 
64  30 
38  -19 
-2  8 
20  19 
-45  7 
17  -31 
-29  2 
8  15 
-28  39 
-33  5 
-6  37 
23  10 
25  -48 
-11  -1 
9  -35 
22  36 
31  30 
25  15 
5  25 
2  33 
28  42 
-21  6 
-23  -17 
-1  36 
2  20 
-30  30 
-9  -31 
45  27 
24  -12 
13  15 
6  -6 
1  1 
-48  -23 
-8  36 
-18  39 
-13  19 
29  -9 
-2  26 
29  5 
13  11 
-3  57 
-25  7 
8  22 
51  -36 
-18  1 
22  -3 
12  19 
12  44 
-49  -11 
9  48 
-2  23 
26  63 
2  26 
66  14 
6  9 
26  -2 
-24  31 
4  -10 
-6  23 
21  30 
31  36 
-4  -4 
30  4 
11  42 
-38  47 
59  31 
10  11 
-21  6 
62  29 
35  -17 
0  13 
19  19 
-45  5 
16  -35 
-25  4 
9  14 
-27  35 
-35  5 
-8  36 
20  8 
25  -48 
-12  3 
10  -33 
23  36 
32  25 
33  16 
5  24 
2  34 
29  42 
-21  8 
-27  -16 
0  37 
-1  24 
-31  31 
-7  -33 
45  27 
26  -14 
15  14 
8  -5 
5  0 
-50  -25 
-4  33 
-20  38 
-10  20 
34  -14 
-5  27 
29  5 
11  13 
-4  60 
-25  4 
10  20 
52  -35 
-17  0 
20  -1 
12  19 
11  46 
-48  -13 
12  51 
-3  23 
26  63 
2  30 
67  17 
6  9 
19  -1 
-25  34 
1  -10 
-6  24 
21  32 
32  38 
-4  -7 
28  2 
11  40 
-39  47 
57  29 
10  11 
-21  4 
61  19 
33  -17 
2  17 
20  18 
-44  5 
12  -36 
-29  4 
8  12 
-27  34 
-37  -1 
-8  34 
18  8 
26  -46 
-12  1 
7  -32 
21  37 
28  23 
37  16 
4  25 
5  32 
29  39 
-22  14 
-27  -16 
0  37 
-2  23 
-30  27 
-6  -30 
45  24 
27  -13 
20  13 
12  -3 
5  0 
-55  -24 
-1  28 
-21  37 
-10  21 
32  -14 
-4  25 
31  16 
13  14 
-5  60 
-26  1 
8  22 
49  -37 
-19  -3 
18  -1 
10  20 
9  46 
-49  -11 
5  52 
-6  22 
26  65 
1  30 
68  20 
5  7 
19  -4 
-28  39 
3  -10 
-5  27 
23  33 
26  34 
-7  -4 
27  3 
11  41 
-38  44 
59  28 
16  9 
-19  4 
60  18 
34  -14 
0  17 
22  20 
-44  2 
15  -37 
-28  4 
14  9 
-29  38 
-41  -1 
-8  38 
20  6 
24  -48 
-18  -1 
3  -36 
25  40 
30  26 
37  16 
5  25 
3  29 
28  39 
-24  13 
-28  -23 
2  37 
-1  26 
-29  26 
-8  -31 
43  23 
25  -16 
26  15 
10  -2 
4  -2 
-51  -26 
-3  29 
-22  30 
-12  21 
33  -11 
-5  27 
27  16 
13  14 
-5  59 
-28  2 
8  23 
47  -39 
-19  0 
21  -1 
11  19 
6  43 
-46  -11 
8  55 
-5  20 
26  69 
-2  29 
68  22 
5  7 
22  -5 
-24  31 
2  -7 
-3  26 
23  35 
26  34 
-10  -5 
24  6 
10  41 
-41  44 
58  28 
20  13 
-18  4 
60  17 
32  -14 
-2  14 
24  17 
-42  1 
11  -36 
-33  8 
14  11 
-28  39 
-36  0 
-9  38 
19  6 
25  -45 
-15  1 
3  -33 
25  40 
32  28 
39  16 
7  25 
3  30 
29  39 
-23  16 
-27  -25 
0  36 
-5  34 
-29  26 
-10  -29 
47  24 
26  -13 
25  16 
11  -4 
3  -3 
-56  -22 
-2  30 
-23  29 
-12  19 
36  -15 
-2  21 
29  14 
12  17 
-5  60 
-31  -1 
9  22 
48  -38 
-22  -1 
20  -2 
17  12 
6  43 
-48  -13 
12  45 
1  24 
26  68 
-1  31 
69  25 
5  7 
22  1 
-23  26 
2  -5 
-1  28 
20  33 
25  32 
-10  -7 
24  5 
9  40 
-41  44 
61  30 
20  11 
-21  6 
61  18 
33  -16 
-3  9 
23  23 
-37  -4 
12  -34 
-33  8 
10  11 
-28  39 
-36  -2 
-9  36 
19  5 
25  -45 
-16  -1 
3  -29 
25  41 
31  29 
40  17 
7  25 
3  28 
33  34 
-24  13 
-30  -24 
2  39 
0  36 
-29  26 
-12  -25 
48  23 
25  -15 
26  15 
7  -2 
-1  -2 
-55  -24 
-5  34 
-22  34 
-13  19 
35  -13 
-4  20 
27  16 
17  16 
-5  60 
-31  -1 
7  25 
52  -41 
-22  -1 
20  -4 
19  13 
6  43 
-47  -15 
9  45 
1  24 
28  62 
-1  28 
68  28 
3  9 
23  -4 
-24  26 
1  -3 
0  28 
15  34 
26  34 
-14  -5 
22  8 
10  40 
-41  44 
61  30 
18  10 
-21  6 
62  20 
31  -16 
-5  7 
25  24 
-38  -3 
11  -38 
-35  5 
10  6 
-35  32 
-36  -3 
-8  32 
19  5 
27  -43 
-20  -2 
6  -24 
22  44 
30  35 
42  19 
1  27 
4  30 
33  34 
-23  15 
-28  -26 
0  37 
-2  34 
-28  25 
-12  -20 
48  23 
26  -11 
19  11 
10  -2 
-2  -4 
-57  -20 
-1  36 
-20  33 
-17  14 
36  -15 
-6  19 
22  17 
18  16 
-10  58 
-32  2 
7  25 
49  -41 
-25  0 
19  -3 
23  17 
6  43 
-45  -17 
8  43 
0  26 
31  64 
-2  30 
65  26 
4  5 
22  -6 
-27  24 
0  -3 
0  28 
19  31 
27  36 
-17  -10 
22  5 
11  40 
-41  44 
63  29 
17  6 
-18  4 
59  16 
36  -15 
-5  7 
27  24 
-37  -4 
12  -36 
-35  4 
10  8 
-36  30 
-38  -5 
-10  31 
21  4 
31  -45 
-17  3 
-1  -21 
21  43 
31  39 
40  18 
1  27 
3  27 
33  34 
-24  15 
-32  -25 
4  39 
-2  34 
-28  25 
-10  -20 
48  21 
22  -7 
20  13 
13  -4 
-2  -11 
-55  -20 
-3  36 
-16  38 
-15  16 
39  -11 
-3  26 
22  13 
19  17 
-10  58 
-30  -7 
7  25 
51  -40 
-28  -1 
22  -4 
23  17 
6  44 
-51  -15 
6  43 
-4  25 
29  62 
-1  28 
65  27 
5  5 
22  -6 
-31  27 
-1  -1 
-3  29 
20  28 
23  38 
-17  -9 
19  4 
8  39 
-41  46 
63  28 
18  10 
-18  4 
55  14 
35  -16 
-13  9 
30  27 
-38  -3 
11  -36 
-35  4 
12  9 
-36  30 
-41  -9 
-14  34 
21  4 
37  -44 
-14  7 
5  -20 
21  43 
32  36 
40  18 
1  27 
3  29 
33  35 
-24  11 
-31  -25 
3  36 
-2  34 
-28  25 
-10  -20 
49  19 
21  -10 
21  13 
11  -3 
-9  -4 
-55  -19 
-4  33 
-15  36 
-19  15 
32  -8 
0  29 
23  14 
21  23 
-9  56 
-24  -7 
11  26 
48  -41 
-31  -6 
19  -3 
23  16 
3  48 
-51  -18 
10  40 
-4  26 
29  59 
-3  29 
62  24 
2  2 
22  -6 
-34  29 
-3  -4 
-9  31 
19  28 
27  37 
-17  -9 
18  1 
5  36 
-41  44 
63  27 
16  14 
-19  7 
58  14 
30  -13 
-13  8 
31  29 
-34  -5 
12  -36 
-32  2 
13  4 
-37  23 
-45  -6 
-14  32 
21  4 
33  -44 
-15  5 
3  -23 
25  40 
31  38 
42  21 
5  26 
2  27 
33  35 
-15  13 
-32  -25 
2  36 
-1  36 
-28  25 
-9  -21 
50  18 
21  -10 
22  13 
12  -1 
-6  -11 
-53  -15 
0  39 
-18  39 
-18  17 
32  -8 
-2  28 
25  12 
21  24 
-8  59 
-26  -3 
11  24 
52  -40 
-32  -4 
23  -4 
26  15 
3  50 
-52  -18 
14  41 
-6  26 
29  59 
-4  30 
66  24 
3  6 
20  -12 
-33  28 
3  -6 
-7  34 
19  28 
28  43 
-16  -10 
18  1 
7  36 
-41  43 
59  24 
20  14 
-17  8 
51  20 
30  -13 
-11  11 
30  31 
-34  -6 
15  -34 
-31  2 
8  6 
-37  29 
-46  -11 
-9  33 
22  4 
33  -45 
-18  7 
2  -22 
31  36 
32  37 
39  16 
7  29 
5  33 
30  35 
-15  15 
-32  -21 
0  33 
2  37 
-21  26 
-8  -28 
50  18 
21  -8 
17  9 
11  1 
-9  -14 
-55  -15 
1  40 
-21  39 
-13  17 
33  -4 
0  28 
22  13 
19  25 
-9  57 
-27  -4 
14  29 
52  -43 
-32  -5 
19  -4 
22  14 
2  47 
-55  -24 
18  42 
-1  26 
29  62 
-3  26 
67  25 
5  7 
16  -11 
-33  29 
1  -1 
-10  31 
19  28 
31  44 
-17  -11 
19  4 
6  38 
-44  45 
57  29 
20  16 
-14  6 
48  19 
31  -14 
-8  16 
28  32 
-34  -5 
15  -33 
-32  3 
12  6 
-37  31 
-44  -9 
-5  34 
23  8 
33  -45 
-15  4 
-2  -21 
32  39 
34  40 
37  16 
4  25 
3  30 
32  34 
-18  8 
-31  -21 
0  33 
4  38 
-19  23 
-11  -29 
51  22 
23  -2 
13  14 
12  -9 
-8  -15 
-53  -13 
-1  37 
-21  39 
-14  16 
32  -8 
-2  29 
23  16 
19  25 
-7  56 
-23  -4 
15  34 
48  -45 
-33  -1 
23  -1 
22  15 
1  47 
-54  -26 
18  41 
-1  26 
28  62 
-4  23 
66  24 
5  4 
13  -12 
-35  27 
-1  -1 
-6  31 
19  28 
28  43 
-17  -10 
19  4 
4  38 
-46  43 
56  29 
25  21 
-15  5 
48  20 
30  -13 
-9  16 
33  31 
-30  -7 
16  -35 
-31  3 
12  6 
-36  32 
-41  -4 
-3  32 
20  -1 
33  -45 
-18  4 
-1  -22 
34  36 
31  40 
38  14 
2  27 
2  30 
33  39 
-17  9 
-30  -20 
2  36 
2  37 
-13  25 
-11  -29 
52  22 
26  -5 
12  18 
13  -6 
-8  -16 
-49  -11 
-2  36 
-16  37 
-11  14 
31  -14 
-3  29 
26  16 
15  27 
-9  56 
-21  -3 
16  33 
47  -44 
-32  -5 
21  -3 
20  14 
1  47 
-56  -25 
18  41 
0  29 
28  62 
2  17 
63  29 
5  5 
14  -11 
-37  30 
-1  5 
-1  26 
20  28 
28  39 
-18  -11 
19  3 
5  34 
-44  45 
55  25 
24  18 
-12  8 
47  17 
30  -13 
-7  16 
32  29 
-31  -9 
13  -36 
-31  0 
11  4 
-35  32 
-45  0 
-3  36 
22  3 
33  -45 
-17  3 
-1  -21 
35  34 
32  39 
38  14 
2  24 
4  30 
30  38 
-15  7 
-28  -20 
2  35 
0  33 
-12  20 
-14  -36 
49  19 
26  -6 
10  16 
13  -6 
-8  -14 
-49  -11 
-6  35 
-22  36 
-8  12 
25  -16 
3  30 
26  15 
14  26 
-9  56 
-15  -5 
16  33 
39  -41 
-30  -7 
20  -4 
22  12 
2  47 
-56  -21 
23  44 
-1  33 
28  62 
4  13 
61  27 
11  6 
14  -10 
-36  30 
-1  4 
-1  25 
17  32 
30  40 
-14  -11 
19  6 
5  36 
-44  45 
52  25 
20  19 
-12  8 
39  18 
27  -12 
-7  16 
33  29 
-34  -4 
13  -32 
-28  -4 
13  4 
-40  33 
-44  0 
-4  35 
12  2 
33  -45 
-20  1 
5  -19 
33  34 
38  36 
38  14 
2  24 
3  29 
31  37 
-13  5 
-30  -22 
2  33 
1  37 
-9  20 
-15  -36 
49  19 
25  -7 
8  15 
14  -5 
-10  -13 
-46  -11 
-3  36 
-19  39 
-9  15 
25  -15 
3  31 
27  16 
18  26 
-7  55 
-14  -3 
16  33 
40  -43 
-28  -3 
22  -5 
26  14 
5  45 
-55  -20 
22  44 
-1  28 
29  62 
2  19 
64  25 
15  4 
14  -11 
-39  30 
-1  6 
-1  24 
20  28 
29  39 
-15  -11 
17  6 
5  33 
-49  48 
52  24 
17  19 
-12  8 
38  16 
27  -12 
-6  16 
31  29 
-33  -3 
9  -32 
-28  2 
12  5 
-34  35 
-42  1 
-3  36 
13  8 
33  -46 
-19  -1 
2  -32 
32  34 
43  36 
39  16 
-1  19 
2  27 
35  47 
-13  5 
-30  -22 
1  40 
4  39 
-10  13 
-15  -33 
48  22 
25  -4 
8  15 
13  -4 
-9  -14 
-48  -8 
-1  34 
-14  38 
-10  15 
24  -16 
3  31 
23  14 
18  34 
-8  49 
-19  -5 
16  36 
41  -48 
-28  1 
24  -3 
26  14 
5  44 
-55  -20 
23  43 
-3  29 
28  66 
2  19 
63  28 
13  4 
11  -10 
-39  30 
-1  6 
-2  26 
20  33 
27  37 
-13  -11 
18  10 
5  36 
-50  51 
47  28 
19  19 
-11  11 
40  15 
25  -11 
-1  18 
32  26 
-29  4 
9  -38 
-32  -1 
16  5 
-32  35 
-36  4 
-3  36 
14  10 
33  -46 
-22  -1 
-3  -34 
32  37 
42  33 
40  17 
1  24 
4  30 
35  47 
-13  5 
-29  -20 
-4  38 
0  39 
-6  15 
-15  -35 
48  22 
23  -10 
10  13 
12  -6 
-8  -16 
-48  -8 
-3  32 
-16  35 
-7  15 
26  -17 
2  27 
22  15 
18  34 
-7  51 
-18  -8 
13  36 
40  -52 
-29  1 
22  -1 
24  11 
9  48 
-57  -23 
20  35 
-5  34 
22  64 
7  15 
63  30 
8  6 
11  -9 
-38  30 
-1  4 
-4  29 
19  30 
29  40 
-5  -13 
17  7 
0  37 
-49  49 
43  28 
19  19 
-11  11 
39  8 
27  -11 
3  16 
30  27 
-31  5 
9  -38 
-33  -3 
15  0 
-33  39 
-35  5 
-3  36 
17  9 
31  -47 
-18  -3 
0  -34 
33  34 
42  34 
39  17 
3  29 
4  30 
38  56 
-8  4 
-30  -20 
-4  38 
0  38 
-4  16 
-17  -34 
50  18 
26  -5 
10  16 
8  -4 
-9  -14 
-48  -8 
-4  35 
-15  32 
-9  16 
25  -16 
2  28 
19  12 
20  31 
-8  48 
-22  -10 
10  38 
36  -49 
-31  2 
20  -2 
25  15 
10  47 
-59  -21 
20  33 
-2  34 
18  67 
8  15 
64  30 
15  6 
12  -8 
-39  30 
-8  5 
0  28 
19  30 
23  33 
-7  -11 
16  5 
1  36 
-50  51 
43  27 
22  19 
-9  9 
39  8 
27  -12 
4  20 
28  26 
-27  8 
5  -36 
-37  -6 
18  -2 
-33  37 
-38  1 
-1  36 
17  5 
33  -45 
-17  0 
1  -40 
29  31 
40  36 
44  18 
2  30 
3  30 
39  54 
-5  7 
-31  -20 
-4  37 
-1  38 
-3  16 
-18  -36 
50  13 
26  -6 
13  16 
14  -5 
-8  -14 
-49  -4 
-3  29 
-18  33 
-4  16 
24  -15 
2  24 
20  8 
19  29 
-9  48 
-24  -8 
5  35 
35  -46 
-35  7 
14  -11 
24  15 
6  44 
-61  -16 
22  33 
-4  34 
16  73 
11  12 
64  30 
18  1 
9  -8 
-37  29 
-5  7 
-1  28 
20  31 
25  32 
-3  -11 
17  5 
-2  34 
-54  47 
42  27 
18  22 
-9  9 
38  12 
27  -12 
5  20 
32  26 
-28  9 
8  -37 
-39  -5 
22  -1 
-32  42 
-44  -4 
0  36 
19  6 
30  -42 
-19  -3 
-5  -40 
36  29 
39  37 
44  18 
7  29 
8  26 
34  53 
-9  4 
-31  -21 
-8  37 
0  37 
-1  16 
-15  -36 
50  13 
26  -5 
13  16 
13  -5 
-5  -14 
-47  -6 
-2  29 
-18  35 
-8  22 
21  -13 
2  24 
21  10 
20  28 
-9  49 
-24  -7 
7  37 
37  -45 
-34  7 
9  -9 
19  17 
8  43 
-61  -14 
20  34 
-2  30 
14  73 
11  11 
63  28 
18  1 
12  -8 
-38  30 
-5  7 
-7  26 
12  31 
26  32 
-2  -6 
17  6 
-1  38 
-53  45 
42  28 
26  29 
-7  8 
37  16 
28  -12 
5  20 
29  25 
-24  12 
7  -42 
-40  -7 
26  -2 
-32  40 
-47  -4 
4  38 
22  15 
30  -42 
-22  -2 
-8  -36 
34  31 
40  37 
44  15 
7  28 
11  26 
29  54 
-8  5 
-32  -21 
-8  39 
2  40 
2  17 
-19  -33 
50  16 
25  -7 
9  16 
12  -3 
-9  -20 
-50  -3 
-2  28 
-21  39 
-11  19 
25  -13 
2  25 
21  10 
22  29 
-9  49 
-24  -9 
10  35 
38  -46 
-35  5 
10  -9 
22  16 
10  46 
-59  -16 
21  33 
-1  28 
15  80 
7  8 
65  24 
22  -3 
14  -9 
-37  29 
-8  5 
2  26 
15  30 
29  32 
-5  -9 
19  5 
3  36 
-51  42 
43  27 
25  26 
-6  9 
39  16 
29  -14 
0  18 
32  26 
-22  16 
6  -45 
-40  -7 
27  -4 
-31  39 
-48  -2 
7  37 
22  14 
31  -40 
-23  0 
-9  -36 
38  29 
40  37 
44  15 
11  26 
13  24 
31  56 
-7  3 
-32  -21 
-10  38 
2  44 
4  17 
-18  -32 
54  16 
26  -6 
9  14 
11  -2 
-9  -21 
-48  -8 
-2  30 
-15  40 
-12  24 
26  -14 
3  30 
20  8 
27  29 
-7  49 
-26  -4 
13  34 
36  -47 
-35  5 
9  -9 
20  13 
9  45 
-54  -16 
27  36 
-3  29 
15  80 
6  9 
68  23 
21  -10 
8  -8 
-36  30 
-7  4 
5  24 
14  29 
26  36 
-1  -10 
19  5 
1  40 
-51  42 
43  28 
27  28 
-7  16 
37  16 
28  -14 
0  20 
32  26 
-22  14 
3  -44 
-38  -3 
28  2 
-32  41 
-48  -7 
5  35 
20  14 
30  -40 
-20  -3 
-10  -36 
39  26 
38  44 
45  13 
10  27 
22  25 
30  55 
-8  4 
-33  -23 
-7  35 
3  47 
2  19 
-19  -33 
50  13 
26  -6 
8  15 
15  -4 
-8  -21 
-49  -4 
-1  28 
-16  38 
-9  20 
24  -15 
2  30 
20  8 
32  24 
-9  51 
-26  -4 
11  36 
37  -44 
-35  5 
12  -12 
19  8 
13  44 
-53  -15 
29  31 
-3  29 
15  80 
2  7 
68  20 
23  -10 
9  -10 
-37  29 
-3  3 
7  29 
9  34 
25  36 
-3  -8 
16  6 
-1  39 
-52  43 
44  30 
28  26 
-7  15 
36  13 
30  -13 
2  17 
30  31 
-19  11 
2  -45 
-41  -3 
28  2 
-28  37 
-48  -8 
6  34 
19  16 
26  -37 
-23  0 
-7  -37 
36  25 
35  47 
43  11 
11  26 
22  24 
31  54 
-8  6 
-34  -28 
-9  40 
4  48 
2  19 
-19  -33 
51  15 
21  -1 
8  16 
15  -6 
-12  -21 
-50  1 
0  29 
-20  38 
-10  18 
25  -16 
8  28 
23  9 
32  25 
-4  49 
-29  -6 
10  33 
40  -44 
-37  3 
14  -14 
18  9 
13  43 
-47  -16 
29  34 
-1  30 
16  80 
2  4 
70  20 
24  -10 
14  -11 
-37  30 
-1  6 
5  25 
8  36 
22  33 
-3  -8 
15  7 
4  35 
-52  39 
43  31 
27  25 
-8  20 
39  16 
30  -13 
4  18 
27  29 
-24  5 
2  -41 
-42  -1 
29  2 
-29  40 
-49  -7 
10  31 
19  19 
26  -37 
-22  1 
-2  -38 
31  26 
40  48 
37  9 
8  26 
19  24 
33  56 
-8  6 
-35  -28 
-8  44 
2  46 
7  16 
-19  -33 
51  16 
20  -3 
6  14 
15  -6 
-8  -22 
-48  -1 
0  29 
-16  39 
-9  18 
23  -12 
9  32 
21  7 
38  22 
-3  46 
-27  -6 
13  35 
40  -46 
-35  4 
15  -13 
19  8 
12  44 
-51  -14 
29  31 
-1  31 
15  80 
-1  4 
67  25 
23  -10 
17  -11 
-36  30 
-2  9 
2  28 
7  38 
21  30 
-5  -6 
18  3 
5  34 
-49  40 
43  29 
28  19 
-9  18 
36  11 
32  -15 
2  11 
33  28 
-24  5 
7  -44 
-43  -4 
27  -1 
-29  39 
-49  -4 
12  32 
17  20 
28  -38 
-17  7 
-2  -39 
29  27 
40  48 
34  11 
10  27 
20  26 
36  58 
-10  11 
-35  -28 
-8  46 
2  44 
9  19 
-18  -33 
53  16 
18  -12 
6  15 
14  -11 
-11  -25 
-52  -5 
0  29 
-18  35 
-8  19 
24  -16 
10  32 
21  7 
42  17 
-5  47 
-28  -12 
17  36 
40  -47 
-35  5 
19  -4 
20  8 
12  46 
-51  -18 
29  31 
-3  29 
15  80 
-1  4 
66  26 
23  -10 
12  -8 
-36  30 
-1  9 
-1  26 
7  37 
22  27 
-2  -4 
10  4 
7  36 
-52  39 
43  23 
29  19 
-8  19 
34  15 
28  -17 
3  9 
33  31 
-25  5 
1  -37 
-40  -3 
22  -1 
-30  40 
-56  -2 
9  35 
20  18 
28  -38 
-17  8 
-2  -39 
31  29 
38  48 
29  6 
11  26 
17  27 
36  58 
-10  11 
-38  -25 
-8  45 
2  44 
10  18 
-12  -32 
53  15 
16  -7 
3  19 
9  -10 
-12  -24 
-50  -7 
-7  23 
-15  40 
-8  20 
27  -15 
9  32 
19  10 
41  20 
-5  48 
-26  -11 
10  35 
40  -47 
-33  5 
20  1 
16  13 
12  45 
-52  -16 
32  28 
-1  34 
15  80 
-1  6 
69  26 
24  -9 
11  -6 
-38  27 
-9  10 
-3  26 
5  34 
21  27 
-1  -9 
10  4 
6  34 
-52  43 
46  24 
30  20 
-5  26 
32  17 
28  -14 
4  10 
34  31 
-25  7 
1  -36 
-42  -1 
24  0 
-29  41 
-60  0 
9  34 
19  16 
27  -43 
-17  11 
1  -37 
32  29 
36  55 
30  7 
11  26 
17  29 
36  58 
-10  13 
-35  -28 
-8  44 
6  45 
12  19 
-13  -32 
53  14 
18  -13 
0  23 
8  -12 
-15  -24 
-50  -9 
-7  23 
-15  40 
-9  19 
25  -16 
9  32 
16  13 
43  20 
-3  52 
-23  -11 
13  35 
40  -47 
-33  5 
18  -4 
15  14 
12  44 
-52  -21 
29  31 
-2  34 
15  80 
-3  3 
69  25 
25  -15 
12  -7 
-37  29 
-7  9 
-1  20 
8  35 
21  24 
-1  -12 
11  4 
2  36 
-51  39 
49  23 
28  21 
-3  22 
30  20 
30  -13 
2  10 
32  32 
-27  5 
2  -36 
-43  0 
24  -5 
-29  40 
-58  -7 
12  37 
16  14 
27  -44 
-17  10 
1  -37 
34  29 
37  57 
28  6 
13  28 
19  26 
36  58 
-10  13 
-34  -26 
-7  44 
1  47 
12  22 
-13  -32 
52  19 
19  -11 
-5  25 
9  -10 
-13  -23 
-49  -9 
-9  26 
-15  40 
-10  18 
25  -13 
9  33 
16  9 
37  23 
-2  49 
-23  -11 
12  37 
45  -44 
-33  5 
24  -3 
19  16 
14  47 
-51  -21 
32  34 
-4  33 
23  79 
-4  5 
70  26 
23  -14 
12  -9 
-39  30 
-6  10 
-5  17 
8  35 
17  24 
0  -11 
11  -1 
3  36 
-49  38 
51  15 
31  24 
-1  24 
29  22 
33  -12 
1  12 
32  32 
-29  2 
1  -33 
-42  1 
31  -11 
-30  38 
-55  -8 
13  35 
10  13 
27  -42 
-17  9 
5  -35 
39  28 
40  60 
32  5 
11  26 
19  26 
36  58 
-11  14 
-34  -28 
-9  40 
1  44 
10  15 
-14  -31 
51  16 
20  -12 
-3  26 
10  -13 
-14  -25 
-48  -16 
-7  24 
-15  40 
-10  20 
26  -17 
7  28 
19  11 
39  24 
-4  52 
-23  -11 
11  39 
41  -47 
-32  4 
21  0 
17  16 
11  44 
-51  -21 
33  34 
-4  34 
22  77 
0  11 
65  27 
22  -13 
14  -11 
-38  30 
-7  9 
-7  15 
9  34 
12  29 
-1  -12 
13  1 
3  39 
-48  37 
50  16 
32  24 
-3  26 
27  19 
29  -9 
-2  10 
32  31 
-32  0 
3  -30 
-41  5 
30  -15 
-28  39 
-57  -4 
13  36 
10  13 
25  -44 
-17  11 
1  -35 
40  33 
39  60 
34  3 
9  22 
19  26 
36  58 
-8  12 
-33  -24 
-12  42 
2  44 
8  15 
-17  -32 
55  14 
19  -10 
-4  25 
10  -13 
-21  -22 
-48  -14 
-5  27 
-15  40 
-9  20 
25  -14 
3  27 
17  12 
38  26 
-4  50 
-24  -11 
12  37 
42  -43 
-35  5 
23  0 
16  13 
15  47 
-52  -21 
35  34 
0  33 
26  73 
3  10 
63  29 
22  -15 
9  -9 
-35  32 
-6  9 
-6  16 
9  34 
15  24 
0  -9 
9  2 
2  36 
-51  32 
51  18 
37  26 
-2  21 
30  16 
32  -8 
-3  9 
31  30 
-31  5 
4  -30 
-38  4 
30  -13 
-28  39 
-57  -4 
19  36 
10  13 
26  -45 
-18  12 
-1  -35 
38  34 
41  58 
34  1 
10  20 
19  26 
36  58 
-8  14 
-35  -24 
-13  37 
1  44 
11  16 
-18  -27 
53  14 
21  -7 
-7  23 
12  -16 
-16  -15 
-49  -14 
-5  26 
-15  40 
-8  18 
25  -13 
5  24 
12  11 
39  25 
-6  53 
-23  -11 
12  39 
40  -44 
-36  3 
18  -1 
15  14 
18  46 
-51  -21 
32  38 
0  33 
25  76 
3  6 
61  27 
21  -16 
6  -14 
-34  32 
-10  11 
-6  15 
9  34 
18  22 
-2  -10 
9  3 
6  34 
-53  36 
50  21 
37  36 
-2  21 
28  15 
33  -6 
-1  8 
31  29 
-28  5 
5  -34 
-37  1 
27  -12 
-29  40 
-61  -2 
18  34 
8  12 
25  -48 
-16  10 
-1  -34 
40  38 
39  57 
35  3 
11  21 
22  24 
36  58 
-10  13 
-34  -25 
-13  37 
-1  44 
13  15 
-20  -23 
52  17 
16  -9 
-7  23 
9  -18 
-13  -15 
-49  -14 
-4  25 
-15  41 
-10  20 
25  -13 
7  24 
13  9 
39  26 
0  51 
-22  -11 
11  40 
40  -42 
-38  4 
19  -2 
13  17 
19  48 
-53  -22 
31  38 
2  33 
23  76 
5  5 
62  30 
21  -16 
6  -17 
-34  32 
-11  12 
-10  18 
7  36 
11  24 
-2  -10 
7  -1 
6  35 
-52  39 
49  22 
40  34 
-2  23 
27  17 
30  -7 
1  10 
30  27 
-26  6 
1  -33 
-41  -4 
28  -14 
-28  39 
-58  -6 
21  35 
10  11 
25  -48 
-17  10 
2  -33 
41  37 
36  60 
35  5 
11  21 
26  24 
36  58 
-11  14 
-35  -20 
-14  36 
-3  49 
13  15 
-18  -21 
53  14 
18  -6 
-8  28 
9  -20 
-17  -14 
-52  -18 
-5  27 
-18  36 
-9  22 
23  -15 
7  28 
9  8 
38  21 
-5  54 
-19  -10 
11  42 
38  -42 
-38  4 
24  -2 
13  16 
19  48 
-55  -24 
28  43 
0  33 
22  79 
5  7 
65  33 
17  -17 
7  -20 
-34  34 
-12  15 
-10  21 
9  34 
12  24 
-4  -4 
7  -2 
4  35 
-53  39 
48  22 
44  30 
-7  24 
22  13 
30  -7 
-2  10 
31  26 
-20  6 
2  -31 
-40  -5 
30  -16 
-30  38 
-61  -2 
21  33 
9  11 
25  -48 
-17  10 
5  -36 
38  39 
32  59 
35  7 
11  24 
25  25 
36  58 
-10  16 
-33  -23 
-11  39 
-2  49 
11  16 
-21  -21 
53  14 
16  -7 
-9  40 
5  -17 
-17  -11 
-54  -25 
-5  29 
-20  38 
-8  26 
19  -15 
6  29 
12  14 
35  20 
-9  54 
-17  -9 
10  40 
47  -41 
-38  4 
20  -2 
11  20 
11  49 
-52  -21 
28  42 
-2  36 
25  80 
5  7 
65  32 
18  -18 
12  -14 
-34  34 
-13  17 
-11  19 
9  34 
12  24 
-3  -4 
9  0 
2  37 
-50  35 
48  23 
46  32 
-4  25 
21  13 
34  -11 
0  8 
35  33 
-25  7 
1  -30 
-45  -6 
27  -11 
-30  38 
-57  -4 
22  33 
9  12 
25  -44 
-17  9 
6  -37 
44  38 
32  59 
37  6 
9  22 
26  26 
36  58 
-10  21 
-33  -24 
-7  44 
-2  49 
11  19 
-16  -23 
49  11 
16  -7 
-9  41 
2  -15 
-19  -13 
-55  -27 
-1  24 
-17  38 
-8  28 
20  -20 
5  29 
14  9 
35  20 
-11  54 
-20  -6 
11  40 
46  -45 
-38  4 
19  -1 
8  21 
12  54 
-52  -21 
24  40 
-1  36 
23  78 
5  5 
65  36 
20  -18 
12  -15 
-39  37 
-14  14 
-11  22 
12  36 
9  26 
-3  -4 
7  5 
2  38 
-47  36 
58  23 
46  29 
-6  23 
17  9 
32  -8 
0  9 
33  35 
-26  7 
-4  -25 
-45  -6 
26  -12 
-33  37 
-61  -3 
20  33 
8  12 
21  -40 
-16  10 
6  -37 
40  37 
30  61 
38  8 
12  26 
27  29 
36  58 
-9  22 
-32  -25 
-9  44 
-1  48 
11  17 
-16  -22 
52  9 
16  -11 
-10  46 
3  -11 
-19  -16 
-55  -28 
-1  26 
-20  39 
-10  27 
20  -22 
5  29 
12  19 
36  20 
-10  56 
-22  -6 
12  37 
44  -50 
-38  9 
19  -3 
11  21 
13  55 
-51  -17 
25  41 
-1  36 
17  79 
6  3 
68  36 
21  -23 
13  -17 
-38  37 
-13  17 
-11  22 
10  38 
10  35 
-5  -6 
6  7 
-2  39 
-49  34 
55  20 
46  35 
-1  24 
21  15 
34  -11 
0  9 
34  36 
-27  4 
-5  -24 
-51  -8 
25  -16 
-31  39 
-60  -3 
17  26 
8  15 
18  -39 
-17  9 
6  -36 
42  34 
30  60 
42  13 
15  23 
27  29 
36  58 
-5  27 
-33  -22 
-8  42 
0  48 
10  13 
-15  -24 
50  11 
11  -9 
-9  44 
3  -10 
-18  -16 
-55  -27 
1  24 
-23  43 
-11  26 
20  -22 
