Created:October-13-2022 
Coverage:16 
N:20 
NUM-IONS:64 
NSTEPS:15000 
WRITE-PERIODICITY:100 
epsilon:1.71 
3  -33 
6  15 
-8  -6 
28  60 
31  -13 
-10  0 
60  -2 
3  14 
12  39 
-6  -8 
19  15 
5  -1 
35  -12 
-7  35 
13  34 
-12  1 
-16  33 
-30  -6 
54  -7 
9  5 
22  27 
8  -13 
18  8 
-17  25 
10  15 
44  -16 
-1  5 
42  44 
0  1 
4  21 
3  -25 
3  21 
37  8 
5  -2 
-1  18 
-23  6 
22  22 
11  6 
26  21 
-17  2 
31  -6 
-2  3 
4  -8 
17  -7 
44  19 
27  -6 
8  -2 
33  -7 
26  -32 
51  21 
-13  -2 
14  -6 
-9  19 
-7  17 
4  0 
10  29 
-8  0 
-14  22 
19  12 
20  33 
36  -13 
-15  -14 
16  25 
21  33 
2  -33 
8  15 
-7  -5 
30  64 
34  -12 
-9  -1 
64  -2 
3  13 
13  45 
-6  -6 
18  16 
9  3 
32  -13 
-6  33 
15  32 
-8  -2 
-16  33 
-34  -4 
56  -9 
12  3 
23  26 
6  -19 
19  5 
-19  26 
11  12 
44  -16 
-4  4 
38  48 
0  0 
2  22 
3  -25 
7  24 
40  10 
3  1 
-1  16 
-24  8 
22  24 
10  10 
27  18 
-18  3 
35  -9 
-2  3 
8  -7 
17  -6 
44  19 
28  -3 
7  -7 
33  -7 
24  -30 
56  21 
-15  -1 
12  -6 
-11  18 
-8  20 
9  2 
15  28 
-12  -2 
-7  20 
19  12 
22  36 
36  -13 
-20  -14 
15  25 
20  33 
2  -33 
9  18 
-7  -5 
28  61 
33  -7 
-10  0 
71  1 
2  13 
8  46 
-7  -6 
19  16 
12  -1 
35  -12 
-6  34 
10  35 
-5  1 
-16  34 
-29  -2 
57  -11 
12  3 
23  25 
4  -16 
19  5 
-19  23 
14  13 
39  -8 
-4  4 
40  45 
-8  0 
6  25 
3  -25 
7  28 
40  9 
5  -1 
-3  14 
-26  12 
22  23 
11  7 
31  19 
-17  4 
32  -12 
-2  3 
6  -3 
19  -2 
40  21 
27  -1 
7  -7 
32  -7 
24  -30 
53  25 
-14  3 
8  -4 
-14  16 
-4  21 
8  0 
16  28 
-9  -6 
-8  21 
19  15 
21  40 
35  -9 
-19  -14 
10  26 
21  33 
3  -34 
9  21 
-7  -6 
32  59 
35  -8 
-15  0 
68  -2 
0  13 
6  48 
-7  -7 
15  14 
18  -2 
34  -12 
-6  33 
13  35 
-5  -3 
-19  33 
-29  -1 
55  -12 
12  3 
23  27 
3  -15 
17  8 
-16  24 
11  13 
39  -12 
-4  4 
36  47 
-6  -4 
3  33 
3  -25 
0  29 
38  8 
8  0 
-3  14 
-24  11 
15  21 
13  7 
28  21 
-18  4 
31  -14 
-4  6 
12  -7 
18  -7 
42  23 
25  -2 
5  -7 
31  -8 
24  -30 
55  25 
-14  1 
9  -4 
-14  17 
-4  21 
9  2 
17  29 
-6  -3 
-10  21 
19  12 
24  41 
38  -11 
-14  -13 
13  29 
17  33 
4  -33 
8  18 
-6  -7 
33  57 
36  -6 
-5  1 
67  -2 
1  13 
6  47 
-6  -6 
18  13 
17  -5 
33  -11 
-7  34 
17  34 
-4  -3 
-17  33 
-28  1 
56  -11 
9  2 
20  26 
3  -13 
16  7 
-16  24 
11  14 
46  -16 
-4  4 
38  49 
-7  1 
7  32 
3  -25 
0  31 
40  9 
5  -2 
4  18 
-25  12 
10  20 
13  7 
31  19 
-14  5 
29  -22 
-4  1 
15  -9 
17  -7 
42  23 
25  -1 
6  -7 
30  -11 
28  -32 
57  28 
-15  -9 
7  -7 
-12  14 
-6  18 
6  -3 
18  28 
-7  -5 
-2  27 
20  16 
22  42 
36  -9 
-10  -12 
12  27 
19  35 
3  -36 
7  18 
-6  -7 
29  58 
38  -7 
-9  1 
68  -5 
0  13 
7  48 
-8  0 
17  15 
17  -4 
39  -5 
-6  34 
17  33 
-7  -6 
-17  35 
-25  0 
56  -13 
9  2 
22  23 
6  -15 
15  11 
-16  24 
6  16 
41  -15 
-4  4 
36  51 
-9  -1 
0  35 
2  -26 
-1  30 
39  5 
2  1 
8  21 
-25  12 
9  21 
10  10 
32  19 
-22  8 
31  -18 
-14  -7 
14  -3 
17  -12 
42  27 
24  -2 
3  -9 
33  -13 
26  -32 
57  26 
-13  -7 
4  -10 
-13  14 
-7  17 
7  -4 
22  28 
-8  -6 
-4  26 
19  16 
22  44 
33  -11 
-8  -13 
11  24 
19  38 
2  -36 
10  20 
-6  -8 
27  62 
37  -5 
-9  -1 
68  -6 
1  13 
6  48 
-4  1 
19  10 
19  -4 
37  -6 
-7  33 
17  33 
-6  -6 
-15  34 
-31  -2 
56  -13 
8  0 
20  21 
4  -14 
18  8 
-14  22 
8  16 
42  -17 
-4  4 
40  49 
-13  -5 
3  35 
2  -27 
1  31 
39  5 
3  2 
12  19 
-26  13 
9  20 
11  6 
28  21 
-25  8 
28  -15 
-13  -6 
15  1 
17  -12 
43  27 
25  -1 
3  -6 
30  -16 
31  -35 
56  26 
-16  -10 
4  -6 
-12  17 
-8  20 
8  -2 
23  25 
-11  -6 
-2  27 
18  16 
20  46 
38  -14 
-10  -11 
12  23 
15  31 
4  -39 
9  22 
-6  -8 
27  59 
33  -6 
-6  0 
70  -5 
-2  15 
12  48 
-1  1 
19  16 
23  0 
37  -7 
-7  35 
19  34 
-6  -7 
-16  30 
-28  1 
56  -12 
7  -2 
20  21 
6  -19 
17  9 
-14  22 
7  14 
42  -17 
-2  5 
41  51 
-9  -2 
7  35 
1  -27 
-1  32 
44  7 
1  0 
11  19 
-24  13 
11  21 
12  7 
27  24 
-27  7 
28  -14 
-7  -7 
16  1 
17  -12 
43  26 
26  -1 
-3  -4 
33  -16 
28  -40 
56  27 
-14  -13 
9  -6 
-14  17 
-8  19 
7  0 
24  24 
-2  -4 
-5  31 
20  17 
19  45 
38  -17 
-11  -10 
16  17 
18  27 
-6  -37 
7  18 
-7  -7 
26  61 
34  -6 
-10  9 
66  -3 
-2  18 
6  47 
0  1 
17  14 
21  3 
37  -7 
-10  34 
18  33 
-9  -8 
-15  29 
-35  0 
56  -9 
5  -1 
24  18 
8  -20 
16  8 
-11  26 
9  10 
42  -16 
2  7 
42  50 
-1  -4 
11  34 
0  -27 
-1  32 
44  10 
2  2 
11  19 
-26  12 
11  20 
12  7 
26  28 
-28  8 
23  -15 
-7  -5 
13  4 
13  -11 
38  27 
22  1 
-1  -5 
33  -15 
32  -40 
54  31 
-12  -15 
3  -5 
-13  14 
-9  21 
10  -1 
23  22 
-8  -1 
-4  30 
19  21 
20  45 
37  -16 
-14  -4 
16  21 
16  25 
-6  -36 
3  21 
-6  -9 
26  61 
33  -5 
-9  6 
61  -7 
2  16 
7  47 
0  1 
19  15 
20  0 
33  -6 
-12  35 
15  26 
-11  -10 
-14  28 
-39  1 
58  -12 
5  -1 
27  16 
10  -12 
18  6 
-12  25 
10  9 
44  -16 
3  5 
38  51 
-2  -5 
15  31 
0  -27 
1  31 
44  10 
2  3 
11  22 
-28  14 
9  11 
14  8 
26  27 
-29  7 
25  -15 
-3  -4 
13  4 
12  -13 
33  27 
24  -2 
-1  -4 
33  -15 
33  -43 
54  33 
-11  -18 
3  -5 
-10  14 
-8  19 
9  -2 
22  24 
-10  -1 
-8  29 
19  21 
22  41 
38  -17 
-11  -6 
14  21 
19  25 
-7  -43 
0  20 
-4  -14 
28  62 
37  -6 
-10  4 
60  -11 
1  20 
6  47 
-4  -3 
18  13 
19  1 
31  -6 
-13  34 
15  31 
-16  -11 
-16  34 
-37  2 
59  -12 
7  -4 
29  21 
10  -12 
17  8 
-11  22 
8  8 
43  -14 
-1  5 
34  49 
-4  -7 
18  31 
3  -27 
-3  29 
44  10 
3  7 
8  21 
-27  14 
12  8 
13  9 
27  28 
-29  10 
26  -12 
-1  -4 
16  7 
11  -11 
32  27 
25  -2 
-1  -5 
32  -17 
40  -44 
53  33 
-11  -17 
3  -5 
-14  15 
-6  16 
13  -5 
22  23 
-7  0 
-12  35 
20  21 
28  40 
37  -14 
-18  1 
15  20 
18  27 
-7  -41 
-4  21 
-4  -16 
26  60 
36  -7 
-7  5 
60  -11 
-1  18 
10  47 
-2  -7 
20  16 
22  4 
34  -7 
-19  37 
12  28 
-15  -11 
-12  35 
-41  5 
61  -9 
7  -6 
30  19 
11  -14 
19  10 
-12  20 
4  10 
42  -13 
2  5 
33  51 
-1  -4 
16  31 
8  -28 
-7  34 
48  5 
0  11 
8  21 
-28  7 
14  9 
11  10 
28  29 
-27  7 
26  -13 
-2  -5 
18  7 
10  -11 
34  30 
25  -1 
8  -7 
30  -16 
33  -45 
54  28 
-8  -20 
4  7 
-15  18 
-8  19 
11  -6 
23  26 
-6  0 
-17  35 
19  21 
27  38 
36  -15 
-20  1 
12  23 
22  23 
-9  -41 
-5  22 
-4  -16 
23  59 
36  -3 
-6  2 
61  -12 
0  18 
12  49 
-2  -7 
17  13 
23  5 
34  -7 
-20  40 
10  30 
-16  -13 
-10  38 
-39  11 
61  -7 
8  -5 
33  17 
12  -20 
22  7 
-10  19 
4  6 
47  -16 
-3  9 
32  48 
-1  -2 
14  32 
8  -31 
-7  32 
46  7 
-4  6 
9  21 
-30  9 
14  9 
10  8 
28  33 
-28  7 
26  -12 
0  -4 
18  9 
10  -14 
35  32 
28  0 
13  -7 
29  -18 
33  -46 
56  27 
-5  -24 
1  5 
-18  16 
-12  21 
14  -6 
23  26 
-7  -5 
-17  35 
19  21 
24  43 
35  -12 
-21  2 
13  25 
21  23 
-6  -43 
-11  21 
-4  -16 
22  64 
37  -7 
-8  -1 
59  -10 
0  22 
12  47 
-1  -5 
15  16 
28  0 
35  -8 
-16  41 
10  29 
-17  -14 
-7  35 
-38  10 
60  -7 
9  -5 
33  14 
10  -16 
23  5 
-15  18 
6  7 
40  -23 
-7  9 
29  46 
-2  -1 
18  29 
6  -32 
-4  31 
44  10 
3  1 
12  21 
-32  15 
14  9 
10  7 
29  34 
-27  7 
28  -11 
-2  -5 
15  5 
8  -12 
37  29 
33  -3 
15  -9 
31  -21 
30  -50 
56  30 
-9  -20 
-4  6 
-10  19 
-7  21 
14  -8 
22  27 
-7  -2 
-19  33 
17  16 
21  44 
35  -12 
-22  3 
13  25 
25  19 
-7  -42 
-6  16 
-4  -16 
20  65 
36  -3 
-11  1 
58  -9 
2  20 
11  46 
0  -4 
21  13 
33  1 
39  -9 
-15  39 
10  27 
-20  -11 
-6  32 
-41  12 
62  -7 
13  -13 
35  11 
7  -21 
24  7 
-10  9 
7  14 
39  -24 
-6  9 
23  45 
-1  0 
22  30 
4  -27 
-5  28 
46  11 
0  1 
8  21 
-33  15 
12  8 
10  10 
30  34 
-26  14 
33  -16 
-4  -9 
19  5 
4  -10 
36  26 
32  -1 
15  -3 
31  -21 
32  -54 
58  29 
-12  -20 
-3  4 
-13  12 
-8  20 
14  -9 
23  26 
-11  3 
-20  33 
17  13 
24  44 
41  -9 
-22  3 
16  21 
26  20 
-10  -39 
-3  16 
-4  -16 
21  63 
34  -6 
-12  0 
58  -9 
7  20 
10  49 
-1  -4 
23  15 
32  0 
40  -10 
-14  41 
12  28 
-21  -12 
-2  35 
-41  12 
65  -6 
10  -16 
35  11 
5  -21 
24  4 
-11  6 
11  12 
41  -24 
-5  5 
18  40 
1  0 
20  31 
7  -26 
-4  26 
47  16 
3  -1 
9  22 
-33  18 
14  9 
11  6 
34  32 
-26  13 
33  -16 
-3  -11 
18  7 
7  -8 
36  27 
33  -3 
18  -7 
32  -22 
33  -51 
58  28 
-8  -19 
-10  -5 
-7  14 
-4  21 
11  -6 
19  30 
-11  1 
-21  35 
18  17 
22  44 
40  -11 
-22  3 
15  20 
28  21 
-9  -40 
-3  16 
-4  -16 
22  64 
34  -6 
-12  -3 
53  -11 
6  22 
13  47 
-1  -5 
23  15 
28  0 
36  -13 
-13  47 
14  29 
-23  -11 
-5  34 
-39  13 
68  -11 
13  -15 
34  12 
6  -17 
23  6 
-12  5 
13  13 
39  -24 
-4  6 
19  40 
2  3 
18  27 
7  -26 
0  26 
49  21 
4  -2 
6  16 
-32  15 
10  9 
12  3 
27  32 
-27  12 
33  -20 
-8  -12 
20  9 
9  -10 
37  32 
34  -3 
16  -12 
28  -19 
32  -53 
58  28 
-15  -20 
-11  -2 
-13  13 
-8  19 
10  -10 
21  31 
-9  -1 
-22  33 
28  14 
24  47 
42  -13 
-22  3 
16  21 
29  22 
-7  -36 
-2  15 
-4  -16 
21  63 
33  -5 
-6  -6 
52  -12 
6  21 
12  47 
1  -7 
23  15 
24  6 
35  -15 
-15  49 
15  31 
-21  -12 
-1  36 
-41  15 
64  -10 
13  -15 
27  12 
2  -16 
23  7 
-16  7 
13  13 
37  -27 
-7  9 
26  40 
0  5 
17  26 
10  -25 
-1  25 
52  19 
5  -1 
5  11 
-33  14 
9  11 
17  1 
30  36 
-23  14 
34  -23 
-7  -6 
22  10 
7  -12 
38  28 
33  -3 
17  -11 
29  -18 
31  -54 
58  27 
-9  -21 
-12  -2 
-9  14 
-9  21 
10  -12 
16  31 
-6  1 
-23  35 
26  7 
22  47 
43  -18 
-22  3 
14  13 
32  20 
-8  -34 
-3  13 
-3  -17 
20  61 
31  -9 
-7  -7 
50  -11 
4  24 
12  47 
1  -7 
23  15 
23  6 
34  -14 
-19  52 
15  28 
-23  -11 
0  38 
-43  15 
71  -11 
14  -12 
29  10 
2  -16 
26  9 
-17  7 
14  14 
38  -27 
-8  8 
30  44 
0  11 
16  27 
11  -27 
2  26 
49  21 
8  0 
6  7 
-34  11 
13  9 
11  1 
29  35 
-22  18 
31  -26 
-13  -5 
21  11 
7  -6 
37  28 
37  -4 
18  -11 
28  -19 
31  -55 
56  26 
-13  -24 
-12  -2 
-14  17 
-5  20 
11  -12 
15  31 
-8  3 
-21  36 
26  8 
20  49 
42  -17 
-22  3 
14  9 
34  17 
-7  -33 
-1  16 
-4  -16 
20  60 
35  -1 
-8  -6 
50  -11 
6  19 
13  53 
4  -6 
23  15 
26  5 
38  -12 
-21  55 
18  34 
-24  -13 
-3  33 
-41  12 
73  -2 
16  -9 
31  12 
4  -16 
24  13 
-18  6 
14  12 
37  -25 
-8  8 
27  44 
-3  9 
16  30 
14  -27 
2  24 
49  18 
13  1 
4  10 
-34  8 
15  11 
9  -1 
31  34 
-21  18 
33  -28 
-13  -7 
23  5 
7  -8 
34  29 
33  -5 
18  -11 
29  -18 
31  -54 
55  25 
-8  -19 
-18  1 
-13  20 
-12  20 
9  -10 
20  31 
-9  5 
-24  37 
23  7 
21  53 
42  -18 
-22  3 
10  10 
31  19 
-5  -28 
-4  9 
-4  -16 
19  54 
31  1 
-8  -9 
53  -13 
5  19 
14  53 
5  -6 
23  15 
25  12 
38  -13 
-20  55 
18  33 
-23  -12 
0  33 
-41  12 
75  1 
13  -11 
29  18 
3  -13 
28  18 
-17  6 
17  12 
37  -27 
-8  8 
22  43 
-4  7 
17  29 
18  -23 
2  27 
55  18 
17  1 
6  7 
-34  8 
20  9 
6  2 
28  36 
-23  14 
33  -27 
-15  -7 
27  5 
8  -5 
30  29 
33  -6 
21  -9 
26  -19 
31  -54 
58  28 
-4  -19 
-19  0 
-13  20 
-12  22 
14  -5 
22  30 
-11  2 
-23  36 
21  5 
21  53 
40  -19 
-22  3 
15  11 
32  19 
-10  -31 
3  7 
-4  -16 
17  53 
34  0 
-13  -16 
53  -13 
12  18 
12  61 
7  -9 
24  13 
24  12 
36  -9 
-23  56 
20  38 
-26  -14 
0  33 
-41  10 
69  -5 
8  -6 
32  20 
1  -13 
27  18 
-18  3 
14  9 
34  -28 
-8  8 
25  46 
-2  7 
13  33 
17  -26 
3  25 
55  20 
16  1 
14  8 
-34  9 
18  11 
3  0 
33  34 
-19  14 
32  -24 
-17  -5 
26  5 
7  -8 
32  23 
31  -6 
16  -10 
26  -19 
26  -52 
57  28 
-10  -16 
-21  1 
-14  23 
-11  18 
13  -5 
21  31 
-13  2 
-20  35 
15  8 
26  52 
41  -20 
-22  3 
16  9 
30  15 
-9  -30 
2  4 
-4  -16 
17  53 
36  1 
-14  -12 
53  -11 
6  23 
8  61 
11  -11 
23  13 
24  12 
34  -6 
-22  54 
17  36 
-25  -8 
-2  33 
-42  8 
73  -3 
-1  -2 
34  20 
3  -16 
24  19 
-21  5 
10  9 
30  -29 
-7  5 
26  47 
-3  8 
13  33 
16  -27 
4  27 
54  24 
12  1 
17  7 
-40  11 
21  8 
3  1 
34  32 
-20  9 
32  -20 
-21  -5 
31  1 
12  -12 
32  23 
33  -6 
15  -9 
28  -20 
24  -50 
60  30 
-16  -11 
-20  1 
-13  18 
-14  15 
14  -7 
16  31 
-13  -6 
-19  33 
15  8 
24  53 
42  -17 
-22  2 
16  9 
23  22 
-6  -23 
2  2 
-4  -16 
19  52 
32  1 
-14  -13 
54  -11 
9  22 
7  54 
8  -12 
19  15 
28  16 
34  -8 
-23  54 
13  37 
-21  -4 
1  30 
-40  4 
70  1 
0  -10 
31  20 
4  -14 
25  19 
-21  5 
9  10 
24  -30 
-8  3 
25  50 
-3  6 
13  35 
18  -27 
4  24 
48  17 
9  -2 
15  8 
-45  11 
22  10 
6  1 
31  29 
-20  9 
32  -21 
-22  -5 
27  7 
12  -12 
29  25 
33  -2 
18  -11 
27  -22 
30  -51 
57  36 
-13  -16 
-19  0 
-11  15 
-9  14 
14  -6 
16  31 
-12  1 
-17  33 
18  5 
24  54 
42  -17 
-26  0 
17  9 
19  18 
-2  -27 
3  5 
-4  -16 
19  52 
33  -3 
-14  -12 
52  -11 
4  19 
11  54 
7  -12 
14  18 
26  17 
30  -8 
-17  55 
11  39 
-18  -7 
0  29 
-40  1 
64  1 
-5  -9 
26  19 
3  -13 
23  22 
-15  6 
12  8 
24  -30 
-8  -1 
29  54 
-3  9 
13  35 
16  -27 
2  23 
50  18 
11  -10 
21  6 
-46  9 
21  11 
2  4 
32  27 
-22  8 
29  -18 
-23  -4 
29  10 
13  -13 
26  21 
31  0 
19  -15 
22  -24 
31  -53 
61  33 
-15  -21 
-11  0 
-12  18 
-9  12 
14  -6 
13  29 
-13  -2 
-17  34 
18  2 
27  52 
42  -13 
-26  4 
15  8 
17  13 
-1  -24 
0  1 
-4  -16 
19  52 
33  -5 
-11  -15 
50  -12 
-8  20 
14  54 
4  -11 
13  17 
28  17 
29  -10 
-17  55 
10  40 
-14  -11 
1  29 
-35  -1 
69  1 
-3  -10 
28  20 
3  -15 
24  24 
-15  6 
10  9 
24  -30 
-8  -2 
33  52 
-4  10 
14  32 
15  -29 
-1  20 
52  19 
10  -9 
23  7 
-44  7 
20  13 
4  7 
37  28 
-24  6 
28  -15 
-22  -7 
29  15 
12  -11 
29  23 
29  -2 
21  -17 
28  -31 
36  -51 
64  32 
-16  -21 
-17  -7 
-14  22 
-5  12 
14  -7 
14  29 
-10  -5 
-15  33 
16  0 
26  57 
43  -14 
-27  5 
18  8 
16  11 
-4  -27 
0  6 
-2  -17 
19  52 
34  -6 
-15  -7 
53  -13 
-8  21 
12  60 
6  -13 
13  12 
32  19 
30  -10 
-17  55 
3  39 
-11  -6 
-5  25 
-35  -2 
68  0 
-4  -12 
32  23 
2  -16 
25  23 
-13  4 
7  14 
27  -28 
-4  1 
34  53 
-2  8 
11  30 
21  -29 
-2  18 
50  14 
9  -10 
22  7 
-42  11 
17  16 
3  5 
35  28 
-24  7 
28  -19 
-21  -5 
29  15 
12  -12 
29  22 
35  1 
22  -17 
24  -30 
36  -50 
64  33 
-17  -22 
-20  -7 
-14  21 
-6  12 
16  -9 
14  30 
-15  0 
-16  32 
15  0 
28  55 
43  -14 
-27  5 
17  9 
17  14 
-8  -21 
4  4 
-4  -16 
18  48 
34  -6 
-17  -8 
51  -14 
-8  20 
9  61 
4  -10 
16  11 
35  16 
29  -14 
-21  58 
-5  41 
-12  -3 
-5  25 
-34  -1 
64  -1 
0  -15 
32  23 
2  -17 
28  22 
-14  3 
4  13 
23  -27 
-6  0 
33  49 
-5  8 
6  28 
20  -31 
1  20 
49  18 
7  -12 
23  6 
-43  12 
20  18 
3  7 
33  27 
-23  9 
29  -18 
-23  -4 
27  14 
14  -12 
31  21 
36  1 
22  -18 
28  -34 
36  -52 
63  35 
-15  -21 
-20  -7 
-14  22 
-10  10 
19  -10 
17  34 
-13  -2 
-18  33 
12  1 
33  57 
43  -15 
-28  2 
17  8 
16  13 
-9  -21 
2  3 
-6  -14 
16  51 
35  -12 
-10  -11 
52  -11 
-7  21 
7  59 
-1  -10 
15  12 
37  9 
29  -17 
-27  55 
-9  40 
-13  -2 
-4  27 
-34  3 
64  -2 
0  -15 
33  25 
4  -21 
29  22 
-17  5 
11  21 
25  -27 
-8  1 
32  47 
-4  10 
13  34 
18  -32 
-2  29 
48  21 
8  -12 
22  4 
-41  12 
15  16 
3  7 
31  22 
-25  11 
32  -20 
-24  -7 
28  17 
13  -11 
28  20 
40  1 
25  -21 
32  -32 
36  -51 
63  35 
-14  -18 
-20  -7 
-19  25 
-9  6 
22  -13 
18  33 
-14  1 
-17  31 
10  0 
33  53 
39  -15 
-25  1 
17  8 
14  14 
-6  -19 
0  0 
-12  -19 
16  49 
38  -11 
-6  -6 
47  -6 
-6  20 
8  66 
1  -15 
15  11 
34  12 
33  -16 
-29  54 
-14  39 
-11  2 
3  27 
-38  4 
72  8 
-2  -17 
33  25 
5  -21 
29  18 
-18  7 
12  20 
26  -23 
-8  1 
32  47 
-3  8 
13  32 
20  -31 
-2  31 
46  21 
6  -12 
23  1 
-41  16 
13  17 
3  4 
27  18 
-23  7 
36  -19 
-23  -4 
28  20 
19  -15 
27  20 
40  -2 
22  -24 
30  -32 
38  -52 
63  35 
-9  -21 
-18  -10 
-16  24 
-6  9 
25  -14 
20  33 
-16  -2 
-16  29 
7  -4 
33  58 
43  -15 
-29  1 
17  6 
6  15 
-2  -22 
-1  1 
-9  -19 
15  48 
36  -13 
-6  -4 
50  -9 
-9  22 
8  64 
1  -14 
17  13 
33  13 
37  -20 
-39  53 
-13  39 
-8  -2 
2  27 
-37  2 
71  5 
-2  -17 
33  24 
4  -21 
28  16 
-17  5 
12  21 
26  -25 
-8  3 
33  47 
-3  9 
13  34 
18  -33 
1  31 
44  24 
11  -8 
22  1 
-44  11 
10  20 
-2  5 
27  18 
-26  9 
34  -20 
-26  -7 
27  14 
19  -15 
29  18 
40  1 
22  -24 
30  -36 
37  -52 
63  35 
-7  -19 
-20  -9 
-17  26 
-7  9 
23  -13 
20  33 
-15  -1 
-20  29 
13  -5 
32  59 
42  -17 
-31  3 
16  6 
-1  15 
-9  -22 
-3  0 
-9  -18 
14  49 
37  -14 
-4  -9 
51  -10 
-4  21 
8  66 
0  -16 
17  15 
33  15 
35  -18 
-36  52 
-13  40 
-7  -6 
2  27 
-38  2 
72  7 
-6  -20 
33  25 
12  -21 
28  15 
-18  4 
13  21 
27  -26 
-8  3 
31  46 
-3  8 
14  34 
19  -33 
0  31 
43  25 
1  -7 
19  -7 
-45  7 
9  19 
-2  7 
29  21 
-24  9 
35  -19 
-27  -8 
26  19 
20  -14 
29  18 
42  3 
31  -26 
33  -33 
38  -52 
63  35 
-9  -21 
-20  -11 
-17  26 
-7  9 
25  -13 
20  33 
-14  0 
-20  30 
12  -6 
32  61 
43  -13 
-27  4 
21  9 
-3  14 
-7  -23 
-2  3 
-12  -19 
14  57 
37  -12 
-7  -7 
51  -13 
-8  20 
8  66 
4  -16 
17  21 
33  14 
32  -21 
-31  50 
-9  41 
-6  -7 
2  23 
-39  1 
70  9 
-9  -26 
33  24 
10  -21 
24  12 
-21  5 
16  21 
28  -27 
-10  4 
32  43 
-1  6 
14  34 
17  -34 
-1  30 
43  25 
8  -6 
18  -4 
-44  11 
8  18 
2  4 
26  20 
-23  9 
32  -22 
-21  -8 
26  21 
20  -14 
29  21 
43  6 
29  -25 
32  -33 
36  -53 
63  35 
-9  -21 
-21  -13 
-17  27 
-7  9 
26  -17 
24  34 
-16  -2 
-19  31 
10  1 
33  55 
42  -13 
-27  -2 
22  10 
-3  15 
-7  -21 
-2  3 
-12  -19 
13  57 
35  -12 
-11  0 
53  -20 
-6  22 
4  70 
4  -16 
12  21 
33  13 
28  -23 
-30  49 
-11  41 
-4  -9 
7  19 
-40  1 
73  9 
-14  -30 
32  23 
12  -20 
30  15 
-18  5 
16  21 
34  -31 
-12  -8 
33  45 
-3  9 
12  35 
16  -34 
-3  34 
46  27 
7  -4 
17  -4 
-42  8 
7  14 
3  5 
26  17 
-21  4 
28  -22 
-21  -10 
29  22 
16  -16 
32  19 
43  6 
28  -31 
33  -33 
34  -52 
63  35 
-9  -21 
-20  -11 
-18  27 
-3  10 
28  -20 
17  33 
-15  -4 
-23  28 
10  1 
35  52 
42  -10 
-25  1 
21  11 
-2  15 
-11  -22 
-2  2 
-11  -21 
15  60 
38  -12 
-9  -1 
52  -26 
-8  21 
3  67 
8  -11 
8  21 
34  12 
28  -23 
-26  48 
-10  40 
-5  -9 
8  28 
-40  1 
70  12 
-17  -25 
29  22 
14  -25 
32  20 
-23  8 
14  20 
32  -33 
-10  -5 
31  41 
-7  13 
6  37 
16  -30 
-3  34 
49  30 
5  -11 
16  -6 
-45  8 
8  14 
7  8 
24  18 
-17  5 
36  -19 
-20  -11 
30  24 
16  -16 
28  20 
45  -1 
29  -35 
31  -34 
30  -51 
66  28 
-8  -21 
-17  -18 
-16  27 
-9  7 
26  -17 
18  33 
-17  -2 
-24  27 
13  -3 
34  54 
41  -11 
-31  1 
19  12 
-7  14 
-6  -20 
-2  3 
-6  -22 
12  60 
37  -12 
-9  1 
50  -25 
-8  19 
3  67 
11  -11 
9  22 
34  13 
27  -27 
-26  49 
-9  39 
-5  -8 
13  29 
-38  3 
62  13 
-20  -25 
33  25 
10  -28 
34  21 
-25  11 
13  20 
33  -33 
-9  -6 
30  41 
-3  16 
-1  41 
17  -31 
-4  41 
50  27 
4  -11 
18  -2 
-46  8 
1  13 
7  7 
26  20 
-18  4 
40  -19 
-24  -13 
31  20 
16  -16 
30  18 
47  -2 
28  -38 
32  -33 
33  -52 
70  29 
-7  -22 
-14  -21 
-18  25 
-12  6 
24  -16 
18  36 
-15  -2 
-24  28 
11  3 
38  54 
36  -9 
-34  -4 
18  13 
-7  14 
-1  -19 
-2  3 
-4  -19 
12  60 
36  -10 
-10  0 
49  -21 
-7  25 
2  64 
12  -13 
8  20 
27  14 
30  -25 
-26  49 
-8  41 
-6  -7 
12  28 
-33  -2 
63  11 
-23  -25 
28  24 
14  -28 
34  20 
-22  13 
20  21 
33  -33 
-6  -6 
32  39 
-2  17 
4  41 
19  -35 
-7  42 
51  27 
10  -16 
18  -5 
-47  9 
-1  12 
8  18 
26  21 
-16  7 
43  -13 
-22  -11 
33  17 
17  -17 
29  21 
49  -2 
27  -41 
31  -31 
36  -53 
70  29 
-11  -26 
-9  -21 
-18  23 
-12  5 
24  -16 
19  36 
-15  -1 
-23  28 
6  8 
36  54 
41  -9 
-34  -13 
24  12 
-7  12 
3  -25 
-4  4 
-8  -21 
14  54 
35  -9 
-8  3 
52  -20 
-2  22 
2  63 
14  -16 
10  24 
28  13 
28  -26 
-21  50 
-7  41 
-3  -9 
13  34 
-39  0 
62  13 
-22  -23 
24  30 
13  -27 
36  21 
-26  6 
20  21 
33  -33 
-7  -5 
29  38 
-3  14 
1  41 
18  -31 
-11  41 
56  26 
11  -13 
17  -7 
-44  8 
0  13 
12  21 
24  19 
-21  6 
43  -14 
-19  -9 
33  18 
18  -17 
27  18 
49  -1 
28  -40 
31  -28 
37  -51 
70  29 
-11  -26 
-9  -21 
-18  22 
-17  5 
25  -20 
18  36 
-21  -4 
-22  27 
6  7 
39  55 
42  -10 
-34  -12 
27  14 
-9  14 
7  -25 
-6  1 
-3  -24 
18  57 
35  -9 
-13  -2 
49  -18 
-4  19 
3  65 
12  -17 
10  19 
24  18 
23  -25 
-20  53 
-5  41 
-2  -9 
15  32 
-37  6 
61  13 
-17  -21 
24  30 
13  -27 
33  21 
-24  4 
23  21 
31  -28 
-7  -8 
26  41 
2  10 
2  44 
17  -31 
-14  39 
55  28 
17  -12 
13  -6 
-43  6 
-1  15 
8  20 
26  20 
-22  7 
43  -13 
-19  -9 
32  20 
20  -18 
26  23 
50  1 
27  -40 
33  -31 
38  -52 
73  27 
-11  -28 
-8  -19 
-20  21 
-17  2 
25  -22 
17  33 
-21  -4 
-20  29 
8  6 
32  59 
39  -8 
-34  -12 
30  9 
-14  15 
8  -27 
-7  4 
-3  -26 
19  55 
30  -11 
-7  -3 
51  -19 
-5  22 
3  67 
12  -17 
15  16 
24  18 
22  -24 
-20  56 
-4  41 
-4  -13 
16  31 
-38  7 
60  13 
-19  -17 
21  31 
6  -23 
34  17 
-24  4 
22  23 
32  -21 
-6  -8 
27  39 
4  10 
2  45 
15  -29 
-21  39 
52  28 
21  -15 
12  -6 
-42  2 
-2  18 
9  21 
25  19 
-21  5 
45  -14 
-23  -12 
33  25 
27  -22 
28  26 
54  -6 
28  -39 
33  -31 
35  -52 
66  27 
-6  -27 
-9  -21 
-19  20 
-14  1 
22  -19 
19  36 
-27  -6 
-20  29 
4  9 
29  60 
39  -8 
-34  -12 
32  7 
-19  13 
8  -31 
-9  7 
-5  -29 
16  53 
33  -13 
-6  -6 
52  -21 
-9  19 
4  64 
12  -13 
12  14 
25  19 
27  -26 
-22  54 
-7  45 
-2  -12 
16  31 
-40  10 
63  11 
-18  -16 
18  31 
9  -25 
37  14 
-22  3 
21  26 
30  -20 
-6  -10 
29  39 
1  13 
0  46 
15  -32 
-23  36 
54  29 
23  -19 
13  -6 
-36  1 
-3  13 
12  20 
20  21 
-22  9 
42  -13 
-22  -13 
33  24 
29  -26 
23  26 
47  -12 
34  -44 
33  -31 
31  -51 
68  26 
-7  -23 
-4  -19 
-18  16 
-14  -1 
27  -22 
20  36 
-27  -7 
-24  26 
6  7 
30  54 
39  -8 
-33  -7 
32  8 
-15  13 
6  -33 
-10  8 
-7  -27 
15  57 
33  -13 
-1  -5 
52  -20 
-7  22 
3  65 
12  -13 
14  14 
25  19 
28  -26 
-23  53 
-7  45 
-3  -12 
14  32 
-40  9 
61  13 
-19  -20 
15  31 
11  -19 
42  18 
-22  3 
23  26 
28  -19 
-2  -12 
32  39 
4  12 
0  41 
17  -31 
-18  36 
54  28 
22  -21 
13  -6 
-38  3 
0  10 
12  21 
22  21 
-24  9 
44  -16 
-24  -12 
31  26 
22  -23 
23  27 
47  -14 
36  -39 
33  -31 
30  -51 
70  21 
-3  -26 
-9  -18 
-17  18 
-12  -3 
27  -21 
20  35 
-29  -8 
-24  27 
4  10 
31  54 
39  -8 
-33  -5 
32  6 
-14  21 
6  -33 
-9  6 
-8  -26 
18  55 
31  -13 
-1  -5 
50  -21 
-8  23 
2  63 
5  -8 
13  17 
23  18 
27  -28 
-23  54 
-7  45 
-4  -9 
13  33 
-42  8 
61  13 
-20  -22 
14  33 
14  -20 
41  20 
-22  3 
19  25 
30  -22 
-4  -14 
28  40 
3  14 
0  41 
15  -29 
-18  37 
56  30 
23  -25 
9  -5 
-39  3 
3  6 
9  22 
19  20 
-26  12 
40  -14 
-23  -11 
30  29 
27  -21 
23  27 
49  -10 
37  -43 
33  -31 
30  -56 
72  19 
-3  -24 
-3  -19 
-16  13 
-11  -2 
28  -15 
17  33 
-29  -11 
-27  27 
4  10 
30  47 
39  -8 
-34  -4 
32  8 
-5  18 
4  -31 
-7  5 
-12  -25 
19  55 
29  -15 
5  -8 
48  -20 
-11  23 
0  60 
1  -7 
18  18 
25  19 
27  -28 
-23  53 
-8  43 
1  -10 
16  33 
-41  8 
60  16 
-21  -24 
16  34 
11  -18 
38  17 
-22  3 
19  25 
35  -18 
-4  -13 
25  38 
8  16 
-3  36 
13  -26 
-20  41 
55  31 
23  -25 
8  -15 
-36  4 
3  5 
11  19 
21  20 
-27  15 
43  -13 
-18  -13 
27  27 
29  -19 
24  27 
44  -10 
38  -46 
38  -31 
27  -59 
73  17 
-3  -26 
-2  -18 
-20  13 
-9  -6 
22  -18 
18  33 
-28  -13 
-30  29 
1  11 
33  47 
39  -8 
-34  -13 
33  9 
-8  20 
6  -33 
-7  5 
-19  -29 
20  53 
27  -11 
2  -6 
47  -22 
-17  21 
-2  60 
2  -7 
19  14 
24  19 
30  -22 
-27  55 
-6  43 
-2  -11 
17  33 
-44  7 
62  16 
-23  -24 
19  35 
17  -19 
33  17 
-22  3 
22  24 
33  -20 
-5  -9 
26  36 
6  15 
-3  35 
6  -32 
-20  41 
54  32 
24  -26 
9  -21 
-38  3 
1  3 
9  18 
21  20 
-29  14 
43  -13 
-17  -11 
27  28 
32  -21 
22  27 
44  -10 
39  -47 
37  -31 
31  -59 
72  18 
-3  -26 
-4  -19 
-19  13 
-8  -6 
29  -17 
20  35 
-29  -14 
-33  24 
-6  11 
29  55 
39  -8 
-37  -15 
33  9 
-7  14 
6  -32 
-7  5 
-24  -29 
20  54 
21  -7 
3  -5 
47  -24 
-16  24 
-4  59 
7  -5 
18  13 
28  21 
32  -16 
-27  55 
-11  40 
1  -15 
16  33 
-43  8 
69  22 
-21  -22 
19  36 
16  -16 
33  18 
-22  3 
24  19 
32  -21 
-4  -12 
27  34 
6  15 
-6  33 
6  -33 
-19  40 
53  34 
27  -32 
7  -22 
-37  4 
4  1 
6  16 
18  22 
-29  14 
44  -14 
-13  -11 
24  30 
31  -21 
22  24 
43  -8 
37  -46 
43  -34 
32  -59 
77  21 
-7  -23 
-4  -19 
-17  11 
-6  -8 
26  -21 
17  36 
-28  -17 
-41  25 
-5  11 
28  55 
40  -11 
-42  -12 
30  9 
-7  12 
9  -38 
-7  5 
-20  -29 
28  56 
35  -9 
4  -8 
47  -26 
-18  23 
-8  59 
10  -6 
20  18 
33  19 
34  -16 
-28  54 
-15  38 
1  -14 
16  37 
-40  9 
68  21 
-22  -23 
16  34 
15  -20 
29  20 
-24  4 
22  16 
28  -23 
-5  -12 
33  37 
5  19 
-6  32 
6  -32 
-20  41 
51  34 
26  -34 
6  -19 
-37  6 
3  2 
7  16 
18  22 
-25  14 
46  -15 
-8  -12 
24  30 
32  -19 
19  28 
44  -6 
35  -44 
46  -38 
32  -62 
72  16 
-7  -26 
-13  -20 
-17  11 
-11  -5 
27  -22 
18  38 
-31  -17 
-41  21 
-4  10 
27  55 
39  -14 
-42  -11 
33  7 
-7  9 
12  -35 
-6  -4 
-20  -29 
31  52 
35  -9 
2  -6 
42  -27 
-21  20 
-4  61 
9  -2 
17  15 
32  18 
29  -20 
-22  53 
-14  36 
1  -15 
13  37 
-41  12 
68  20 
-21  -24 
20  33 
13  -26 
34  13 
-24  4 
22  20 
31  -26 
-7  -13 
31  39 
4  17 
-4  31 
6  -32 
-21  41 
53  32 
26  -33 
9  -19 
-34  2 
-1  -5 
7  13 
18  23 
-19  13 
42  -17 
-6  -11 
25  28 
32  -20 
20  29 
46  -3 
32  -46 
49  -34 
28  -59 
74  14 
-5  -24 
-14  -19 
-17  13 
-10  -5 
25  -22 
13  38 
-28  -17 
-40  20 
-2  9 
25  52 
39  -15 
-42  -12 
31  5 
-8  7 
11  -38 
-7  -7 
-22  -33 
33  49 
36  -14 
-1  -5 
43  -25 
-20  21 
-4  60 
12  0 
18  13 
35  16 
31  -26 
-23  54 
-18  30 
4  -19 
12  39 
-43  9 
74  20 
-27  -28 
20  33 
14  -27 
25  13 
-23  8 
22  16 
27  -26 
-7  -13 
34  36 
8  20 
-6  32 
4  -30 
-28  36 
55  31 
22  -26 
10  -21 
-33  4 
-3  -4 
8  13 
18  23 
-19  13 
43  -15 
-2  -11 
31  26 
32  -19 
23  27 
46  -4 
38  -49 
47  -33 
29  -61 
74  14 
-1  -24 
-18  -18 
-13  16 
-11  -2 
28  -19 
12  38 
-31  -14 
-41  20 
-4  9 
23  53 
39  -15 
-38  -13 
28  6 
-10  9 
6  -35 
-3  -7 
-17  -38 
34  49 
38  -11 
0  -5 
43  -25 
-20  21 
-8  62 
13  5 
18  13 
32  21 
24  -30 
-21  52 
-23  36 
2  -19 
14  33 
-44  4 
76  21 
-29  -26 
20  33 
12  -20 
25  16 
-24  10 
28  17 
30  -25 
-8  -12 
36  37 
12  19 
-3  31 
8  -32 
-30  41 
57  32 
33  -28 
11  -21 
-34  1 
-2  -6 
8  14 
18  23 
-13  12 
44  -16 
-3  -11 
31  26 
34  -21 
24  26 
47  -6 
40  -51 
48  -25 
32  -62 
73  14 
-3  -26 
-19  -14 
-14  15 
-11  0 
29  -19 
11  41 
-34  -13 
-43  21 
-3  8 
28  50 
38  -12 
-37  -14 
25  9 
-7  7 
10  -31 
-2  -3 
-20  -34 
38  49 
37  -12 
0  -4 
43  -27 
-18  22 
-10  63 
14  -3 
16  13 
31  18 
28  -35 
-19  49 
-27  35 
2  -17 
14  32 
-44  1 
80  21 
-28  -23 
20  31 
8  -19 
27  20 
-22  8 
29  18 
28  -30 
-10  -13 
40  38 
14  23 
-6  33 
8  -32 
-28  41 
57  36 
34  -31 
3  -18 
-37  1 
-10  -8 
6  15 
18  23 
-12  14 
43  -14 
-4  -9 
32  23 
33  -23 
24  24 
47  -6 
40  -51 
47  -22 
26  -59 
73  13 
-1  -24 
-18  -13 
-19  13 
-15  -1 
28  -20 
10  38 
-34  -13 
-47  18 
-5  8 
28  49 
35  -14 
-41  -15 
26  8 
-7  9 
9  -30 
-5  1 
-16  -36 
37  48 
38  -11 
-2  -5 
47  -24 
-17  22 
-9  67 
11  -6 
20  15 
31  19 
30  -36 
-17  45 
-27  35 
2  -16 
15  31 
-48  -1 
80  22 
-31  -25 
22  30 
6  -19 
26  20 
-23  9 
26  15 
30  -34 
-9  -14 
39  35 
13  25 
-6  32 
2  -33 
-27  37 
59  36 
34  -31 
3  -20 
-38  3 
-11  -6 
13  18 
18  23 
-13  12 
43  -16 
-4  -9 
33  27 
31  -19 
25  26 
47  -6 
37  -46 
49  -22 
25  -60 
69  11 
-2  -26 
-17  -14 
-15  14 
-18  -1 
31  -18 
10  41 
-32  -14 
-39  22 
-4  7 
24  49 
36  -12 
-40  -15 
24  10 
-8  8 
12  -33 
-2  8 
-16  -34 
36  51 
37  -10 
-7  -7 
50  -26 
-19  23 
-5  65 
12  -6 
19  16 
28  15 
31  -35 
-18  47 
-27  34 
0  -14 
15  31 
-49  1 
81  20 
-39  -27 
17  28 
6  -21 
29  22 
-23  9 
24  16 
28  -35 
-10  -11 
43  39 
12  23 
-3  34 
2  -37 
-31  38 
59  34 
34  -27 
3  -18 
-41  5 
-13  -2 
10  24 
18  23 
-17  13 
45  -14 
-2  -6 
33  29 
36  -19 
22  24 
54  -8 
37  -44 
47  -16 
22  -59 
73  24 
-1  -25 
-16  -13 
-17  15 
-20  5 
32  -19 
6  41 
-34  -15 
-41  21 
-2  7 
26  47 
36  -11 
-40  -11 
26  8 
-8  8 
18  -31 
-3  8 
-11  -30 
41  49 
40  -14 
-7  -7 
48  -24 
-16  16 
0  71 
14  -8 
20  14 
26  16 
31  -40 
-21  45 
-28  36 
1  -14 
15  31 
-43  1 
79  16 
-37  -29 
16  31 
7  -21 
28  20 
-18  4 
20  15 
26  -33 
-7  -6 
46  40 
12  20 
-3  34 
1  -40 
-29  39 
59  32 
34  -27 
9  -18 
-44  4 
-13  0 
9  23 
18  23 
-16  10 
43  -15 
-2  -7 
33  29 
37  -16 
23  24 
45  -11 
37  -44 
49  -14 
25  -61 
73  25 
-2  -25 
-17  -13 
-15  11 
-19  11 
34  -20 
7  38 
-34  -12 
-40  21 
-4  7 
26  45 
36  -10 
-42  -12 
28  5 
-9  1 
17  -31 
0  6 
-5  -32 
41  55 
44  -16 
-6  -8 
49  -26 
-9  14 
-1  65 
12  -12 
19  15 
30  9 
32  -40 
-24  47 
-26  36 
-2  -11 
13  32 
-48  1 
77  16 
-34  -33 
16  31 
6  -24 
31  21 
-15  6 
24  12 
21  -27 
-7  -5 
48  38 
9  18 
-6  34 
-1  -44 
-30  41 
58  33 
28  -25 
9  -17 
-43  3 
-12  1 
8  17 
20  20 
-18  13 
43  -16 
-4  -3 
35  31 
38  -17 
22  24 
40  -9 
38  -44 
42  -13 
23  -65 
73  25 
-1  -22 
-17  -15 
-14  8 
-20  13 
29  -18 
5  39 
-33  -12 
-47  17 
-2  8 
26  42 
33  -13 
-44  -12 
28  9 
-9  -1 
16  -30 
-3  6 
-5  -29 
43  57 
42  -16 
-13  -6 
49  -28 
-9  14 
-5  68 
8  -12 
17  13 
32  7 
32  -41 
-26  49 
-26  32 
-1  -15 
10  30 
-50  4 
77  14 
-34  -39 
16  29 
2  -27 
30  18 
-16  10 
23  13 
21  -27 
-7  -11 
49  41 
9  18 
-6  34 
-1  -48 
-29  39 
57  36 
32  -22 
9  -18 
-37  7 
-15  -1 
12  21 
22  23 
-15  9 
42  -13 
-7  -3 
33  34 
37  -16 
18  27 
41  -9 
32  -46 
43  -15 
23  -65 
73  25 
-2  -26 
-23  -11 
-17  14 
-20  13 
30  -21 
2  42 
-32  -16 
-44  17 
-2  9 
24  43 
31  -14 
-44  -9 
28  14 
-9  1 
17  -29 
-8  7 
-4  -29 
47  53 
44  -16 
-20  0 
54  -28 
-6  21 
-2  68 
10  -11 
11  13 
33  9 
28  -40 
-29  49 
-27  33 
-3  -11 
8  28 
-49  6 
80  16 
-34  -41 
16  27 
3  -26 
31  19 
-16  10 
25  11 
20  -27 
-11  -10 
48  41 
7  20 
-2  35 
-1  -44 
-29  38 
61  35 
35  -23 
12  -19 
-37  7 
-11  0 
9  21 
22  24 
-16  9 
42  -13 
-6  -3 
33  34 
38  -17 
17  26 
41  -9 
31  -46 
43  -15 
26  -63 
75  21 
-4  -27 
-25  -12 
-12  14 
-21  15 
32  -21 
0  41 
-34  -13 
-43  21 
-3  8 
29  42 
32  -12 
-41  -8 
28  9 
-11  -2 
23  -34 
-7  7 
-2  -31 
47  58 
43  -15 
-19  1 
53  -26 
-9  19 
0  71 
11  -14 
10  10 
30  9 
31  -42 
-28  48 
-26  33 
-2  -12 
7  28 
-49  8 
79  16 
-38  -44 
14  32 
7  -24 
26  11 
-12  9 
24  14 
23  -25 
-10  -6 
44  44 
12  27 
-3  33 
-3  -44 
-32  37 
59  32 
31  -26 
20  -20 
-35  6 
-7  0 
12  23 
23  21 
-12  13 
42  -16 
-7  -3 
33  29 
39  -15 
16  28 
41  -9 
30  -45 
40  -11 
29  -65 
72  21 
-6  -26 
-24  -13 
-13  14 
-23  22 
29  -22 
8  40 
-34  -13 
-48  19 
-3  9 
29  42 
26  -12 
-42  -7 
30  6 
-12  -4 
23  -35 
-6  8 
-3  -31 
42  61 
42  -13 
-18  3 
49  -32 
-9  26 
0  70 
11  -11 
13  8 
31  10 
25  -41 
-28  48 
-24  27 
-5  -12 
6  28 
-47  9 
78  15 
-38  -44 
13  35 
-3  -27 
28  9 
-16  6 
24  13 
23  -25 
-16  -8 
44  44 
10  29 
1  33 
-2  -42 
-29  41 
59  32 
33  -27 
19  -19 
-31  10 
-14  -1 
17  21 
24  21 
-12  20 
43  -14 
-11  1 
34  29 
36  -12 
18  28 
41  -9 
33  -46 
40  -11 
29  -62 
72  19 
-9  -26 
-25  -15 
-20  13 
-24  21 
26  -19 
12  38 
-34  -13 
-52  21 
-3  8 
29  42 
27  -12 
-41  -5 
33  7 
-13  -2 
20  -34 
-8  7 
-2  -32 
40  61 
43  -13 
-19  3 
44  -30 
-14  21 
0  69 
10  -11 
13  7 
27  14 
24  -39 
-30  46 
-23  29 
-5  -9 
6  28 
-50  10 
77  16 
-41  -44 
13  34 
-2  -22 
26  7 
-18  4 
24  12 
23  -25 
-11  -6 
44  44 
13  35 
3  33 
-4  -43 
-19  40 
59  32 
34  -28 
25  -21 
-32  9 
-13  0 
14  23 
22  23 
-10  21 
43  -15 
-9  -1 
33  29 
34  -12 
17  31 
41  -9 
40  -44 
41  -11 
32  -59 
66  19 
-9  -26 
-25  -15 
-19  13 
-28  18 
24  -24 
13  37 
-33  -15 
-48  20 
-1  15 
29  42 
25  -5 
-40  -7 
31  1 
-15  0 
22  -33 
-11  2 
-3  -34 
41  63 
44  -13 
-18  3 
44  -30 
-14  20 
-2  69 
12  -12 
11  6 
30  9 
19  -35 
-26  49 
-23  28 
-2  -13 
6  28 
-47  13 
82  16 
-40  -45 
9  33 
-2  -27 
26  9 
-17  4 
25  9 
25  -22 
-12  -4 
44  44 
18  31 
4  32 
-7  -46 
-25  40 
59  30 
27  -24 
24  -22 
-30  8 
-12  -8 
13  25 
22  19 
-12  18 
44  -14 
-8  0 
32  27 
30  -10 
15  31 
40  -9 
37  -44 
41  -9 
27  -62 
65  19 
-13  -30 
-25  -15 
-17  12 
-34  21 
24  -31 
14  34 
-32  -14 
-52  21 
-3  14 
29  41 
26  -1 
-40  -7 
31  -1 
-8  1 
23  -33 
-9  2 
-4  -34 
44  58 
46  -12 
-20  1 
46  -33 
-14  21 
-3  68 
16  -12 
11  7 
33  9 
17  -34 
-25  48 
-23  29 
-2  -12 
11  34 
-47  12 
82  16 
-43  -43 
8  37 
-1  -24 
24  7 
-16  4 
30  9 
25  -22 
-7  -3 
42  47 
19  32 
7  33 
-15  -51 
-25  40 
62  30 
33  -27 
25  -20 
-28  7 
-6  -7 
14  23 
19  21 
-8  23 
42  -16 
-4  1 
36  27 
35  -9 
13  34 
37  -9 
40  -45 
41  -9 
26  -60 
69  18 
-11  -34 
-24  -16 
-17  15 
-29  26 
24  -26 
14  34 
-27  -13 
-51  22 
0  13 
28  40 
30  -1 
-46  -8 
31  1 
-8  -1 
25  -34 
-8  4 
-3  -32 
48  60 
48  -11 
-18  1 
52  -33 
-11  21 
-2  69 
18  -13 
12  1 
38  8 
17  -34 
-26  49 
-22  25 
2  -13 
12  39 
-44  11 
78  14 
-40  -45 
7  34 
-3  -24 
24  10 
-20  0 
30  9 
26  -19 
-3  1 
43  41 
19  32 
9  34 
-12  -55 
-27  40 
59  30 
37  -27 
27  -24 
-25  8 
-5  -9 
13  21 
23  13 
-11  22 
39  -15 
-2  -4 
40  26 
40  -7 
13  31 
36  -13 
39  -45 
40  -4 
28  -62 
71  20 
-14  -33 
-24  -16 
-17  15 
-28  28 
22  -27 
11  34 
-27  -13 
-51  19 
4  14 
28  41 
35  2 
-47  -7 
29  -2 
-9  1 
25  -34 
-11  2 
-2  -29 
49  61 
48  -15 
-17  7 
50  -31 
-14  16 
-2  69 
16  -16 
7  -2 
37  6 
17  -32 
-23  49 
-22  23 
2  -16 
11  41 
-47  12 
84  21 
-49  -48 
8  33 
-1  -24 
28  8 
-19  0 
35  11 
24  -16 
-8  -1 
45  43 
17  35 
9  30 
-13  -52 
-29  38 
59  30 
38  -27 
35  -28 
-26  9 
-7  -5 
13  18 
26  8 
-13  19 
40  -15 
4  -2 
42  23 
39  -8 
14  34 
39  -15 
37  -40 
37  -6 
26  -59 
68  21 
-14  -33 
-20  -14 
-17  15 
-27  29 
27  -29 
12  41 
-28  -12 
-45  21 
5  10 
27  40 
32  0 
-46  -7 
28  0 
-11  3 
28  -32 
-11  1 
-3  -31 
49  60 
51  -13 
-17  4 
53  -31 
-10  14 
-6  68 
16  -16 
6  1 
38  7 
18  -32 
-23  54 
-19  26 
2  -13 
10  41 
-49  14 
82  23 
-46  -47 
15  36 
-3  -27 
34  9 
-21  1 
35  11 
24  -16 
-8  -2 
43  42 
18  37 
13  28 
-14  -52 
-31  38 
61  31 
37  -24 
37  -32 
-24  11 
-6  -3 
8  21 
25  9 
-12  20 
42  -16 
5  -1 
43  26 
41  -11 
13  34 
35  -12 
31  -41 
39  -5 
24  -62 
66  20 
-12  -35 
-17  -13 
-17  15 
-27  27 
24  -31 
12  40 
-29  -14 
-48  21 
0  13 
27  38 
33  -5 
-46  -6 
29  -4 
-9  1 
26  -33 
-14  1 
-2  -34 
48  61 
51  -14 
-17  2 
50  -31 
-13  12 
-5  65 
16  -16 
3  -1 
41  5 
20  -31 
-23  56 
-17  25 
5  -15 
8  40 
-47  13 
84  21 
-46  -48 
8  34 
-2  -22 
34  9 
-22  3 
36  6 
24  -16 
-4  -4 
40  41 
19  32 
11  29 
-17  -51 
-28  40 
61  31 
39  -25 
36  -29 
-26  8 
-13  -6 
11  22 
24  9 
-15  19 
41  -20 
0  0 
43  26 
37  -6 
14  33 
32  -12 
34  -40 
39  -2 
25  -62 
68  18 
-13  -36 
-17  -13 
-15  16 
-33  27 
24  -27 
13  35 
-34  -11 
-50  19 
0  15 
26  39 
33  -6 
-46  -6 
32  -1 
-13  1 
28  -32 
-14  5 
-1  -35 
49  61 
51  -10 
-18  4 
49  -30 
-13  12 
-1  61 
16  -16 
6  2 
35  8 
20  -31 
-23  54 
-20  26 
6  -13 
11  41 
-46  14 
82  23 
-46  -48 
9  38 
-6  -27 
34  9 
-22  3 
37  8 
24  -16 
-9  -6 
37  41 
19  32 
11  32 
-16  -53 
-28  40 
60  31 
39  -25 
36  -29 
-27  7 
-10  -10 
10  21 
24  12 
-14  23 
41  -16 
1  0 
43  26 
40  -4 
11  39 
36  -13 
29  -38 
38  -2 
30  -65 
66  19 
-9  -34 
-18  -13 
-17  13 
-33  24 
23  -25 
13  35 
-32  -14 
-52  20 
-3  16 
24  38 
35  -9 
-50  -6 
32  1 
-12  1 
26  -33 
-16  6 
-4  -39 
50  58 
52  -12 
-15  3 
48  -26 
-24  13 
0  61 
16  -16 
4  -1 
35  11 
19  -35 
-23  56 
-22  28 
4  -10 
8  42 
-46  14 
84  24 
-42  -49 
11  31 
-9  -26 
41  11 
-22  3 
40  11 
26  -12 
-14  -10 
41  40 
19  32 
14  32 
-13  -56 
-29  39 
63  27 
40  -24 
33  -26 
-25  8 
-6  -11 
8  20 
27  15 
-14  21 
42  -16 
-2  0 
44  27 
38  -5 
9  42 
36  -13 
29  -34 
38  -3 
26  -63 
60  26 
-14  -37 
-17  -14 
-17  11 
-29  26 
24  -28 
14  33 
-30  -11 
-52  21 
-1  15 
26  35 
33  -11 
-53  -6 
32  0 
-11  -2 
26  -31 
-17  7 
-4  -39 
53  61 
50  -16 
-13  8 
48  -20 
-23  15 
7  64 
16  -16 
8  1 
37  8 
16  -32 
-23  57 
-23  31 
4  -11 
9  43 
-42  13 
85  26 
-43  -47 
9  30 
-13  -27 
36  11 
-24  -1 
40  11 
32  -13 
-13  -6 
43  42 
18  31 
15  31 
-12  -55 
-26  44 
62  27 
38  -22 
34  -26 
-22  8 
-2  -11 
14  16 
26  16 
-11  22 
42  -16 
0  0 
44  27 
38  -4 
12  41 
35  -12 
26  -33 
40  -7 
27  -62 
60  25 
-17  -39 
-21  -15 
-10  14 
-27  28 
23  -29 
13  35 
-31  -13 
-49  21 
-1  16 
22  39 
33  -11 
-59  -7 
34  1 
-12  -3 
27  -27 
-17  5 
-6  -40 
48  61 
50  -16 
-14  8 
49  -18 
-22  16 
6  61 
16  -16 
9  1 
34  9 
16  -29 
-26  56 
-24  27 
6  -13 
11  42 
-42  14 
84  27 
-41  -47 
14  33 
-19  -27 
36  10 
-31  -2 
39  15 
33  -11 
-8  -11 
41  43 
15  31 
14  34 
-9  -54 
-32  37 
59  25 
33  -29 
29  -26 
-26  12 
-3  -12 
13  13 
31  14 
-7  21 
43  -19 
-2  3 
42  27 
39  -4 
8  40 
35  -12 
29  -34 
43  -7 
28  -62 
59  24 
-20  -39 
-18  -16 
-11  17 
-29  25 
26  -31 
17  34 
-29  -10 
-48  19 
-3  16 
26  40 
30  -13 
-57  -5 
31  1 
-8  0 
30  -27 
-17  5 
-4  -39 
48  61 
51  -18 
-10  9 
49  -18 
-22  17 
6  61 
16  -16 
8  -2 
35  8 
19  -28 
-27  57 
-21  27 
9  -14 
10  39 
-44  13 
82  27 
-43  -44 
7  38 
-19  -27 
37  8 
-29  0 
38  18 
33  -11 
-10  -12 
41  40 
17  31 
13  34 
-7  -59 
-31  35 
59  25 
35  -24 
30  -26 
-25  11 
-2  -12 
11  14 
35  10 
-5  18 
50  -19 
-4  6 
40  26 
40  -7 
8  35 
37  -11 
27  -37 
48  0 
27  -66 
56  30 
-21  -39 
-18  -16 
-6  21 
-26  20 
28  -35 
19  35 
-28  -12 
-49  18 
-2  16 
26  39 
31  -10 
-57  -5 
36  2 
-9  -1 
37  -24 
-20  1 
-2  -38 
50  58 
56  -23 
-10  8 
42  -17 
-22  18 
2  64 
16  -16 
8  -3 
36  9 
20  -31 
-25  56 
-23  28 
6  -11 
13  37 
-44  7 
83  26 
-41  -45 
6  37 
-19  -29 
38  5 
-31  2 
34  22 
32  -13 
-7  -13 
36  41 
19  32 
15  31 
-8  -59 
-31  35 
54  23 
32  -20 
31  -26 
-26  13 
0  -9 
13  15 
36  11 
-6  21 
49  -22 
-3  6 
41  25 
39  -4 
6  28 
38  -13 
24  -36 
42  0 
26  -59 
57  29 
-27  -40 
-16  -19 
-3  17 
-25  17 
25  -34 
22  39 
-28  -11 
-49  19 
-2  13 
27  34 
31  -14 
-57  -5 
32  3 
-2  -5 
38  -29 
-23  -4 
-2  -37 
48  61 
53  -25 
-8  7 
42  -17 
-20  21 
3  65 
15  -15 
9  -2 
41  8 
18  -32 
-26  53 
-25  28 
4  -10 
16  37 
-37  7 
80  26 
-34  -44 
13  34 
-21  -29 
36  7 
-31  1 
33  25 
30  -13 
-7  -11 
31  41 
19  32 
16  30 
-12  -60 
-32  33 
51  22 
32  -20 
33  -27 
-26  12 
5  -7 
11  14 
34  9 
-6  21 
49  -17 
-3  11 
39  25 
42  -3 
6  29 
38  -11 
24  -36 
43  2 
27  -60 
56  29 
-28  -41 
-18  -18 
4  12 
-30  9 
23  -34 
22  44 
-28  -12 
-51  20 
-6  14 
31  31 
31  -14 
-57  -5 
32  3 
-2  -2 
42  -33 
-24  -7 
-2  -37 
54  61 
53  -26 
-10  7 
42  -16 
-19  20 
3  67 
13  -16 
13  -7 
44  7 
17  -31 
-27  55 
-27  27 
3  -9 
11  34 
-36  6 
82  28 
-34  -43 
12  30 
-25  -29 
35  8 
-28  -1 
29  21 
29  -13 
-6  -11 
33  41 
19  32 
14  34 
-13  -68 
-31  35 
52  20 
31  -19 
33  -28 
-27  9 
4  -7 
5  16 
36  11 
-4  21 
48  -20 
-2  9 
39  25 
38  -5 
6  27 
36  -12 
24  -36 
40  1 
22  -63 
56  27 
-32  -42 
-20  -20 
5  12 
-32  17 
25  -34 
23  46 
-29  -9 
-47  17 
-6  12 
32  28 
30  -11 
-60  -6 
32  3 
-2  -7 
41  -37 
-26  -6 
-4  -39 
56  57 
57  -27 
-10  8 
44  -21 
-13  24 
2  61 
13  -15 
13  -13 
43  7 
20  -31 
-27  53 
-29  26 
4  -10 
11  34 
-37  6 
81  29 
-33  -42 
12  27 
-25  -29 
33  9 
-29  -1 
29  21 
27  -12 
-4  -9 
33  37 
19  32 
14  33 
-13  -65 
-31  38 
49  22 
31  -19 
28  -27 
-21  10 
-2  -7 
7  14 
37  8 
-5  22 
48  -20 
1  11 
41  25 
39  -4 
12  29 
38  -13 
22  -36 
43  1 
22  -64 
54  32 
-35  -41 
-19  -20 
3  11 
-26  22 
26  -40 
20  46 
-30  -13 
-46  23 
-2  11 
33  34 
32  -12 
-63  -4 
28  7 
-3  -6 
41  -37 
-26  -6 
0  -39 
57  54 
55  -23 
-10  7 
49  -18 
-13  20 
2  61 
9  -19 
13  -11 
44  4 
19  -30 
-33  56 
-27  34 
4  -10 
13  33 
-40  4 
85  26 
-32  -42 
11  26 
-23  -32 
32  11 
-31  -2 
32  20 
24  -11 
-2  -7 
41  31 
19  36 
16  34 
-13  -62 
-29  39 
48  26 
30  -21 
35  -28 
-20  10 
0  -7 
-1  20 
38  8 
-4  21 
48  -19 
4  12 
37  23 
38  -5 
17  29 
35  -12 
23  -35 
48  0 
23  -65 
56  31 
-28  -39 
-21  -21 
2  13 
-28  19 
26  -35 
19  45 
-25  -9 
-47  25 
-1  12 
33  37 
32  -17 
-67  -5 
23  6 
0  -2 
42  -37 
-27  -6 
-1  -40 
58  53 
51  -20 
-8  9 
50  -22 
-18  13 
0  61 
9  -18 
14  -12 
43  6 
21  -31 
-33  54 
-28  27 
4  -10 
17  34 
-34  5 
87  18 
-31  -40 
6  27 
-24  -31 
34  12 
-28  -1 
31  19 
29  -14 
-3  -4 
40  29 
19  38 
13  28 
-12  -66 
-26  43 
53  29 
30  -19 
36  -27 
-20  11 
1  -7 
-4  11 
35  8 
-7  15 
50  -21 
3  15 
38  23 
30  0 
17  28 
31  -13 
23  -33 
44  -3 
28  -67 
55  31 
-32  -40 
-21  -25 
6  8 
-28  18 
26  -40 
22  48 
-24  -5 
-48  23 
-1  12 
33  33 
31  -15 
-67  -9 
27  4 
5  -6 
42  -36 
-27  -6 
-2  -38 
56  57 
49  -18 
-6  9 
51  -26 
-22  13 
-2  58 
12  -19 
10  -10 
43  4 
21  -31 
-32  58 
-33  34 
4  -10 
17  34 
-32  9 
87  12 
-35  -41 
8  26 
-28  -32 
40  9 
-23  1 
34  21 
31  -14 
-4  -7 
41  31 
21  41 
13  27 
-15  -67 
-27  45 
50  29 
29  -19 
37  -24 
-21  10 
-1  -4 
-9  11 
37  9 
-5  11 
53  -23 
3  11 
38  23 
31  1 
18  29 
30  -22 
23  -33 
45  -2 
30  -65 
56  27 
-30  -40 
-23  -27 
8  5 
-31  18 
29  -36 
21  53 
-22  -3 
-49  25 
1  12 
33  35 
30  -13 
-67  -7 
25  6 
12  -11 
39  -35 
-26  -7 
-2  -38 
60  61 
45  -21 
-9  9 
60  -26 
-23  14 
-3  56 
9  -22 
11  -10 
43  7 
21  -32 
-41  56 
-35  34 
5  -14 
13  35 
-34  8 
88  15 
-28  -41 
12  29 
-28  -33 
40  9 
-23  1 
35  21 
31  -15 
-6  -6 
39  30 
12  41 
11  26 
-16  -66 
-27  45 
50  29 
27  -21 
38  -25 
-23  11 
-3  -5 
-16  10 
36  10 
1  11 
51  -18 
3  11 
38  23 
36  1 
16  29 
29  -19 
22  -33 
44  -1 
28  -67 
58  29 
-28  -40 
-24  -27 
5  9 
-31  14 
33  -31 
25  58 
-21  -5 
-49  27 
1  13 
35  31 
29  -10 
-69  -6 
23  6 
12  -12 
37  -34 
-27  -7 
-1  -39 
59  55 
52  -19 
-5  12 
65  -27 
-23  15 
-3  53 
10  -19 
12  -6 
41  6 
20  -35 
-42  56 
-37  35 
9  -14 
14  32 
-34  7 
91  19 
-33  -42 
11  26 
-27  -31 
39  12 
-21  0 
29  23 
31  -10 
-7  -5 
39  30 
12  39 
11  27 
-19  -67 
-27  45 
48  33 
30  -32 
36  -27 
-16  14 
-3  -4 
-16  10 
36  11 
1  11 
49  -19 
0  13 
38  23 
40  1 
15  28 
29  -21 
19  -35 
42  3 
29  -70 
58  29 
-29  -39 
-22  -25 
7  7 
-32  12 
34  -31 
29  62 
-21  -4 
-48  27 
5  6 
35  31 
26  -12 
-71  -2 
23  7 
13  -9 
36  -36 
-29  -8 
-3  -39 
59  56 
45  -24 
-4  11 
67  -28 
-22  16 
-5  52 
8  -19 
14  -6 
38  9 
24  -36 
-40  60 
-37  35 
8  -13 
13  34 
-33  4 
89  18 
-34  -40 
10  28 
-27  -31 
40  9 
-19  2 
29  26 
30  -5 
-6  -7 
41  31 
9  41 
9  31 
-15  -67 
-27  45 
50  34 
31  -34 
42  -24 
-16  14 
-1  -2 
-16  10 
37  8 
2  10 
48  -25 
-2  13 
38  23 
36  1 
8  25 
28  -14 
19  -35 
42  4 
34  -71 
55  31 
-32  -40 
-20  -25 
6  7 
-37  11 
30  -31 
32  59 
-20  -4 
-48  28 
6  8 
33  27 
28  -12 
-68  3 
23  5 
13  -2 
36  -36 
-33  -9 
-9  -39 
58  54 
48  -26 
-7  9 
71  -28 
-21  15 
0  56 
9  -23 
17  -10 
39  12 
22  -33 
-42  56 
-37  35 
6  -11 
13  34 
-35  3 
87  14 
-35  -42 
10  27 
-30  -32 
41  11 
-23  0 
30  26 
29  -6 
-7  -7 
40  31 
6  41 
13  35 
-16  -68 
-27  45 
47  38 
30  -31 
42  -23 
-15  13 
-1  1 
-16  10 
39  5 
-5  8 
51  -21 
-3  13 
38  23 
33  -3 
12  27 
27  -7 
15  -29 
40  1 
36  -72 
58  29 
-36  -43 
-22  -27 
6  8 
-39  13 
34  -31 
28  60 
-20  -7 
-49  30 
9  8 
33  27 
27  -14 
-68  -2 
23  6 
12  1 
36  -36 
-31  -18 
-12  -39 
59  55 
47  -22 
-9  14 
72  -32 
-21  16 
0  55 
12  -21 
16  -9 
40  9 
23  -33 
-42  53 
-38  33 
5  -1 
13  34 
-38  3 
88  20 
-34  -41 
10  27 
-29  -34 
41  9 
-29  -1 
33  22 
28  -3 
-6  -6 
40  31 
6  42 
9  35 
-17  -69 
-27  45 
42  40 
24  -30 
43  -24 
-13  12 
0  1 
-11  12 
39  5 
1  8 
56  -19 
-3  13 
39  20 
33  -2 
10  26 
27  -6 
14  -28 
40  6 
40  -76 
56  30 
-35  -40 
-23  -24 
9  10 
-39  13 
35  -32 
29  58 
-16  -8 
-52  28 
6  7 
33  27 
25  -14 
-69  1 
24  4 
12  3 
36  -36 
-29  -17 
-7  -42 
58  53 
48  -25 
-16  9 
69  -33 
-21  15 
-11  56 
13  -23 
17  -9 
38  8 
17  -32 
-43  54 
-39  35 
6  1 
13  33 
-39  1 
92  21 
-37  -40 
13  35 
-29  -35 
42  7 
-24  1 
35  21 
31  -6 
-6  -4 
38  29 
8  54 
3  35 
-20  -67 
-27  41 
35  36 
26  -25 
45  -21 
-7  12 
2  1 
-6  14 
39  5 
1  10 
53  -20 
-7  9 
39  20 
29  0 
8  33 
30  -5 
16  -29 
43  5 
39  -76 
61  26 
-35  -40 
-24  -23 
12  12 
-43  13 
30  -31 
32  63 
-18  -7 
-56  30 
12  8 
32  27 
26  -12 
-71  -2 
23  6 
12  0 
36  -36 
-30  -19 
-8  -41 
57  53 
46  -24 
-14  8 
70  -31 
-22  13 
-13  54 
10  -20 
17  -9 
38  9 
15  -28 
-44  56 
-39  33 
7  -2 
11  32 
-40  1 
94  19 
-31  -42 
13  35 
-35  -41 
44  7 
-21  0 
32  20 
35  0 
-9  -2 
38  28 
5  60 
7  35 
-15  -66 
-26  44 
33  37 
25  -27 
42  -17 
-6  12 
4  4 
-7  14 
41  11 
2  13 
52  -22 
-3  8 
44  16 
28  1 
11  39 
34  -6 
14  -27 
43  5 
40  -74 
59  25 
-34  -39 
-23  -24 
13  13 
-43  14 
33  -31 
31  62 
-21  -8 
-53  32 
12  8 
24  29 
32  -13 
-69  -6 
23  7 
8  0 
36  -36 
-32  -18 
-8  -40 
57  53 
49  -26 
-15  9 
68  -35 
-22  13 
-13  54 
8  -16 
16  -11 
32  14 
14  -31 
-40  56 
-40  33 
8  -2 
11  32 
-42  -3 
97  16 
-32  -40 
13  35 
-33  -42 
42  4 
-21  -2 
29  20 
32  1 
-11  -2 
39  29 
5  59 
17  34 
-15  -62 
-27  42 
32  38 
26  -33 
43  -14 
-6  12 
4  4 
-7  14 
41  11 
4  10 
49  -17 
-3  8 
42  23 
28  1 
10  40 
31  -6 
15  -29 
42  7 
40  -75 
59  25 
-37  -38 
-24  -29 
14  14 
-41  15 
32  -32 
32  67 
-21  -8 
-55  33 
10  9 
26  28 
33  -13 
-70  -6 
23  7 
11  1 
36  -36 
-29  -14 
-6  -37 
51  62 
48  -23 
-17  15 
66  -31 
-22  18 
-11  58 
12  -17 
17  -11 
37  14 
12  -26 
-43  56 
-36  33 
8  -4 
13  34 
-43  -7 
95  15 
-31  -39 
9  35 
-29  -46 
41  11 
-18  3 
33  17 
33  -2 
-7  2 
36  27 
6  59 
16  33 
-12  -60 
-30  49 
33  35 
26  -33 
42  -13 
-1  12 
3  4 
-5  11 
40  11 
4  10 
49  -14 
-4  9 
44  24 
29  2 
11  41 
34  -6 
17  -32 
50  -5 
38  -78 
63  27 
-38  -36 
-22  -32 
16  11 
-37  20 
33  -33 
31  70 
-20  -6 
-53  34 
14  12 
26  28 
34  -11 
-74  -5 
24  7 
15  2 
36  -36 
-27  -13 
-7  -35 
50  67 
47  -20 
-16  13 
66  -33 
-23  17 
-10  59 
10  -16 
18  -13 
37  16 
10  -32 
-46  57 
-38  30 
8  -4 
13  33 
-42  -4 
98  13 
-31  -39 
8  35 
-29  -46 
45  14 
-18  4 
29  18 
24  -10 
-11  2 
39  25 
4  64 
13  37 
-9  -59 
-28  47 
35  31 
28  -31 
42  -13 
0  9 
3  5 
-3  13 
41  8 
-3  9 
43  -13 
-8  8 
44  27 
29  0 
12  41 
34  -8 
15  -32 
50  -6 
38  -77 
63  26 
-35  -37 
-22  -32 
12  15 
-38  23 
34  -31 
31  66 
-23  -5 
-61  32 
15  14 
27  24 
33  -11 
-76  -5 
26  8 
12  -2 
35  -35 
-23  -11 
-12  -40 
52  68 
46  -23 
-23  15 
64  -27 
-23  28 
-8  60 
11  -13 
16  -13 
39  16 
12  -30 
-46  56 
-43  31 
5  -1 
13  32 
-41  -2 
98  13 
-34  -45 
0  33 
-33  -47 
46  7 
-20  6 
27  15 
24  -11 
-14  0 
36  29 
-1  65 
23  40 
-3  -59 
-30  49 
38  29 
24  -30 
43  -15 
0  9 
2  4 
-2  14 
47  8 
-5  11 
42  -13 
-7  9 
44  24 
31  0 
11  41 
33  -6 
14  -31 
47  0 
38  -77 
63  27 
-36  -41 
-19  -34 
12  15 
-36  21 
31  -30 
32  67 
-14  -4 
-61  32 
13  17 
32  19 
30  -12 
-73  -10 
26  8 
18  2 
35  -35 
-22  -13 
-10  -36 
49  70 
46  -23 
-24  13 
60  -27 
-25  28 
-6  60 
12  -13 
18  -9 
40  18 
13  -33 
-50  52 
-45  31 
7  -4 
14  33 
-42  -7 
99  16 
-26  -45 
-1  32 
-23  -37 
44  13 
-22  9 
29  18 
26  -13 
-18  4 
36  27 
-1  65 
23  41 
-10  -60 
-29  46 
36  30 
24  -30 
43  -14 
1  5 
0  1 
-5  12 
47  7 
-2  8 
41  -14 
-10  9 
43  27 
33  -3 
16  41 
34  -3 
14  -31 
52  -1 
38  -77 
64  26 
-32  -40 
-18  -37 
13  15 
-35  19 
33  -24 
32  68 
-13  -7 
-63  33 
15  16 
32  20 
27  -5 
-71  -14 
30  7 
16  4 
36  -29 
-23  -11 
-14  -41 
52  74 
51  -19 
-21  15 
63  -27 
-30  29 
-7  60 
8  -15 
15  -8 
36  15 
13  -33 
-47  49 
-44  29 
9  -4 
14  31 
-42  -7 
100  13 
-25  -40 
-1  32 
-21  -38 
43  15 
-21  8 
26  15 
27  -7 
-18  3 
36  26 
-1  70 
20  40 
-12  -59 
-31  42 
27  32 
26  -32 
47  -12 
-1  5 
-1  0 
-10  8 
52  9 
-4  8 
44  -16 
-9  7 
43  26 
32  -2 
12  43 
32  0 
9  -30 
48  0 
38  -77 
62  24 
-31  -39 
-17  -39 
13  13 
-29  18 
36  -23 
34  69 
-12  -6 
-65  34 
13  17 
31  19 
28  -5 
-71  -14 
32  7 
16  4 
36  -29 
-20  -11 
-14  -44 
57  73 
48  -19 
-20  13 
61  -27 
-28  27 
-13  50 
7  -18 
13  -6 
36  13 
12  -32 
-52  46 
-47  33 
12  -2 
15  31 
-40  -4 
98  13 
-25  -39 
-1  32 
-19  -37 
43  15 
-22  8 
28  18 
27  -6 
-18  3 
36  27 
-3  68 
23  42 
-12  -60 
-28  43 
28  37 
24  -30 
48  -11 
1  5 
0  1 
-12  4 
50  7 
-2  9 
44  -16 
-4  1 
43  26 
33  -5 
10  41 
32  0 
8  -27 
49  -2 
41  -74 
65  23 
-31  -39 
-21  -39 
14  14 
-29  19 
33  -21 
35  68 
-13  -4 
-66  31 
12  19 
29  20 
31  -8 
-67  -15 
32  1 
16  4 
38  -31 
-18  -13 
-14  -47 
59  78 
49  -18 
-22  16 
60  -27 
-28  28 
-16  49 
6  -18 
14  -7 
33  14 
9  -34 
-50  47 
-44  31 
14  -3 
15  28 
-40  -2 
97  16 
-27  -35 
0  36 
-19  -37 
46  7 
-21  5 
31  12 
21  -7 
-18  4 
37  28 
-2  67 
25  39 
-13  -60 
-27  44 
28  34 
28  -32 
44  -10 
1  6 
-6  2 
-10  9 
51  9 
-6  8 
44  -16 
-8  -1 
43  26 
28  -2 
11  41 
29  1 
9  -22 
50  0 
43  -75 
64  27 
-34  -39 
-20  -39 
13  11 
-32  21 
39  -25 
40  69 
-12  -5 
-67  29 
14  24 
31  26 
34  -6 
-66  -17 
31  -1 
16  4 
38  -31 
-20  -11 
-10  -45 
57  73 
54  -22 
-23  14 
59  -24 
-29  22 
-16  50 
6  -15 
14  -6 
31  14 
8  -34 
-46  44 
-43  29 
14  -4 
18  28 
-45  -4 
99  12 
-25  -40 
-3  36 
-17  -35 
46  7 
-23  7 
34  17 
24  -6 
-17  7 
37  26 
-5  68 
22  41 
-11  -58 
-30  49 
27  34 
28  -35 
46  -12 
-1  5 
-7  -3 
-8  8 
52  7 
-9  10 
47  -16 
-9  1 
42  27 
32  -2 
11  38 
36  0 
6  -19 
52  -1 
43  -74 
64  26 
-35  -41 
-16  -36 
17  8 
-32  18 
38  -27 
40  70 
-7  -7 
-67  27 
15  25 
30  24 
33  -6 
-65  -18 
29  -1 
16  4 
40  -27 
-22  -9 
-11  -47 
60  75 
49  -22 
-20  14 
59  -20 
-29  22 
-12  45 
6  -19 
15  -12 
33  9 
4  -31 
-46  44 
-45  31 
12  1 
19  25 
-46  -8 
100  9 
-27  -40 
8  37 
-18  -38 
45  9 
-22  8 
32  20 
19  -4 
-17  6 
37  29 
0  70 
22  43 
-15  -61 
-26  54 
30  29 
31  -34 
46  -12 
-3  8 
-9  -2 
-8  8 
48  9 
-8  9 
48  -13 
-4  1 
42  28 
29  2 
7  35 
33  -1 
0  -19 
49  -1 
42  -76 
66  27 
-28  -37 
-14  -35 
11  5 
-41  21 
38  -25 
40  71 
-12  -4 
-66  29 
14  26 
28  26 
24  -10 
-63  -19 
34  -2 
16  4 
49  -23 
-24  -13 
-12  -48 
57  73 
52  -21 
-22  13 
58  -24 
-31  22 
-11  46 
12  -19 
16  -12 
36  10 
13  -28 
-46  43 
-47  33 
11  1 
19  25 
-46  -7 
101  12 
-23  -39 
6  35 
-18  -39 
44  10 
-23  9 
29  21 
20  -7 
-17  6 
36  26 
1  73 
26  40 
-17  -59 
-25  52 
27  34 
30  -33 
46  -13 
-3  8 
-12  0 
-11  12 
45  9 
-9  6 
43  -15 
-1  0 
42  24 
32  -2 
9  35 
37  -4 
-4  -18 
51  -1 
44  -76 
66  28 
-28  -37 
-12  -39 
14  4 
-40  21 
37  -26 
41  69 
-13  -2 
-65  30 
12  27 
31  32 
24  -6 
-70  -19 
34  -11 
16  4 
44  -22 
-24  -13 
-10  -51 
59  72 
53  -22 
-22  15 
58  -27 
-32  25 
-10  47 
10  -16 
14  -11 
35  11 
11  -26 
-48  41 
-47  33 
12  -1 
18  28 
-46  -7 
100  9 
-31  -38 
2  41 
-18  -37 
44  10 
-20  10 
29  18 
20  -7 
-16  6 
36  31 
4  72 
27  39 
-15  -60 
-25  61 
27  36 
31  -33 
45  -10 
-2  11 
-12  1 
-13  13 
48  8 
-8  7 
47  -16 
-2  -3 
40  21 
29  1 
14  36 
38  -4 
-6  -19 
55  -8 
44  -76 
62  24 
-28  -37 
-14  -38 
13  5 
-41  21 
36  -23 
41  71 
-13  -2 
-67  35 
12  28 
37  36 
27  -5 
-69  -14 
33  -11 
16  4 
45  -20 
-22  -15 
-8  -52 
59  72 
49  -18 
-24  11 
57  -27 
-29  25 
-8  47 
13  -15 
13  -5 
35  11 
17  -24 
-51  41 
-46  36 
11  -1 
18  28 
-46  -8 
101  11 
-33  -36 
4  37 
-18  -36 
45  9 
-20  9 
32  21 
24  -7 
-17  6 
34  29 
0  73 
29  38 
-14  -59 
-23  61 
23  35 
27  -24 
41  -11 
-3  9 
-15  -1 
-12  6 
48  13 
-6  4 
44  -10 
-2  -7 
44  15 
28  1 
13  37 
37  -6 
-4  -19 
55  -10 
44  -76 
63  27 
-26  -37 
-15  -42 
13  9 
-40  21 
35  -20 
40  70 
-8  0 
-71  40 
11  26 
39  36 
27  -8 
-67  -6 
33  -13 
16  7 
49  -19 
-21  -15 
-10  -51 
59  78 
49  -18 
-22  8 
55  -32 
-28  28 
-9  46 
13  -15 
13  -5 
32  14 
14  -24 
-46  43 
-41  35 
14  1 
10  30 
-47  -6 
100  10 
-35  -35 
1  45 
-18  -33 
41  13 
-21  12 
32  21 
20  -7 
-17  5 
33  33 
-1  76 
28  41 
-17  -59 
-30  61 
23  35 
31  -26 
40  -11 
-2  9 
-15  1 
-12  5 
49  18 
-16  9 
46  -12 
-3  -6 
45  13 
31  0 
13  37 
38  -4 
-10  -21 
60  -15 
42  -77 
63  26 
-23  -40 
-12  -45 
12  7 
-42  22 
31  -21 
37  69 
-2  3 
-72  40 
12  32 
36  33 
29  -5 
-66  -6 
33  -11 
19  8 
