Created:October-13-2022 
Coverage:29 
N:20 
NUM-IONS:116 
NSTEPS:15000 
WRITE-PERIODICITY:100 
epsilon:1.71 
-14  12 
22  23 
12  26 
23  -10 
13  19 
-4  8 
1  5 
7  6 
19  2 
-3  27 
27  24 
16  12 
24  44 
3  19 
-47  -47 
8  -38 
2  -7 
-6  16 
-21  30 
12  27 
30  12 
0  8 
8  37 
30  18 
23  1 
-6  42 
20  -3 
-25  31 
4  11 
11  13 
12  29 
9  -2 
2  32 
-6  9 
-18  15 
13  21 
13  34 
-9  23 
-8  -16 
0  -20 
1  59 
14  30 
44  19 
-15  -9 
25  26 
2  -2 
14  12 
26  10 
10  25 
19  -17 
0  29 
9  -4 
7  1 
-1  46 
7  -2 
28  12 
10  1 
45  34 
18  11 
-11  -16 
8  11 
3  17 
43  12 
6  15 
22  2 
-8  23 
13  -14 
33  -24 
20  -42 
-2  17 
6  18 
14  5 
-11  54 
-6  18 
11  4 
-13  -15 
1  20 
3  13 
3  -5 
14  6 
4  15 
6  14 
1  11 
-2  32 
-8  8 
15  9 
15  33 
45  10 
30  15 
20  24 
16  -7 
-3  15 
-3  -6 
-25  -40 
14  33 
-11  27 
11  -5 
9  26 
6  8 
16  19 
-1  21 
-2  23 
21  28 
4  10 
16  11 
12  34 
23  4 
28  4 
-2  38 
-3  5 
10  -13 
-39  7 
2  20 
-11  -3 
7  -9 
-2  15 
-13  14 
23  24 
10  23 
17  -11 
18  20 
0  5 
1  0 
7  10 
21  5 
1  29 
22  22 
15  10 
19  42 
6  18 
-47  -46 
7  -36 
1  -10 
0  14 
-25  29 
13  24 
32  10 
-2  9 
8  35 
30  18 
23  3 
-5  44 
17  -4 
-22  31 
2  8 
13  13 
10  32 
11  -5 
1  27 
-9  11 
-17  15 
13  21 
10  35 
-11  23 
-8  -16 
2  -21 
0  60 
16  25 
47  18 
-16  -10 
26  26 
-5  -3 
9  14 
24  11 
10  25 
22  -20 
0  26 
6  -10 
8  1 
-2  45 
9  -5 
29  13 
10  1 
46  32 
24  9 
-11  -16 
5  10 
4  18 
44  13 
2  13 
23  1 
-9  24 
12  -17 
34  -22 
20  -42 
0  17 
8  17 
11  1 
-9  57 
-9  19 
11  3 
-12  -16 
3  19 
1  12 
5  -9 
12  7 
5  14 
7  13 
-1  15 
-2  32 
-8  14 
12  9 
15  33 
46  7 
29  12 
19  23 
18  -5 
-4  13 
-5  -9 
-22  -43 
14  36 
-6  25 
9  -4 
9  27 
8  7 
18  18 
-1  25 
-2  27 
19  30 
5  6 
17  8 
13  36 
24  4 
30  -3 
-1  37 
-3  5 
13  -14 
-38  9 
6  14 
-9  -7 
8  -15 
-3  14 
-16  13 
23  24 
7  24 
15  -10 
19  26 
2  6 
-1  5 
6  10 
24  10 
2  28 
23  21 
12  8 
20  43 
7  16 
-49  -48 
9  -34 
3  -11 
3  15 
-28  27 
14  24 
34  9 
-5  11 
8  37 
30  18 
21  5 
-4  41 
17  -7 
-19  28 
5  10 
11  15 
7  31 
10  -6 
4  29 
-6  10 
-21  15 
13  26 
11  36 
-9  23 
-8  -16 
2  -27 
0  60 
21  23 
48  15 
-15  -14 
26  27 
1  4 
10  15 
24  11 
12  26 
21  -21 
-1  30 
5  -9 
9  1 
0  44 
9  -6 
33  11 
12  0 
42  35 
23  8 
-13  -19 
6  15 
7  18 
45  14 
0  14 
22  3 
-7  21 
9  -17 
35  -20 
23  -43 
-1  17 
9  15 
10  1 
-10  57 
-10  23 
11  4 
-12  -16 
2  20 
3  13 
7  -10 
13  7 
5  12 
6  11 
-2  15 
1  33 
-7  13 
12  10 
16  32 
46  8 
30  12 
19  23 
16  -7 
0  8 
-5  -7 
-25  -39 
16  36 
-3  26 
7  -7 
9  32 
7  6 
16  17 
0  25 
-2  25 
22  29 
8  12 
16  8 
12  34 
26  5 
29  -2 
-2  40 
-2  4 
14  -14 
-37  5 
3  16 
-8  -7 
11  -14 
-2  7 
-15  14 
23  24 
9  24 
17  -15 
20  23 
0  4 
0  6 
6  10 
26  14 
2  28 
23  17 
12  7 
21  43 
-1  19 
-51  -47 
10  -35 
1  -7 
2  15 
-30  29 
11  24 
32  6 
-1  9 
9  36 
28  17 
21  6 
-1  42 
17  -5 
-17  28 
7  11 
12  19 
8  30 
10  -7 
5  30 
-5  10 
-20  14 
13  24 
14  36 
-6  26 
-8  -16 
6  -28 
-2  63 
19  23 
51  18 
-16  -16 
26  27 
3  1 
13  13 
24  12 
13  26 
21  -20 
-4  32 
7  -10 
10  1 
1  44 
9  -6 
32  18 
12  3 
42  33 
23  13 
-12  -19 
7  14 
4  19 
47  18 
2  14 
25  4 
-11  22 
7  -19 
33  -23 
20  -40 
1  19 
10  17 
12  2 
-10  55 
-9  23 
10  3 
-11  -17 
2  17 
1  12 
4  -10 
14  4 
7  13 
3  9 
-4  10 
1  29 
-7  12 
11  14 
18  24 
43  10 
33  7 
19  17 
18  -11 
1  10 
-8  -6 
-26  -38 
16  31 
-3  30 
5  -9 
13  28 
8  7 
15  18 
-2  20 
-2  25 
24  29 
2  9 
13  5 
12  33 
30  8 
29  -2 
0  38 
-4  -1 
14  -15 
-36  5 
3  15 
-5  -9 
17  -7 
2  2 
-18  19 
23  24 
9  24 
17  -10 
22  23 
-5  0 
-7  6 
7  8 
25  12 
1  32 
27  16 
13  7 
20  46 
-3  18 
-50  -45 
10  -35 
5  -7 
3  17 
-24  31 
5  22 
32  7 
-4  5 
9  36 
30  18 
18  5 
-1  42 
17  -6 
-16  30 
4  11 
12  20 
7  33 
11  -5 
4  32 
-5  10 
-15  16 
12  25 
17  35 
-11  26 
-10  -10 
7  -30 
-1  63 
17  20 
52  18 
-12  -16 
26  28 
0  0 
9  14 
26  15 
13  21 
22  -18 
-5  33 
8  -8 
9  2 
0  49 
10  -1 
38  20 
12  2 
44  33 
25  14 
-10  -23 
9  17 
6  19 
46  18 
2  10 
20  3 
-11  18 
7  -19 
33  -21 
20  -36 
4  19 
12  14 
10  1 
-7  49 
-6  24 
9  1 
-11  -17 
-2  17 
1  11 
4  -16 
13  5 
6  10 
1  10 
-5  9 
1  25 
-6  10 
9  13 
12  28 
43  8 
33  8 
23  15 
19  -10 
-3  8 
-12  -12 
-23  -41 
17  33 
0  28 
4  -5 
18  31 
5  -1 
13  16 
-1  19 
-1  24 
24  29 
2  8 
12  6 
9  32 
27  6 
31  -4 
-1  37 
-5  1 
11  -16 
-37  3 
2  15 
-6  -8 
18  -5 
0  5 
-21  15 
19  23 
11  24 
25  -10 
21  25 
-6  -2 
-7  6 
13  7 
28  10 
4  33 
28  17 
17  8 
20  43 
-5  20 
-54  -42 
10  -31 
6  -6 
3  16 
-24  32 
4  16 
33  4 
-3  4 
8  35 
30  17 
18  6 
-2  43 
16  -7 
-19  32 
7  6 
13  19 
8  31 
13  -3 
4  31 
-10  11 
-15  14 
12  20 
14  36 
-4  23 
-6  -16 
7  -29 
-1  61 
18  22 
55  18 
-12  -16 
30  28 
0  0 
10  12 
27  14 
11  21 
22  -23 
-5  29 
9  -6 
9  3 
3  44 
8  1 
38  20 
14  2 
46  32 
23  13 
-9  -25 
9  16 
3  19 
50  21 
6  8 
21  3 
-13  18 
7  -19 
32  -21 
20  -38 
0  19 
12  14 
10  2 
-8  47 
-8  24 
14  6 
-10  -15 
0  17 
2  13 
5  -18 
11  3 
9  12 
-1  10 
0  6 
-1  24 
-1  9 
11  13 
17  25 
42  12 
32  6 
21  16 
19  -13 
-2  12 
-11  -14 
-21  -43 
15  31 
0  31 
7  -7 
14  30 
3  1 
13  16 
-5  21 
1  24 
27  30 
4  10 
20  4 
13  33 
21  11 
35  -3 
-1  39 
-3  0 
12  -19 
-38  2 
-5  13 
-8  -7 
17  -5 
-2  11 
-17  19 
13  25 
12  23 
24  -9 
24  19 
-7  -1 
-7  4 
7  10 
26  7 
5  34 
29  17 
17  9 
22  42 
-3  18 
-53  -42 
11  -25 
6  -8 
3  17 
-21  30 
5  13 
31  4 
-1  3 
10  35 
28  13 
17  5 
4  45 
17  -5 
-25  28 
6  6 
15  18 
8  30 
15  -3 
2  28 
-11  11 
-17  15 
12  24 
14  36 
-8  26 
-8  -19 
4  -30 
-2  57 
18  24 
58  22 
-10  -17 
30  27 
-1  2 
10  8 
23  13 
9  23 
24  -31 
-5  30 
15  -7 
13  6 
4  44 
8  4 
37  20 
14  2 
45  32 
22  9 
-7  -24 
11  16 
0  20 
47  21 
6  8 
21  6 
-14  18 
5  -19 
33  -22 
19  -35 
-6  24 
11  13 
9  0 
-14  51 
-8  27 
15  1 
-10  -15 
-1  18 
2  13 
5  -11 
11  3 
13  7 
-2  11 
1  0 
1  24 
-4  12 
9  14 
18  25 
43  8 
34  5 
22  20 
21  -9 
0  4 
-9  -12 
-24  -46 
11  32 
0  31 
5  -9 
15  31 
4  0 
9  18 
-10  22 
-4  25 
25  30 
3  10 
20  6 
13  33 
19  9 
41  -8 
-1  39 
0  -2 
13  -19 
-40  3 
-8  8 
-8  -7 
19  -9 
-6  10 
-20  23 
13  26 
13  25 
27  -7 
27  17 
-5  -3 
-7  4 
8  7 
27  7 
6  30 
28  17 
15  10 
24  44 
-2  15 
-51  -42 
10  -28 
4  -9 
2  15 
-21  30 
6  14 
30  5 
-1  4 
10  35 
27  11 
14  9 
3  43 
17  -7 
-22  31 
9  7 
15  18 
5  31 
17  -8 
1  32 
-12  10 
-16  17 
12  24 
13  36 
-6  25 
-11  -24 
1  -29 
2  58 
16  28 
60  26 
-11  -16 
31  27 
-1  6 
4  10 
23  8 
4  22 
21  -32 
-6  30 
15  -7 
12  6 
3  44 
11  3 
40  17 
14  4 
45  34 
23  13 
-6  -24 
9  17 
4  15 
48  24 
7  8 
20  4 
-14  18 
-1  -15 
38  -15 
21  -34 
-5  29 
11  13 
9  3 
-14  52 
-8  28 
11  -5 
-8  -10 
-2  18 
1  14 
-2  -17 
14  2 
11  12 
0  8 
-3  -4 
0  25 
-2  12 
9  14 
19  23 
42  10 
33  7 
24  19 
24  -11 
-3  4 
-9  -9 
-22  -47 
13  33 
1  33 
6  -5 
17  25 
2  3 
9  15 
-10  21 
-2  29 
25  30 
0  11 
26  5 
13  39 
17  7 
42  -7 
1  39 
-2  2 
13  -19 
-42  0 
-8  13 
-9  -6 
16  -8 
-4  13 
-20  21 
10  28 
18  30 
26  -6 
29  18 
-5  -2 
-8  4 
9  6 
26  12 
7  35 
26  19 
15  10 
22  43 
-4  16 
-49  -43 
11  -28 
8  -10 
1  12 
-25  29 
6  13 
32  8 
0  6 
7  39 
29  12 
13  9 
7  49 
17  -5 
-20  28 
9  4 
14  22 
6  28 
18  -9 
-1  29 
-10  9 
-13  14 
8  24 
14  36 
-1  28 
-10  -23 
-1  -30 
3  61 
17  26 
59  24 
-13  -19 
33  32 
2  6 
0  10 
24  11 
5  21 
24  -30 
-6  30 
17  -6 
14  6 
2  42 
11  4 
38  17 
15  5 
51  35 
27  11 
-7  -24 
14  18 
0  20 
47  24 
7  6 
24  -1 
-14  18 
-2  -15 
38  -13 
23  -36 
-4  28 
11  13 
9  2 
-15  53 
-11  27 
10  -5 
-9  -6 
3  15 
3  13 
-2  -16 
22  8 
11  11 
3  8 
-2  -5 
0  24 
-4  10 
12  13 
18  22 
42  9 
33  7 
20  23 
23  -11 
-1  6 
-12  -6 
-22  -48 
13  34 
5  31 
2  -5 
18  26 
-2  3 
9  16 
-10  18 
-4  31 
28  31 
5  10 
26  7 
13  38 
20  5 
46  -10 
2  40 
-2  0 
13  -19 
-44  -2 
-5  13 
-8  -6 
15  -9 
-4  12 
-17  21 
13  28 
15  29 
24  -9 
31  17 
-1  -1 
-7  6 
11  6 
24  15 
7  38 
25  18 
15  10 
25  41 
-3  14 
-49  -39 
10  -32 
11  -12 
1  13 
-24  32 
6  14 
34  9 
1  5 
4  39 
30  12 
12  7 
10  49 
17  -5 
-17  30 
9  6 
15  21 
8  28 
16  -6 
-3  29 
-10  7 
-16  17 
8  24 
14  36 
-2  33 
-10  -23 
2  -29 
0  60 
14  30 
55  27 
-13  -19 
33  33 
3  4 
4  13 
24  9 
3  16 
23  -32 
-2  30 
15  -9 
12  6 
-2  43 
9  4 
36  21 
13  4 
49  35 
25  12 
-11  -24 
13  19 
-1  18 
46  28 
7  9 
20  -3 
-14  18 
0  -16 
38  -15 
23  -35 
-9  23 
12  10 
13  1 
-17  53 
-11  27 
11  -2 
-9  -5 
-1  17 
3  12 
-4  -12 
25  9 
13  9 
2  8 
-1  -4 
-2  24 
-2  11 
13  14 
26  23 
42  13 
33  5 
21  26 
21  -9 
-1  5 
-13  -9 
-23  -54 
11  33 
6  31 
1  -5 
19  24 
0  3 
8  17 
-7  18 
0  28 
27  30 
5  14 
26  10 
15  38 
22  2 
45  -10 
-2  40 
-5  0 
8  -17 
-46  -2 
-3  10 
-7  -4 
16  -10 
-5  13 
-17  21 
13  29 
15  31 
24  -13 
32  14 
0  -3 
-8  6 
8  2 
23  17 
6  39 
27  21 
19  8 
26  41 
-4  13 
-48  -36 
10  -28 
9  -8 
4  11 
-23  34 
6  12 
30  9 
-1  3 
4  39 
29  13 
13  7 
15  52 
19  -5 
-20  31 
9  6 
20  23 
8  27 
19  -10 
-2  31 
-8  10 
-20  20 
9  23 
13  36 
-2  33 
-10  -23 
-2  -31 
1  59 
15  30 
58  25 
-7  -14 
29  34 
1  5 
7  13 
24  10 
6  14 
28  -30 
4  29 
15  -11 
17  6 
-3  45 
11  8 
37  20 
14  6 
54  30 
23  8 
-11  -24 
11  17 
-2  22 
39  22 
6  7 
18  -3 
-12  15 
-2  -16 
40  -15 
25  -36 
-7  24 
8  11 
11  1 
-18  53 
-11  27 
9  -2 
-7  -7 
-4  23 
-3  15 
-4  -13 
23  4 
11  15 
0  8 
-3  -10 
-3  24 
-2  14 
11  13 
17  21 
43  13 
33  5 
20  24 
17  -11 
-1  4 
-13  -9 
-18  -49 
10  35 
5  31 
3  -5 
22  23 
3  3 
8  17 
-10  18 
-1  27 
27  30 
6  10 
25  14 
14  36 
22  2 
48  -8 
-1  39 
-6  4 
13  -21 
-45  -4 
1  12 
-8  -7 
16  -12 
-4  12 
-20  24 
9  27 
16  31 
20  -11 
32  14 
2  0 
-4  8 
11  4 
22  15 
6  38 
27  18 
23  17 
25  41 
-3  13 
-48  -36 
13  -27 
8  -9 
2  11 
-23  35 
1  19 
27  7 
0  3 
4  39 
31  15 
15  9 
10  53 
19  -5 
-18  28 
10  6 
29  24 
7  29 
17  -6 
-1  30 
-7  6 
-16  20 
10  21 
11  36 
-4  32 
-7  -21 
-5  -30 
6  60 
12  26 
59  22 
-8  -12 
27  37 
-3  5 
7  13 
21  11 
4  15 
27  -32 
6  34 
13  -13 
17  4 
-2  43 
14  6 
38  20 
10  3 
52  30 
23  8 
-9  -21 
9  19 
-1  23 
39  26 
6  6 
19  -3 
-11  15 
0  -14 
43  -21 
26  -32 
-6  24 
5  10 
17  0 
-15  58 
-10  25 
6  -1 
-8  0 
-2  18 
-2  15 
-7  -15 
23  4 
13  18 
-3  8 
-8  -13 
1  25 
-5  13 
7  10 
14  20 
43  13 
33  4 
19  25 
19  -11 
-5  1 
-12  -8 
-20  -52 
13  34 
8  30 
6  -8 
22  22 
4  5 
8  17 
-12  23 
-2  30 
24  31 
1  10 
25  11 
11  34 
29  3 
46  -9 
-5  38 
-6  -1 
13  -19 
-45  -3 
1  12 
-9  -10 
18  -15 
-2  11 
-19  24 
12  27 
15  29 
19  -11 
32  12 
2  0 
0  11 
11  1 
21  15 
7  39 
26  18 
17  29 
21  43 
-2  11 
-47  -35 
11  -24 
8  -10 
2  9 
-20  28 
-1  17 
33  7 
0  3 
-1  42 
31  17 
16  12 
7  53 
17  -5 
-13  31 
10  11 
32  23 
4  31 
21  -9 
-2  30 
-4  8 
-15  18 
13  21 
10  35 
-4  31 
-7  -21 
-5  -30 
7  61 
14  26 
55  18 
-7  -14 
27  38 
-7  4 
5  14 
21  12 
4  15 
27  -34 
6  34 
12  -11 
18  3 
-2  42 
16  1 
32  18 
11  3 
54  30 
23  4 
-6  -24 
11  13 
-3  26 
41  26 
9  7 
20  -3 
-10  17 
-2  -14 
38  -22 
27  -31 
-9  24 
6  12 
18  -3 
-16  59 
-10  25 
5  2 
-10  1 
-2  20 
-3  13 
-8  -14 
24  5 
13  14 
-6  5 
-5  -14 
7  28 
-5  13 
9  11 
12  21 
43  13 
32  4 
21  25 
19  -17 
-4  -2 
-8  -6 
-21  -50 
13  36 
9  33 
2  -5 
18  25 
4  4 
8  17 
-11  23 
-5  31 
22  31 
5  11 
25  8 
9  32 
28  7 
42  -7 
-5  40 
-6  2 
8  -19 
-43  -6 
4  9 
-14  -10 
17  -15 
-4  16 
-21  25 
9  26 
15  29 
21  -9 
32  7 
1  0 
4  12 
10  1 
22  17 
4  40 
22  23 
14  30 
21  44 
-2  10 
-50  -38 
9  -28 
8  -8 
6  6 
-17  28 
-1  19 
34  6 
4  10 
-2  43 
29  16 
16  12 
4  55 
17  -5 
-12  30 
10  14 
31  23 
6  32 
21  -8 
0  28 
-4  8 
-13  16 
13  21 
12  34 
-3  29 
-5  -22 
-5  -29 
7  61 
13  24 
52  18 
-6  -16 
27  38 
0  6 
11  12 
23  9 
-1  10 
28  -33 
3  35 
13  -14 
19  3 
-3  40 
14  2 
30  17 
11  4 
54  32 
17  4 
-6  -24 
13  13 
-1  26 
40  23 
3  4 
18  -2 
-12  18 
-2  -9 
39  -18 
24  -29 
-11  23 
3  14 
19  -3 
-13  59 
-8  30 
4  -1 
-12  2 
0  17 
-5  13 
-7  -15 
24  4 
11  16 
1  5 
-2  -13 
6  28 
-7  14 
7  10 
9  18 
45  11 
29  4 
20  24 
21  -17 
0  0 
-9  -5 
-25  -50 
13  36 
10  35 
1  -5 
20  25 
5  2 
8  17 
-14  23 
-7  27 
25  34 
9  14 
21  6 
13  28 
26  11 
42  -7 
-1  38 
-8  6 
8  -16 
-44  -7 
3  13 
-8  -7 
17  -15 
-3  14 
-24  21 
9  22 
15  33 
18  -9 
29  14 
6  0 
4  9 
14  0 
24  15 
2  37 
23  21 
15  30 
19  43 
-2  15 
-53  -39 
12  -26 
10  -5 
3  4 
-14  30 
3  19 
32  6 
2  10 
-1  44 
29  17 
16  12 
6  54 
20  -6 
-14  26 
9  12 
33  25 
5  33 
24  -7 
1  31 
-1  6 
-18  22 
15  20 
11  37 
-3  29 
-7  -21 
2  -29 
6  59 
9  23 
53  21 
-3  -15 
27  37 
-2  7 
13  7 
17  13 
-1  11 
27  -32 
5  35 
15  -15 
20  5 
-2  41 
15  1 
30  18 
12  4 
51  32 
13  4 
-6  -24 
13  14 
0  28 
39  22 
5  11 
18  -3 
-12  16 
-3  -6 
41  -19 
27  -31 
-10  21 
6  13 
15  -3 
-18  60 
-11  33 
4  -1 
-10  5 
-1  19 
-4  16 
-7  -17 
20  4 
8  17 
0  6 
-3  -12 
7  26 
-9  15 
5  10 
9  18 
47  11 
30  2 
21  28 
21  -15 
2  -1 
-8  -7 
-26  -48 
12  35 
9  36 
4  -6 
18  23 
11  4 
10  17 
-12  24 
-8  27 
28  35 
10  12 
20  9 
12  28 
26  11 
43  -12 
-1  37 
-5  3 
9  -16 
-41  -11 
2  15 
-9  -7 
14  -14 
1  12 
-23  25 
4  24 
12  34 
20  -9 
30  15 
4  -1 
5  10 
18  -1 
23  16 
2  35 
21  21 
15  31 
24  45 
-2  15 
-52  -38 
12  -28 
13  -7 
-1  5 
-16  31 
1  20 
29  7 
3  8 
-1  43 
29  12 
15  17 
5  58 
22  -7 
-11  26 
5  14 
33  24 
3  37 
21  -7 
-1  30 
-1  7 
-17  21 
18  20 
13  36 
-2  25 
-9  -19 
1  -29 
9  58 
7  21 
53  21 
0  -15 
23  39 
-5  9 
15  1 
18  11 
-5  12 
27  -31 
2  37 
10  -14 
17  4 
0  43 
17  0 
31  19 
11  3 
54  26 
9  4 
-3  -21 
11  13 
2  32 
41  19 
6  12 
20  -1 
-12  11 
-3  -5 
40  -20 
24  -31 
-11  21 
7  10 
19  -3 
-20  57 
-10  32 
4  0 
-10  5 
2  19 
-4  16 
-13  -16 
23  4 
7  18 
-1  6 
-7  -17 
7  26 
-10  17 
4  15 
9  19 
47  11 
29  3 
24  30 
20  -12 
7  -1 
-8  -7 
-27  -46 
10  38 
11  34 
6  -9 
21  24 
10  1 
9  13 
-14  27 
-8  27 
27  33 
13  9 
22  8 
16  30 
26  14 
46  -10 
0  38 
-3  -2 
9  -18 
-39  -8 
7  17 
-6  -4 
11  -16 
3  9 
-23  20 
5  26 
14  35 
18  -5 
30  18 
0  0 
2  8 
21  3 
23  16 
2  35 
16  21 
14  30 
22  43 
0  14 
-51  -37 
9  -28 
14  -4 
-2  13 
-14  30 
2  20 
27  6 
4  11 
2  42 
30  12 
11  15 
6  58 
25  -7 
-11  26 
6  12 
39  26 
4  35 
22  -7 
-7  29 
-5  10 
-17  17 
19  18 
9  35 
-3  25 
-7  -21 
3  -32 
7  59 
9  21 
49  22 
0  -14 
19  36 
-5  11 
13  0 
19  10 
-3  15 
30  -23 
5  41 
14  -14 
17  4 
1  44 
20  3 
29  18 
9  0 
56  28 
8  4 
-2  -20 
11  4 
6  34 
38  23 
7  13 
19  -1 
-12  10 
-5  -7 
41  -20 
21  -30 
-12  22 
7  11 
19  -5 
-20  57 
-8  33 
3  -1 
-10  5 
3  21 
-3  14 
-14  -15 
21  5 
4  19 
1  7 
-8  -16 
6  28 
-11  16 
5  14 
13  26 
45  11 
29  4 
29  34 
21  -8 
5  2 
-7  -4 
-28  -53 
8  37 
9  37 
6  -5 
20  25 
13  3 
9  13 
-9  27 
-9  33 
27  34 
13  7 
24  10 
15  29 
24  13 
47  -10 
-2  38 
-4  -6 
13  -15 
-39  -11 
7  18 
-8  -2 
14  -16 
5  10 
-21  18 
6  27 
17  35 
13  -4 
30  18 
1  -1 
-1  10 
17  4 
24  20 
1  33 
19  16 
14  30 
24  44 
5  12 
-51  -36 
10  -28 
15  0 
-4  13 
-13  34 
4  15 
27  6 
0  11 
2  42 
32  11 
12  13 
6  61 
27  -10 
-14  26 
8  11 
34  24 
6  34 
23  -11 
-7  26 
-2  12 
-17  17 
19  17 
9  32 
-2  23 
-7  -21 
3  -32 
7  58 
15  25 
50  21 
5  -14 
20  38 
-2  13 
13  1 
20  9 
-3  12 
29  -23 
-1  44 
14  -11 
18  2 
0  46 
19  3 
30  17 
9  -2 
55  30 
12  0 
0  -17 
13  4 
4  32 
39  22 
7  13 
17  0 
-5  11 
-5  -7 
38  -22 
21  -29 
-13  21 
5  10 
18  -5 
-16  59 
-7  34 
2  -3 
-10  5 
3  21 
0  20 
-13  -13 
22  -1 
4  22 
3  4 
-9  -16 
7  28 
-11  16 
4  9 
10  29 
45  11 
28  4 
30  34 
23  -10 
2  3 
-9  -8 
-27  -53 
7  37 
8  37 
4  -9 
21  27 
9  3 
11  13 
-11  27 
-8  34 
34  32 
12  7 
22  8 
13  33 
30  15 
46  -10 
-1  35 
-3  -6 
17  -15 
-39  -8 
7  16 
-5  -2 
13  -15 
4  10 
-25  21 
5  26 
18  33 
18  -3 
31  13 
4  -5 
-4  10 
17  8 
24  20 
3  37 
20  18 
13  26 
22  43 
7  11 
-47  -35 
14  -30 
14  2 
-4  14 
-18  35 
3  15 
26  5 
4  11 
-2  43 
33  10 
13  14 
4  56 
25  -12 
-12  24 
7  13 
34  26 
4  33 
22  -6 
-10  25 
-4  11 
-20  20 
19  22 
9  34 
0  24 
-12  -18 
5  -30 
7  59 
13  23 
52  18 
1  -15 
19  39 
0  9 
13  9 
22  5 
-2  11 
29  -22 
2  46 
13  -13 
18  0 
-1  45 
13  -1 
31  19 
8  -3 
52  30 
12  2 
0  -17 
12  7 
1  36 
41  20 
3  9 
17  0 
-5  9 
-7  -4 
37  -21 
20  -32 
-15  21 
6  11 
17  -4 
-17  63 
-10  35 
1  -5 
-10  9 
3  21 
1  19 
-14  -12 
20  -3 
4  24 
2  2 
-10  -19 
7  30 
-8  14 
4  10 
7  26 
48  10 
29  4 
28  31 
17  -11 
0  5 
-11  -8 
-28  -54 
4  42 
7  38 
5  -9 
18  30 
7  1 
13  13 
-10  28 
-9  35 
35  33 
15  10 
26  14 
10  32 
29  16 
46  -10 
-3  35 
-6  -2 
19  -13 
-38  -7 
6  13 
-7  1 
14  -15 
3  4 
-21  17 
6  26 
20  34 
19  -4 
33  14 
3  -5 
-3  13 
17  9 
26  18 
4  37 
20  17 
13  26 
22  51 
7  8 
-42  -35 
16  -28 
14  2 
-1  15 
-16  29 
1  15 
25  6 
7  14 
2  43 
36  16 
15  12 
4  52 
22  -11 
-7  25 
7  13 
37  28 
3  33 
22  -7 
-10  25 
-5  13 
-20  20 
15  22 
10  35 
-2  23 
-12  -18 
8  -30 
7  61 
9  23 
50  14 
-3  -18 
19  46 
-4  6 
5  2 
23  3 
0  8 
31  -25 
2  42 
12  -12 
18  0 
-7  44 
10  -3 
32  24 
7  -4 
52  27 
11  4 
-3  -14 
12  6 
1  39 
43  21 
4  8 
18  4 
-5  10 
-4  -1 
39  -21 
23  -32 
-14  15 
6  12 
17  -6 
-17  64 
-8  34 
1  -8 
-9  12 
4  19 
1  20 
-10  -13 
22  -3 
0  25 
7  6 
-10  -19 
7  31 
-7  13 
0  6 
6  27 
46  11 
28  4 
35  31 
20  -11 
-1  2 
-10  -8 
-26  -56 
4  40 
3  39 
8  -8 
16  31 
7  -2 
11  13 
-14  28 
-12  37 
35  29 
16  10 
26  14 
13  27 
30  18 
49  -5 
-2  35 
-9  -1 
20  -17 
-36  -5 
5  11 
-7  1 
20  -16 
4  6 
-25  18 
6  26 
21  33 
19  1 
31  12 
0  -6 
-1  10 
17  6 
24  17 
4  35 
17  20 
14  26 
23  50 
9  7 
-41  -37 
16  -27 
14  0 
-2  15 
-19  32 
3  17 
28  10 
2  11 
6  42 
38  17 
14  12 
3  55 
26  -6 
-8  23 
8  13 
41  25 
5  34 
25  -10 
-10  25 
-6  18 
-20  23 
16  25 
15  37 
-1  22 
-15  -14 
10  -25 
4  59 
9  22 
51  13 
-7  -23 
20  45 
-5  9 
6  -1 
20  6 
0  8 
31  -25 
2  42 
11  -9 
17  1 
-9  44 
12  1 
32  18 
8  -3 
51  29 
13  7 
-3  -15 
12  7 
2  39 
40  24 
4  10 
19  6 
-4  12 
-3  -5 
36  -21 
25  -29 
-13  11 
10  12 
15  -7 
-16  64 
-8  34 
3  -7 
-10  8 
3  19 
6  18 
-14  -12 
23  -4 
-2  25 
7  6 
-13  -19 
7  30 
-9  16 
-3  7 
8  24 
47  8 
29  4 
34  30 
16  -4 
-1  5 
-10  -11 
-22  -54 
7  39 
-1  37 
8  -9 
18  32 
7  -2 
12  13 
-14  27 
-13  44 
35  30 
16  10 
26  13 
12  28 
30  17 
50  -2 
-3  34 
-7  -1 
18  -17 
-38  -5 
1  10 
-10  1 
21  -16 
4  5 
-25  17 
6  27 
21  28 
17  2 
29  14 
3  -5 
-4  13 
14  6 
24  15 
3  37 
19  17 
15  33 
23  53 
12  6 
-40  -35 
18  -29 
14  2 
-2  15 
-17  30 
0  17 
30  12 
-3  5 
4  39 
38  17 
13  16 
2  60 
26  -5 
-7  26 
7  10 
43  24 
7  31 
22  -10 
-11  27 
-6  18 
-18  22 
11  23 
17  40 
1  21 
-22  -17 
9  -27 
7  61 
9  23 
52  13 
-5  -22 
18  46 
0  11 
4  0 
21  5 
-3  9 
29  -24 
1  44 
15  -9 
19  5 
-8  44 
11  -1 
31  16 
5  -2 
53  27 
12  7 
-6  -16 
13  5 
5  43 
40  24 
5  11 
15  10 
-2  12 
-2  -2 
34  -20 
24  -29 
-9  10 
12  14 
13  -7 
-16  65 
-9  35 
1  -7 
-8  10 
5  20 
5  21 
-14  -12 
22  -7 
-2  27 
9  6 
-11  -16 
7  33 
-10  15 
-1  9 
10  22 
46  10 
30  5 
34  30 
14  -4 
0  0 
-12  -13 
-22  -55 
8  37 
-3  39 
5  -10 
18  33 
1  0 
14  17 
-13  29 
-13  44 
33  29 
21  10 
28  12 
8  30 
30  17 
48  4 
-3  35 
-7  -1 
19  -18 
-38  -3 
4  10 
-10  1 
19  -17 
0  6 
-25  18 
6  26 
20  25 
20  0 
31  15 
5  -6 
4  11 
12  8 
20  11 
4  35 
19  15 
16  32 
22  53 
13  4 
-41  -31 
18  -27 
12  2 
-2  15 
-11  24 
-3  15 
33  14 
-7  7 
5  38 
39  19 
12  13 
4  59 
26  -9 
-8  24 
5  13 
41  25 
8  32 
25  -10 
-9  27 
-6  16 
-17  24 
11  24 
15  37 
4  24 
-22  -17 
9  -27 
7  61 
8  23 
47  6 
-6  -20 
18  44 
-4  15 
-1  -3 
22  11 
-1  5 
30  -22 
-1  50 
15  -10 
22  3 
-7  43 
11  1 
29  14 
9  -2 
54  25 
16  10 
-5  -12 
13  6 
7  38 
40  24 
6  10 
20  9 
4  17 
3  -1 
36  -24 
23  -32 
-5  11 
13  13 
11  -1 
-14  68 
-10  35 
3  -7 
-10  9 
10  21 
10  17 
-13  -9 
23  -5 
0  28 
12  10 
-11  -17 
7  33 
-9  13 
-5  9 
12  21 
42  8 
30  7 
38  31 
13  -4 
3  1 
-14  -15 
-24  -61 
8  38 
-2  40 
6  -8 
24  29 
6  1 
12  18 
-14  27 
-12  44 
34  30 
21  12 
30  12 
4  30 
29  17 
49  7 
-3  34 
-7  -1 
19  -14 
-39  -3 
6  14 
-8  7 
20  -17 
-3  5 
-27  16 
3  28 
20  26 
18  2 
34  18 
6  -6 
5  12 
12  7 
25  11 
6  35 
19  18 
17  30 
26  51 
12  3 
-40  -31 
22  -27 
8  2 
0  14 
-12  24 
0  10 
37  13 
-14  10 
6  38 
45  15 
13  13 
7  59 
27  -12 
-7  21 
5  14 
39  26 
13  34 
26  -8 
-7  26 
-11  15 
-20  24 
17  25 
19  39 
3  24 
-19  -16 
11  -30 
5  61 
7  21 
47  7 
-6  -18 
23  51 
-5  13 
-2  -3 
22  14 
3  13 
30  -23 
-2  50 
18  -9 
22  2 
-8  46 
9  3 
30  15 
8  -3 
59  27 
16  12 
-3  -5 
11  4 
7  38 
38  25 
9  14 
16  11 
3  19 
0  -3 
37  -19 
25  -31 
1  11 
12  10 
11  -1 
-14  67 
-8  33 
5  -10 
-11  6 
12  20 
11  17 
-9  -7 
22  -5 
0  28 
11  16 
-10  -17 
7  34 
-6  6 
-5  9 
10  21 
47  11 
35  11 
39  30 
17  -6 
3  1 
-17  -17 
-25  -63 
7  37 
-2  40 
4  -11 
24  22 
6  0 
11  15 
-15  26 
-15  42 
33  27 
22  8 
30  12 
4  31 
29  16 
50  5 
-2  35 
-8  -1 
21  -8 
-40  0 
3  15 
-7  5 
19  -17 
1  1 
-25  18 
0  26 
20  25 
18  -3 
37  14 
5  -8 
4  13 
12  10 
26  14 
4  32 
17  18 
19  33 
28  50 
14  4 
-37  -30 
24  -23 
10  -2 
2  13 
-14  30 
2  8 
38  12 
-16  11 
4  40 
47  14 
13  13 
8  57 
34  -10 
-9  23 
3  13 
38  25 
13  31 
25  -9 
-8  23 
-11  18 
-23  25 
16  32 
19  39 
1  26 
-24  -19 
9  -28 
4  59 
9  24 
49  7 
-6  -18 
24  50 
-5  13 
0  -3 
24  9 
4  14 
30  -23 
-9  53 
16  -5 
24  2 
-7  45 
7  1 
29  16 
5  1 
59  24 
19  6 
-3  -5 
11  4 
6  38 
38  31 
12  13 
13  4 
0  20 
2  -3 
38  -17 
23  -32 
-1  10 
14  12 
13  -1 
-12  67 
-8  29 
7  -10 
-8  7 
15  17 
9  15 
-7  -6 
24  -5 
1  28 
11  19 
-11  -17 
7  31 
-7  3 
-5  9 
13  21 
47  6 
36  8 
42  30 
16  -7 
-3  -1 
-21  -17 
-25  -60 
9  37 
0  38 
0  -12 
21  25 
3  1 
10  15 
-14  27 
-17  44 
32  26 
21  11 
30  12 
2  31 
27  18 
47  4 
-2  35 
-10  3 
21  -8 
-38  2 
2  19 
-8  4 
18  -16 
3  2 
-27  19 
0  28 
19  23 
21  0 
37  12 
6  -6 
3  9 
11  12 
25  14 
4  35 
18  23 
14  30 
33  53 
13  4 
-34  -30 
23  -25 
8  -3 
0  9 
-16  29 
1  10 
39  10 
-17  13 
3  37 
48  15 
13  14 
7  58 
32  -14 
-10  21 
3  12 
38  29 
14  26 
27  -3 
-7  25 
-10  18 
-21  29 
16  32 
24  39 
0  25 
-26  -18 
9  -28 
6  60 
9  27 
46  8 
-3  -15 
27  50 
-5  11 
-1  -3 
21  12 
3  16 
33  -24 
-6  52 
12  -7 
24  4 
-10  45 
9  2 
30  15 
6  -2 
60  24 
22  8 
-6  -4 
12  4 
7  39 
42  31 
12  18 
14  4 
3  21 
1  -7 
39  -18 
24  -29 
-2  11 
15  13 
15  -2 
-13  71 
-7  27 
6  -13 
-8  8 
16  16 
9  19 
-9  -5 
22  -5 
5  31 
9  18 
-13  -19 
7  34 
-11  1 
-5  9 
11  21 
47  6 
38  10 
40  31 
14  -15 
0  -3 
-24  -12 
-21  -56 
9  34 
-1  39 
1  -13 
21  25 
1  -1 
10  17 
-13  28 
-16  43 
33  26 
21  11 
29  16 
4  32 
25  18 
51  3 
-2  35 
-11  3 
21  -11 
-38  2 
4  20 
-9  13 
24  -15 
0  3 
-21  22 
0  26 
15  20 
22  2 
35  18 
8  -6 
2  8 
8  15 
24  15 
4  34 
14  25 
14  30 
31  51 
15  5 
-34  -28 
20  -23 
7  -2 
1  8 
-16  29 
4  11 
40  9 
-14  14 
2  40 
50  15 
13  16 
4  59 
33  -13 
-9  24 
4  12 
35  31 
6  28 
26  -1 
-8  27 
-11  22 
-19  31 
17  34 
21  40 
-8  25 
-26  -18 
10  -32 
-3  60 
9  26 
46  7 
0  -17 
27  50 
-5  10 
-1  -3 
20  11 
3  15 
31  -23 
-5  49 
10  -6 
22  -1 
-15  42 
8  7 
33  14 
5  1 
62  23 
23  10 
-9  -11 
12  4 
5  38 
38  30 
11  14 
12  6 
3  21 
3  -3 
39  -10 
27  -29 
0  8 
15  13 
13  4 
-15  71 
-10  25 
7  -14 
-8  10 
19  18 
13  18 
-10  -8 
22  -5 
4  30 
10  18 
-10  -17 
7  33 
-11  1 
-11  7 
12  20 
49  3 
37  8 
33  39 
13  -17 
0  0 
-23  -7 
-22  -57 
9  34 
0  38 
4  -16 
18  20 
2  -2 
10  17 
-13  28 
-16  42 
33  29 
22  13 
29  18 
4  33 
27  19 
54  4 
-6  38 
-12  4 
21  -15 
-37  4 
3  19 
-8  8 
20  -15 
-1  3 
-20  25 
0  26 
15  21 
22  2 
38  20 
5  -5 
8  5 
10  17 
26  7 
-1  35 
13  25 
15  31 
31  57 
14  6 
-35  -29 
20  -22 
8  -3 
2  8 
-19  30 
6  10 
45  14 
-15  10 
-1  42 
50  14 
17  19 
2  63 
32  -14 
-7  24 
4  15 
35  30 
6  28 
26  -2 
-6  24 
-9  23 
-19  31 
13  39 
18  44 
-13  21 
-25  -17 
9  -34 
-2  57 
4  31 
46  6 
2  -19 
28  55 
-5  9 
0  -3 
22  13 
9  14 
33  -27 
-9  51 
15  0 
21  0 
-16  44 
8  10 
32  13 
10  3 
64  27 
28  12 
-6  -10 
9  1 
7  39 
39  30 
9  12 
13  7 
3  21 
3  -3 
41  -8 
32  -31 
0  11 
19  18 
14  5 
-16  69 
-10  25 
3  -16 
-9  13 
17  18 
10  18 
-10  -13 
23  -5 
3  30 
9  18 
-11  -16 
4  33 
-9  1 
-7  8 
13  21 
49  3 
35  13 
36  41 
11  -16 
2  -1 
-20  -11 
-23  -56 
11  35 
1  35 
0  -20 
19  19 
-1  -3 
9  17 
-14  34 
-19  45 
32  34 
21  13 
27  14 
6  35 
27  18 
57  8 
-5  38 
-12  4 
17  -15 
-40  8 
4  19 
-7  6 
18  -17 
-1  3 
-21  27 
-2  22 
14  22 
22  2 
38  21 
7  -2 
7  6 
10  18 
28  10 
1  29 
13  29 
15  32 
31  55 
19  4 
-36  -36 
19  -21 
9  -4 
0  11 
-18  28 
7  10 
46  13 
-14  12 
-5  41 
49  15 
18  18 
0  63 
32  -14 
-5  25 
5  11 
38  29 
6  31 
23  -1 
-8  27 
-9  24 
-22  31 
16  36 
20  45 
-12  21 
-26  -16 
10  -32 
1  59 
10  35 
48  12 
0  -20 
28  57 
-9  10 
2  -1 
22  13 
10  12 
32  -27 
-7  53 
13  -1 
18  0 
-19  43 
9  12 
26  10 
10  3 
66  28 
24  10 
-9  -9 
13  6 
7  36 
35  31 
11  17 
7  8 
3  21 
2  -5 
41  -10 
30  -35 
1  12 
14  18 
13  7 
-16  69 
-9  23 
0  -14 
-8  14 
14  16 
9  19 
-11  -14 
23  -5 
3  28 
10  17 
-12  -18 
5  30 
-11  0 
-14  7 
13  21 
50  1 
35  10 
39  46 
12  -16 
3  -4 
-23  -6 
-21  -48 
11  33 
5  34 
0  -16 
20  18 
-2  -5 
5  21 
-13  33 
-21  45 
33  34 
17  15 
21  15 
6  34 
26  18 
56  10 
-6  40 
-17  9 
18  -7 
-39  11 
-1  22 
-2  12 
21  -15 
-6  6 
-22  29 
-1  23 
14  22 
22  2 
35  17 
7  -1 
9  6 
13  21 
27  7 
4  24 
15  31 
10  32 
31  53 
20  5 
-36  -35 
14  -24 
10  -3 
0  14 
-22  31 
6  10 
44  15 
-15  8 
-5  40 
49  18 
17  15 
-3  66 
32  -16 
1  25 
5  11 
36  27 
2  32 
24  -1 
-3  25 
-10  21 
-24  32 
13  34 
24  42 
-12  21 
-26  -14 
6  -32 
0  60 
8  30 
47  10 
1  -20 
33  58 
-8  6 
1  -1 
23  13 
7  11 
31  -29 
-7  49 
17  -2 
16  -1 
-20  43 
6  12 
23  9 
9  4 
65  26 
22  8 
-9  -6 
12  3 
7  38 
37  29 
11  15 
6  6 
3  21 
3  -3 
36  -12 
26  -33 
5  14 
18  17 
11  3 
-16  71 
-10  22 
-1  -11 
-11  16 
13  16 
10  18 
-11  -13 
23  -1 
1  32 
8  17 
-10  -16 
0  28 
-11  1 
-12  6 
12  19 
51  4 
35  10 
39  51 
13  -16 
-1  -2 
-26  -10 
-21  -48 
9  32 
5  35 
-2  -16 
22  15 
-2  -5 
3  25 
-15  30 
-23  44 
32  34 
17  16 
22  13 
6  38 
26  14 
61  11 
-5  38 
-18  11 
12  -13 
-36  13 
0  26 
-2  20 
17  -21 
-9  10 
-18  29 
-3  27 
15  21 
21  -1 
35  10 
5  -2 
10  6 
9  19 
28  10 
6  25 
19  30 
11  35 
32  53 
20  3 
-36  -38 
12  -26 
10  -2 
-2  15 
-25  31 
2  19 
43  16 
-16  4 
-7  39 
47  17 
17  14 
-6  64 
31  -16 
7  33 
2  15 
36  28 
6  27 
27  -1 
1  25 
-7  21 
-22  31 
11  33 
23  45 
-16  19 
-26  -10 
9  -33 
1  60 
9  32 
50  12 
-1  -22 
28  55 
-7  4 
2  2 
26  14 
7  11 
31  -28 
-5  49 
19  -1 
18  0 
-21  42 
6  13 
24  9 
14  -4 
68  24 
21  11 
-10  -6 
13  5 
6  38 
37  29 
11  16 
6  6 
0  21 
0  0 
40  -14 
29  -34 
3  12 
15  19 
9  4 
-17  73 
-12  22 
-2  -17 
-16  13 
9  18 
8  17 
-8  -12 
19  -3 
4  32 
10  17 
-12  -19 
6  30 
-13  1 
-12  11 
15  13 
51  3 
33  9 
45  50 
12  -14 
1  -5 
-24  -8 
-17  -43 
11  31 
5  33 
0  -15 
20  17 
-2  -10 
3  28 
-16  30 
-22  45 
33  34 
13  16 
21  17 
7  38 
25  14 
62  8 
-9  37 
-19  8 
11  -14 
-34  12 
2  27 
-5  20 
18  -23 
-7  13 
-18  28 
-9  24 
15  18 
16  -4 
39  10 
6  0 
11  12 
9  16 
30  12 
6  28 
24  29 
13  34 
30  51 
19  3 
-36  -38 
12  -26 
9  -6 
-3  15 
-24  31 
0  21 
43  15 
-21  2 
-10  42 
47  18 
18  12 
-9  63 
32  -17 
8  30 
0  14 
42  30 
4  24 
24  -1 
1  26 
-7  21 
-19  25 
14  32 
18  45 
-17  21 
-23  -10 
3  -32 
5  66 
11  34 
49  13 
-1  -22 
29  52 
-8  7 
-2  3 
26  15 
6  11 
33  -33 
-5  50 
22  1 
14  -7 
-20  40 
4  12 
23  13 
13  -1 
66  27 
23  10 
-8  -7 
14  4 
6  38 
41  31 
9  17 
6  5 
-3  18 
0  -2 
36  -15 
29  -33 
4  10 
19  19 
9  6 
-19  72 
-11  23 
3  -16 
-18  15 
10  14 
8  17 
-7  -9 
19  -3 
7  33 
10  18 
-11  -22 
6  30 
-11  4 
-15  10 
16  12 
48  4 
33  5 
50  48 
13  -14 
2  -7 
-25  -7 
-16  -45 
11  30 
3  29 
-1  -16 
20  17 
0  -12 
-2  24 
-15  34 
-20  46 
31  33 
11  15 
30  23 
7  37 
27  11 
66  12 
-2  31 
-17  3 
13  -16 
-35  11 
0  24 
-2  18 
18  -23 
-7  13 
-22  29 
-6  24 
10  18 
16  1 
38  11 
4  4 
9  7 
10  17 
29  12 
3  28 
25  33 
14  36 
30  53 
17  4 
-39  -34 
12  -26 
9  -5 
-2  15 
-21  30 
0  18 
43  15 
-22  6 
-10  45 
46  18 
17  15 
-7  64 
32  -19 
11  33 
2  15 
45  31 
0  29 
23  -3 
-5  25 
-10  21 
-22  24 
15  31 
18  45 
-20  20 
-24  -9 
4  -29 
3  65 
7  30 
53  7 
-5  -23 
33  56 
-6  6 
-1  3 
27  13 
6  10 
35  -31 
-2  47 
22  2 
16  -8 
-31  38 
8  11 
24  10 
13  -1 
68  24 
24  9 
-8  -7 
15  2 
3  36 
40  31 
9  16 
11  10 
-7  15 
-1  -3 
40  -14 
27  -32 
0  8 
18  20 
7  6 
-19  72 
-9  21 
-1  -18 
-21  19 
10  15 
7  17 
-7  -6 
17  -1 
5  35 
12  20 
-12  -23 
8  30 
-10  2 
-15  14 
18  12 
49  4 
33  5 
53  46 
15  -16 
4  -5 
-23  -6 
-13  -46 
12  30 
1  25 
0  -16 
13  17 
2  -12 
0  25 
-14  32 
-19  50 
34  30 
9  14 
29  22 
7  38 
25  10 
63  13 
-3  26 
-17  4 
13  -11 
-36  13 
2  23 
-5  18 
18  -17 
-9  15 
-24  33 
-11  22 
9  19 
20  -3 
37  14 
5  3 
6  7 
11  13 
22  9 
6  28 
26  34 
13  36 
29  52 
19  4 
-38  -30 
12  -27 
9  -3 
-4  12 
-21  30 
-2  15 
42  15 
-26  10 
-15  46 
46  19 
21  16 
-7  64 
33  -19 
14  33 
1  13 
48  30 
-2  27 
19  -1 
-2  20 
-12  21 
-20  24 
19  33 
17  49 
-16  22 
-25  -11 
3  -23 
3  65 
4  35 
52  6 
-5  -22 
30  58 
-7  5 
-2  3 
29  15 
4  10 
31  -32 
-8  47 
27  -2 
14  -4 
-29  35 
7  11 
21  10 
17  0 
68  24 
17  8 
-10  -6 
14  2 
5  30 
41  31 
10  11 
14  5 
-7  13 
-2  -3 
40  -17 
25  -32 
-2  11 
19  26 
7  6 
-19  72 
-7  23 
-1  -17 
-20  20 
10  15 
6  18 
-6  -2 
21  -3 
4  38 
12  15 
-10  -19 
7  30 
-13  1 
-15  18 
15  12 
50  3 
29  6 
51  44 
9  -17 
1  -11 
-25  -7 
-13  -46 
13  34 
-1  22 
0  -14 
15  17 
2  -12 
0  25 
-16  31 
-20  51 
27  28 
10  12 
32  24 
1  45 
24  9 
62  13 
-1  27 
-12  3 
11  -9 
-34  13 
1  28 
-1  18 
18  -16 
-4  11 
-24  30 
-12  24 
8  22 
18  -3 
38  15 
0  8 
13  9 
11  11 
22  8 
7  26 
26  34 
13  33 
32  50 
18  3 
-37  -31 
13  -26 
7  -3 
-5  11 
-21  30 
0  14 
43  17 
-28  8 
-15  46 
46  18 
27  10 
-7  65 
33  -19 
15  37 
1  13 
45  31 
-6  26 
20  -3 
-2  18 
-12  27 
-16  25 
18  27 
15  49 
-17  23 
-22  -10 
4  -25 
3  64 
3  35 
53  6 
-11  -23 
26  59 
-10  9 
0  6 
29  12 
2  9 
33  -33 
-10  45 
28  -3 
15  -4 
-31  36 
7  18 
18  11 
12  -1 
66  27 
16  8 
-7  -4 
14  2 
10  32 
43  33 
11  8 
11  10 
-6  12 
-1  -3 
42  -17 
27  -36 
-8  7 
17  25 
7  9 
-17  70 
-9  24 
-4  -19 
-16  19 
12  14 
3  21 
-7  -1 
20  0 
4  38 
9  18 
-10  -17 
8  30 
-10  1 
-15  15 
17  14 
47  1 
29  7 
51  43 
9  -16 
3  -12 
-23  -5 
-13  -47 
9  34 
1  25 
1  -10 
14  20 
1  -8 
-4  33 
-13  31 
-16  51 
26  26 
12  9 
32  24 
-2  45 
24  10 
62  13 
0  25 
-7  4 
10  -13 
-34  12 
-6  30 
-5  21 
20  -17 
-5  10 
-24  31 
-12  24 
8  22 
19  -3 
41  16 
1  5 
13  7 
14  12 
21  11 
6  26 
23  35 
11  35 
30  51 
20  1 
-40  -31 
13  -27 
11  -7 
-5  16 
-16  29 
5  14 
40  17 
-28  7 
-16  39 
43  17 
27  14 
-7  66 
37  -21 
15  38 
-1  15 
44  35 
-8  24 
16  -2 
-2  15 
-14  28 
-18  23 
24  30 
15  49 
-15  22 
-26  -10 
6  -27 
3  64 
6  34 
57  9 
-10  -22 
27  58 
-11  6 
4  8 
28  10 
4  11 
34  -36 
-10  45 
30  -5 
10  -3 
-32  32 
6  18 
11  11 
16  1 
67  30 
18  5 
-8  -6 
13  1 
4  33 
41  37 
12  9 
14  6 
-8  10 
-1  -2 
44  -15 
27  -36 
-10  9 
20  24 
9  7 
-21  70 
-9  24 
-8  -20 
-19  24 
13  14 
5  21 
-7  -1 
21  -1 
2  37 
9  24 
-11  -17 
8  27 
-11  2 
-18  15 
17  14 
52  1 
26  7 
51  43 
7  -19 
5  -10 
-23  -5 
-11  -42 
9  32 
-3  25 
3  -12 
19  19 
-5  -7 
-3  30 
-14  32 
-14  51 
23  25 
10  12 
37  27 
0  46 
26  10 
65  15 
-5  30 
-7  5 
7  -13 
-31  14 
-5  31 
-6  20 
18  -16 
4  12 
-21  27 
-11  22 
11  23 
20  -3 
42  13 
1  5 
6  7 
14  10 
22  10 
3  28 
24  39 
9  33 
34  46 
20  4 
-42  -28 
13  -27 
11  -7 
-3  15 
-19  29 
4  10 
43  19 
-30  12 
-16  40 
47  19 
32  13 
-8  68 
38  -20 
15  40 
-3  14 
43  35 
-8  26 
17  0 
-5  18 
-12  28 
-16  24 
20  30 
15  49 
-16  25 
-21  -10 
4  -31 
5  66 
7  33 
60  3 
-10  -23 
32  58 
-9  10 
2  8 
29  6 
4  15 
33  -35 
-7  44 
29  -4 
12  -4 
-31  31 
5  31 
13  14 
17  5 
67  31 
20  5 
-11  -6 
10  1 
5  35 
44  31 
11  11 
8  10 
-11  12 
-2  -3 
46  -14 
29  -36 
-8  7 
24  22 
9  7 
-14  71 
-6  24 
-11  -17 
-19  24 
12  14 
9  19 
-7  -1 
23  1 
2  39 
8  21 
-15  -19 
8  27 
-9  1 
-18  11 
21  10 
51  -1 
26  5 
54  42 
7  -19 
6  -10 
-22  -5 
-11  -42 
7  30 
-1  23 
3  -10 
19  19 
-4  -8 
-3  30 
-14  32 
-13  46 
23  23 
12  10 
35  31 
-2  45 
25  13 
66  13 
-1  26 
-7  6 
6  -12 
-32  15 
-6  32 
-3  21 
16  -19 
1  11 
-25  29 
-8  18 
13  21 
20  0 
42  13 
-2  5 
6  7 
10  11 
25  11 
2  28 
23  37 
9  34 
33  45 
19  9 
-44  -24 
9  -28 
10  -5 
-3  13 
-16  32 
4  10 
40  19 
-27  13 
-14  39 
47  18 
34  18 
-6  66 
38  -20 
14  42 
-3  15 
43  36 
-7  29 
17  5 
-6  16 
-14  28 
-16  25 
15  23 
18  52 
-20  25 
-22  -7 
5  -27 
1  65 
4  36 
60  4 
-12  -23 
35  58 
-8  14 
-5  6 
30  6 
0  17 
29  -33 
-7  44 
29  -4 
11  -5 
-25  31 
2  29 
15  13 
20  11 
65  34 
19  6 
-11  -5 
9  2 
6  34 
43  32 
14  10 
3  15 
-9  13 
1  -5 
48  -16 
31  -36 
-9  11 
25  22 
6  10 
-12  70 
-8  24 
-11  -16 
-21  22 
13  14 
9  23 
-6  -1 
23  1 
0  38 
11  23 
-16  -21 
9  26 
-7  -1 
-21  10 
18  11 
49  -2 
20  3 
54  44 
8  -18 
12  -10 
-22  -5 
-10  -42 
1  31 
-1  23 
3  -12 
19  17 
-4  -8 
1  33 
-13  30 
-15  50 
24  24 
15  5 
38  29 
-2  38 
23  13 
67  13 
1  26 
-7  7 
6  -15 
-32  11 
-7  28 
-4  19 
22  -21 
1  12 
-24  30 
-9  17 
13  21 
19  -3 
42  13 
-1  2 
3  10 
10  12 
28  10 
4  33 
27  39 
7  30 
29  43 
18  11 
-43  -22 
12  -26 
9  -4 
-4  12 
-13  38 
2  9 
37  19 
-28  11 
-12  37 
43  19 
36  18 
-6  65 
37  -20 
15  42 
-5  17 
40  40 
-7  26 
17  5 
-6  16 
-13  27 
-20  25 
18  20 
17  54 
-20  26 
-21  -11 
5  -30 
0  64 
4  38 
59  7 
-9  -17 
35  60 
-10  11 
-3  10 
29  10 
-1  19 
29  -33 
-9  44 
30  -3 
11  -4 
-24  31 
-1  30 
17  12 
23  13 
72  30 
19  5 
-8  -7 
8  1 
4  35 
45  34 
15  9 
2  17 
-7  14 
6  -5 
45  -14 
30  -34 
-8  6 
24  19 
6  12 
-16  70 
-2  22 
-7  -15 
-19  25 
11  14 
9  24 
-5  1 
23  1 
2  40 
7  24 
-16  -16 
12  28 
-7  -1 
-17  9 
18  13 
50  -2 
20  3 
55  44 
10  -18 
14  -16 
-22  -5 
-8  -44 
0  29 
-1  23 
1  -9 
17  15 
-5  -9 
3  35 
-16  25 
-13  53 
22  22 
14  6 
37  26 
-5  38 
24  11 
67  14 
-2  23 
-10  1 
6  -15 
-33  6 
-7  29 
-4  19 
19  -22 
1  12 
-22  30 
-8  14 
10  23 
20  -3 
46  10 
3  -1 
5  10 
10  11 
28  10 
7  34 
25  34 
10  28 
23  44 
17  10 
-44  -19 
13  -27 
13  -1 
-1  12 
-11  36 
3  10 
38  20 
-25  13 
-9  44 
46  19 
43  15 
-6  66 
38  -16 
15  46 
-4  18 
37  38 
-7  26 
19  4 
-6  16 
-11  27 
-23  28 
16  19 
17  55 
-24  28 
-25  -9 
7  -36 
-2  63 
5  39 
59  3 
-8  -14 
35  60 
-5  10 
-2  11 
35  9 
0  14 
27  -34 
-10  38 
29  -5 
14  -8 
-24  36 
-3  25 
21  12 
20  8 
67  33 
19  5 
-11  -6 
9  3 
2  29 
43  36 
10  6 
3  17 
-8  13 
6  -5 
46  -13 
33  -32 
-10  5 
29  18 
8  11 
-15  72 
1  25 
-12  -18 
-20  24 
10  12 
7  21 
-8  0 
22  2 
4  39 
9  24 
-16  -20 
13  34 
-5  -1 
-12  7 
16  12 
48  -3 
25  3 
53  45 
11  -17 
13  -16 
-22  -5 
-7  -44 
0  26 
-2  25 
6  -8 
17  14 
-4  -9 
5  35 
-20  23 
-13  50 
24  24 
11  13 
32  24 
-5  38 
21  11 
71  17 
-1  22 
-10  1 
7  -12 
-37  8 
-1  30 
-1  17 
19  -21 
4  12 
-16  30 
-11  14 
17  20 
16  3 
44  11 
-2  -3 
7  11 
10  12 
24  9 
7  30 
27  37 
7  26 
23  41 
21  12 
-44  -19 
14  -24 
13  -1 
2  9 
-11  38 
1  11 
40  21 
-23  15 
-8  46 
43  17 
42  10 
-9  64 
48  -15 
13  47 
-5  18 
35  41 
-6  24 
18  5 
-7  8 
-11  27 
-24  32 
20  20 
16  56 
-18  32 
-24  -12 
8  -38 
2  60 
5  38 
59  3 
-7  -11 
39  62 
-5  10 
-2  11 
32  9 
2  13 
21  -36 
-14  39 
27  -7 
14  -10 
-23  38 
-3  25 
21  13 
17  8 
66  34 
20  5 
-11  -8 
9  4 
6  30 
43  35 
10  7 
2  15 
-10  14 
4  -8 
46  -12 
31  -33 
-9  12 
32  24 
10  11 
-15  74 
1  26 
-8  -20 
-17  26 
10  18 
10  21 
-9  1 
20  4 
4  40 
9  23 
-13  -22 
13  34 
0  -3 
-10  5 
15  13 
46  -2 
24  6 
51  53 
13  -16 
12  -13 
-22  -5 
-10  -45 
3  24 
-1  24 
6  -8 
17  14 
-3  -11 
1  35 
-19  25 
-9  51 
24  24 
12  10 
31  23 
-5  40 
17  13 
69  17 
-2  23 
-11  -1 
7  -16 
-37  13 
0  26 
-1  19 
19  -23 
-2  13 
-16  26 
-9  15 
21  19 
17  8 
47  11 
-3  -2 
1  8 
11  13 
27  6 
9  32 
29  33 
4  25 
23  41 
25  10 
-44  -21 
14  -24 
12  0 
1  6 
-13  39 
2  8 
40  25 
-21  17 
-6  46 
42  17 
43  10 
-9  64 
46  -13 
17  45 
-1  27 
38  45 
-8  23 
20  6 
-11  7 
-12  27 
-23  35 
19  22 
15  58 
-16  30 
-22  -11 
10  -39 
4  59 
1  35 
61  5 
-8  -13 
43  59 
-10  12 
-5  10 
28  12 
2  13 
19  -35 
-13  38 
26  -5 
10  -6 
-22  37 
-1  23 
21  13 
15  9 
63  37 
23  4 
-15  -9 
7  1 
4  32 
43  35 
8  10 
2  15 
-7  16 
7  -7 
49  -14 
34  -38 
-10  15 
32  24 
11  10 
-16  75 
1  30 
-11  -21 
-16  24 
9  18 
9  24 
-5  -3 
18  3 
5  38 
8  24 
-10  -23 
15  31 
0  0 
-10  5 
15  13 
54  -2 
27  10 
53  54 
15  -15 
13  -16 
-23  -11 
-7  -47 
-2  24 
1  32 
6  -9 
18  15 
-6  -10 
0  37 
-20  24 
-9  51 
26  28 
12  6 
30  23 
-3  40 
16  16 
69  16 
0  23 
-10  2 
7  -16 
-35  14 
-2  31 
-1  19 
17  -21 
-4  13 
-14  26 
-6  16 
19  25 
15  9 
49  14 
-1  -5 
1  5 
11  13 
27  8 
12  33 
29  32 
3  24 
23  41 
25  11 
-48  -20 
13  -24 
10  2 
4  10 
-14  38 
3  8 
40  25 
-21  17 
-4  48 
43  16 
44  13 
-11  64 
48  -15 
18  45 
-1  29 
37  45 
-6  20 
22  10 
-14  7 
-13  27 
-26  25 
18  23 
15  57 
-19  32 
-25  -9 
8  -39 
4  57 
-2  31 
59  3 
-7  -14 
43  57 
-3  13 
-2  9 
29  15 
10  11 
24  -37 
-11  39 
28  -7 
11  -4 
-21  39 
-2  17 
21  13 
17  9 
69  37 
25  6 
-19  -6 
8  4 
8  30 
42  35 
8  11 
3  15 
-7  14 
6  -9 
49  -13 
34  -38 
-11  16 
33  27 
11  11 
-16  75 
4  29 
-13  -22 
-15  22 
10  17 
6  21 
-3  -5 
20  4 
-1  42 
9  23 
-10  -22 
15  30 
0  0 
-11  6 
14  10 
54  -2 
29  13 
50  52 
13  -17 
12  -16 
-22  -16 
-7  -47 
0  26 
-4  30 
5  -10 
21  10 
-8  -11 
-2  38 
-20  23 
-8  48 
27  31 
12  6 
33  24 
-3  40 
15  18 
68  17 
1  23 
-9  4 
7  -16 
-34  10 
-1  30 
-4  19 
16  -24 
-2  15 
-12  27 
-3  18 
21  25 
15  9 
47  11 
2  -3 
1  6 
12  14 
27  6 
14  32 
27  30 
4  24 
21  41 
21  12 
-48  -19 
9  -26 
8  4 
3  8 
-14  38 
6  7 
38  25 
-22  17 
-4  48 
43  21 
46  11 
-13  61 
50  -15 
19  46 
2  28 
40  46 
-6  16 
22  13 
-11  7 
-17  25 
-26  26 
22  22 
13  56 
-20  28 
-18  -9 
9  -37 
2  55 
3  33 
57  4 
-7  -16 
43  57 
-1  10 
-2  11 
27  18 
10  12 
20  -37 
-10  38 
30  -5 
11  -7 
-21  38 
-4  21 
22  12 
15  11 
68  37 
26  3 
-22  -2 
9  4 
6  28 
40  37 
5  10 
2  20 
-7  11 
6  -10 
48  -9 
34  -38 
-9  16 
35  19 
10  9 
-14  75 
1  31 
-11  -23 
-16  22 
9  19 
5  22 
-4  -4 
18  0 
-3  40 
10  21 
-15  -22 
15  30 
1  0 
-11  6 
13  8 
52  -2 
25  11 
48  50 
13  -15 
13  -13 
-22  -17 
-12  -48 
-4  32 
-5  33 
5  -12 
19  9 
-10  -12 
-1  39 
-21  23 
-9  47 
24  29 
9  12 
31  23 
2  46 
13  19 
67  16 
1  24 
-10  4 
2  -21 
-33  13 
-3  30 
-4  13 
16  -30 
-1  15 
-10  28 
-3  15 
21  24 
15  10 
48  10 
1  -5 
-7  6 
8  12 
24  4 
11  33 
28  31 
8  27 
24  35 
22  13 
-47  -19 
11  -28 
8  4 
7  11 
-13  38 
9  7 
37  30 
-22  20 
0  48 
43  21 
43  9 
-8  61 
49  -10 
21  50 
-2  27 
40  45 
-7  14 
24  9 
-11  6 
-18  23 
-26  26 
26  24 
12  58 
-21  28 
-16  -7 
11  -37 
3  53 
4  28 
59  4 
-7  -15 
44  52 
-5  13 
2  8 
29  17 
13  8 
18  -37 
-9  44 
29  -4 
12  -7 
-16  39 
-6  21 
26  14 
15  9 
69  39 
27  7 
-21  -3 
10  1 
5  26 
39  39 
1  11 
3  25 
-8  6 
5  -9 
47  -11 
34  -38 
-6  16 
34  20 
11  9 
-15  70 
-3  34 
-10  -16 
-15  21 
10  18 
5  22 
-5  -9 
18  -2 
3  37 
12  23 
-13  -23 
19  30 
8  -3 
-14  7 
12  7 
56  -4 
24  11 
49  54 
14  -15 
13  -13 
-20  -17 
-12  -46 
-6  30 
1  32 
3  -12 
18  11 
-8  -12 
-2  37 
-21  23 
-7  44 
20  31 
7  14 
39  25 
2  42 
13  19 
70  17 
-1  22 
-11  4 
3  -24 
-33  13 
-2  30 
4  10 
17  -29 
-2  15 
-5  30 
-3  13 
15  21 
16  12 
51  8 
3  -5 
-7  5 
10  12 
20  1 
8  35 
27  30 
12  34 
28  36 
21  11 
-47  -19 
11  -29 
7  7 
7  13 
-14  38 
9  7 
38  31 
-21  19 
0  45 
41  19 
38  10 
-6  56 
51  -8 
25  50 
-3  30 
39  42 
-9  13 
24  10 
-14  7 
-20  17 
-26  26 
27  28 
11  55 
-21  29 
-18  -10 
6  -39 
2  55 
7  31 
60  3 
-8  -16 
41  55 
-2  12 
0  8 
30  15 
13  8 
20  -34 
-9  43 
25  -6 
12  -7 
-13  38 
2  17 
24  15 
17  11 
70  37 
25  6 
-22  2 
8  1 
6  28 
37  34 
1  14 
4  22 
-6  2 
9  -6 
48  -9 
36  -37 
-4  16 
38  20 
13  9 
-14  71 
-5  33 
-10  -15 
-15  21 
9  18 
4  19 
-5  -9 
16  -3 
3  37 
11  21 
-11  -28 
19  30 
8  -3 
-15  9 
17  5 
57  0 
27  9 
49  56 
10  -18 
13  -14 
-21  -15 
-8  -52 
-5  29 
0  34 
1  -8 
17  9 
-8  -14 
-1  37 
-20  24 
-6  44 
24  29 
4  13 
41  25 
2  42 
13  19 
69  19 
-2  23 
-11  1 
0  -20 
-33  17 
-1  28 
3  3 
16  -32 
-3  15 
-7  30 
-3  14 
15  27 
15  13 
49  7 
4  -5 
-7  3 
14  12 
23  1 
9  34 
24  31 
11  31 
30  34 
20  8 
-47  -19 
12  -33 
7  10 
1  15 
-13  36 
11  8 
38  31 
-21  19 
0  45 
37  18 
37  8 
-8  53 
53  -6 
24  50 
1  31 
41  39 
-8  10 
27  13 
-13  11 
-22  23 
-26  26 
28  24 
9  56 
-19  30 
-18  -7 
5  -42 
-2  57 
5  30 
57  5 
-7  -15 
49  52 
-3  12 
2  8 
31  17 
13  8 
24  -31 
-11  43 
25  -9 
13  -7 
-18  34 
3  16 
23  13 
17  11 
70  43 
23  4 
-20  3 
6  -1 
6  30 
38  35 
0  17 
6  18 
-10  1 
5  -8 
48  -8 
33  -33 
-9  24 
43  17 
14  10 
-12  70 
-3  33 
-9  -14 
-20  20 
8  17 
4  19 
-4  -8 
14  -4 
5  34 
13  24 
-10  -28 
26  33 
7  -2 
-14  15 
19  1 
55  -2 
27  6 
49  57 
9  -16 
12  -14 
-23  -14 
-9  -45 
-5  30 
2  35 
1  -8 
14  4 
-7  -14 
-1  37 
-21  24 
-8  44 
23  29 
6  12 
41  26 
0  44 
19  22 
67  21 
4  20 
-7  -1 
-1  -25 
-33  14 
3  28 
6  7 
24  -35 
-4  15 
-8  27 
-5  13 
14  29 
17  14 
53  4 
3  -5 
-4  4 
10  18 
23  1 
11  33 
21  31 
12  34 
30  37 
20  8 
-49  -24 
14  -34 
7  11 
1  16 
-13  37 
14  10 
39  29 
-22  17 
0  46 
38  15 
40  11 
-10  55 
56  -7 
23  45 
1  32 
43  37 
-7  14 
24  12 
-14  12 
-20  20 
-28  26 
29  26 
5  61 
-23  25 
-15  -7 
6  -45 
-1  62 
2  30 
62  2 
-7  -15 
50  53 
-5  9 
2  9 
29  18 
18  13 
23  -32 
-8  44 
25  -10 
11  -6 
-13  33 
6  14 
22  11 
15  10 
69  44 
34  2 
-20  3 
6  8 
6  31 
37  33 
-1  17 
6  25 
-4  1 
4  -10 
47  -14 
34  -36 
-7  21 
39  18 
5  11 
-11  67 
-4  30 
-10  -15 
-21  19 
5  15 
6  23 
-7  -10 
10  -6 
2  33 
11  24 
-10  -28 
24  31 
7  -2 
-16  14 
18  3 
55  -3 
26  6 
48  57 
8  -16 
13  -11 
-21  -10 
-11  -48 
-6  31 
4  35 
-2  -11 
20  4 
-7  -14 
-3  38 
-23  26 
-11  43 
23  33 
8  10 
42  23 
3  44 
15  21 
72  21 
6  18 
-7  -1 
-3  -25 
-31  16 
0  29 
4  4 
24  -41 
-2  20 
-7  23 
-4  16 
15  29 
18  17 
52  6 
1  -5 
-4  5 
8  17 
23  1 
11  35 
24  30 
12  34 
29  38 
19  10 
-46  -24 
11  -36 
7  13 
1  14 
-16  35 
14  10 
40  28 
-23  18 
0  44 
39  18 
47  11 
-7  53 
62  -10 
21  46 
1  29 
45  38 
-9  14 
30  11 
-14  11 
-18  22 
-27  26 
26  25 
7  61 
-22  31 
-16  -9 
1  -48 
-1  63 
8  30 
61  5 
-10  -17 
49  57 
-5  11 
3  10 
31  21 
19  8 
24  -31 
-9  43 
26  -6 
9  -8 
-13  34 
5  14 
25  10 
12  13 
69  44 
33  1 
-20  3 
9  6 
11  30 
36  31 
-5  18 
4  19 
2  1 
9  -13 
47  -14 
35  -40 
-12  22 
41  20 
5  13 
-7  74 
-2  30 
-10  -15 
-26  20 
6  15 
3  23 
-8  -11 
8  -5 
1  31 
13  25 
-6  -35 
24  32 
7  -2 
-15  16 
14  2 
58  5 
26  8 
50  61 
8  -16 
12  -13 
-25  -10 
-10  -48 
-5  33 
2  35 
-2  -8 
25  11 
-6  -14 
-7  36 
-20  26 
-11  43 
22  33 
8  14 
42  19 
-1  42 
17  25 
68  21 
6  18 
-7  -1 
-3  -27 
-31  16 
2  28 
1  10 
23  -41 
-2  18 
-9  23 
-2  17 
14  30 
19  15 
52  5 
3  -3 
-5  9 
7  16 
23  1 
11  36 
20  31 
9  34 
28  37 
17  15 
-42  -25 
13  -36 
9  12 
-4  8 
-13  37 
17  14 
38  31 
-25  18 
-1  43 
39  17 
47  9 
-10  52 
61  -7 
22  42 
2  29 
47  38 
-10  14 
33  7 
-13  10 
-21  19 
-25  25 
21  24 
9  59 
-21  30 
-16  -9 
6  -48 
-2  65 
7  31 
61  5 
-12  -19 
50  58 
-5  11 
1  12 
34  20 
18  3 
23  -32 
-6  44 
22  -6 
12  -7 
-15  34 
7  13 
24  12 
14  12 
69  42 
32  4 
-23  8 
9  6 
10  25 
38  32 
-5  17 
6  20 
6  -1 
6  -13 
46  -12 
38  -40 
-13  21 
39  18 
2  13 
-7  73 
-5  33 
-9  -8 
-24  21 
3  15 
4  24 
-8  -14 
14  -7 
2  28 
14  26 
-9  -36 
24  33 
9  -3 
-14  14 
14  2 
60  4 
24  10 
53  63 
9  -16 
13  -14 
-22  -10 
-9  -49 
-3  38 
4  35 
-4  -7 
25  11 
-7  -15 
-7  36 
-13  24 
-11  47 
20  34 
6  10 
43  19 
-3  45 
16  32 
70  21 
7  19 
-7  -1 
1  -25 
-31  16 
0  28 
-1  5 
24  -40 
-3  20 
-9  21 
0  18 
15  30 
19  16 
53  5 
4  -5 
-1  10 
6  18 
16  -3 
10  37 
27  29 
11  34 
28  35 
16  14 
-43  -25 
17  -35 
12  13 
-2  9 
-12  37 
15  13 
42  28 
-29  19 
2  42 
38  17 
44  4 
-7  48 
61  -10 
23  43 
8  30 
49  34 
-12  11 
27  10 
-13  11 
-22  22 
-28  24 
18  23 
10  58 
-22  31 
-16  -9 
6  -48 
1  65 
9  32 
59  3 
-9  -16 
49  56 
-5  9 
3  9 
34  18 
21  8 
24  -31 
-5  43 
25  -7 
13  -7 
-14  30 
6  15 
24  10 
10  12 
67  41 
32  1 
-23  8 
9  7 
10  25 
38  32 
-3  14 
4  22 
3  -3 
8  -13 
47  -12 
38  -40 
-16  20 
35  18 
3  8 
-10  74 
-4  32 
-9  -7 
-21  19 
1  17 
3  25 
-8  -13 
13  -14 
1  29 
10  31 
-4  -33 
21  33 
9  -3 
-17  15 
14  2 
57  10 
27  13 
50  64 
13  -16 
15  -9 
-25  -15 
-8  -49 
-1  42 
7  38 
-2  -7 
22  13 
-6  -16 
-9  32 
-10  21 
-14  47 
25  34 
3  13 
44  19 
0  43 
18  24 
69  23 
7  19 
-7  -4 
2  -25 
-28  14 
0  28 
0  4 
23  -39 
-2  19 
-10  17 
-3  18 
15  33 
19  17 
50  11 
3  -7 
-2  11 
5  22 
19  -1 
9  39 
27  31 
9  34 
29  38 
17  14 
-42  -25 
20  -32 
10  15 
2  8 
-10  38 
16  12 
43  24 
-31  23 
0  45 
39  10 
47  7 
-6  52 
62  -7 
21  43 
5  30 
50  34 
-11  16 
24  11 
-14  10 
-23  25 
-28  27 
21  26 
8  57 
-24  30 
-16  -7 
6  -48 
-2  67 
13  33 
58  3 
-9  -17 
47  59 
-5  9 
5  8 
32  18 
23  10 
24  -30 
-3  39 
25  -6 
9  -8 
-15  26 
7  13 
22  10 
11  12 
77  49 
33  1 
-23  10 
10  8 
10  27 
38  33 
-3  15 
4  22 
3  -3 
6  -12 
50  -11 
38  -43 
-14  18 
37  16 
4  9 
-9  75 
-6  30 
-12  -10 
-18  17 
0  20 
0  23 
-3  -12 
14  -14 
5  29 
10  32 
1  -35 
22  35 
16  -4 
-16  15 
14  2 
59  13 
26  14 
49  62 
16  -19 
18  -11 
-28  -12 
-5  -50 
-1  43 
7  36 
1  -7 
20  11 
-8  -16 
-7  25 
-7  24 
-14  47 
25  35 
4  12 
42  20 
-5  48 
19  24 
67  21 
3  16 
-7  -4 
3  -25 
-32  12 
0  29 
-2  6 
24  -41 
-9  16 
-9  19 
-2  20 
14  29 
24  19 
47  10 
4  -8 
-3  14 
7  19 
20  -3 
11  35 
27  31 
9  36 
27  38 
13  16 
-42  -25 
20  -35 
9  14 
1  8 
-5  30 
15  13 
44  25 
-30  21 
-1  42 
41  11 
50  5 
-10  49 
62  -12 
22  42 
5  30 
54  36 
-12  15 
24  9 
-14  12 
-23  25 
-28  26 
19  23 
10  55 
-23  30 
-20  -6 
3  -47 
-8  67 
12  33 
58  5 
-11  -16 
49  57 
-12  10 
1  12 
29  19 
24  10 
24  -32 
-1  35 
25  -5 
7  -7 
-14  28 
10  11 
18  12 
9  12 
81  43 
32  0 
-21  10 
15  9 
13  28 
37  35 
-4  16 
1  25 
3  -3 
6  -13 
49  -13 
38  -43 
-21  19 
37  12 
-1  9 
-5  77 
-9  30 
-13  -6 
-19  13 
2  20 
-2  23 
-2  -9 
14  -15 
3  28 
13  33 
-3  -36 
22  35 
15  -2 
-16  15 
13  5 
60  8 
26  14 
52  61 
16  -19 
20  -14 
-29  -9 
-5  -49 
0  42 
7  37 
2  -7 
20  11 
-9  -17 
-9  24 
-8  24 
-13  49 
26  38 
2  14 
40  20 
-4  48 
18  27 
67  21 
6  15 
-9  -3 
3  -25 
-37  11 
3  30 
-4  -3 
24  -40 
-11  18 
-7  19 
0  17 
13  26 
26  17 
45  12 
6  -10 
-4  12 
7  16 
21  -2 
9  33 
26  31 
11  37 
23  44 
14  16 
-42  -25 
22  -38 
8  15 
-3  12 
-4  28 
15  13 
40  24 
-32  24 
2  43 
38  9 
49  4 
-10  52 
63  -7 
23  48 
8  30 
48  37 
-13  11 
25  11 
-16  11 
-21  26 
-27  27 
17  24 
7  50 
-26  32 
-19  -7 
2  -47 
-10  68 
13  33 
57  5 
-12  -15 
49  58 
-12  11 
7  6 
29  19 
27  14 
29  -33 
-2  37 
24  -11 
8  -8 
-14  27 
9  12 
15  9 
9  15 
77  47 
32  6 
-22  13 
11  12 
10  35 
37  35 
-3  14 
0  23 
3  -1 
10  -14 
50  -15 
38  -42 
-21  23 
32  13 
-3  0 
-4  79 
-8  27 
-15  -6 
-19  10 
-1  19 
-1  22 
-1  -10 
14  -16 
6  32 
13  34 
-1  -35 
23  36 
10  -3 
-18  19 
13  5 
60  8 
27  13 
50  61 
17  -14 
21  -15 
-30  -7 
-5  -49 
-2  40 
6  39 
1  -9 
22  11 
-7  -16 
-11  23 
-7  29 
-13  48 
26  35 
6  14 
44  19 
-3  53 
20  26 
71  15 
1  12 
-11  -6 
3  -23 
-40  9 
2  28 
-2  5 
22  -40 
-13  18 
-7  19 
0  20 
19  27 
25  14 
41  16 
8  -10 
-1  9 
6  18 
25  2 
13  26 
25  30 
12  34 
24  43 
13  14 
-42  -25 
22  -38 
11  15 
-5  13 
0  28 
17  14 
38  25 
-31  24 
0  51 
36  8 
50  3 
-12  52 
62  -9 
22  52 
5  29 
47  33 
-11  13 
26  10 
-19  11 
-22  23 
-31  26 
19  23 
4  49 
-29  32 
-17  -3 
1  -48 
-14  67 
13  33 
60  6 
-14  -15 
47  58 
-7  7 
3  4 
30  22 
26  14 
28  -33 
0  37 
27  -12 
9  -8 
-13  27 
10  12 
14  10 
8  17 
79  42 
32  4 
-25  9 
15  12 
10  35 
37  35 
-8  8 
1  26 
2  -2 
10  -15 
50  -22 
38  -40 
-23  19 
32  13 
-5  -2 
-6  76 
-6  26 
-14  -1 
-15  12 
-2  18 
-1  25 
-2  -13 
13  -15 
-1  30 
11  33 
0  -37 
25  33 
10  1 
-21  17 
12  6 
67  10 
23  13 
51  63 
11  -16 
19  -14 
-28  -11 
-5  -49 
0  45 
7  41 
-3  -12 
16  12 
-12  -19 
-5  25 
-7  24 
-19  43 
27  34 
4  11 
44  19 
-1  55 
21  25 
73  16 
2  13 
-11  -4 
7  -24 
-34  15 
3  28 
-3  5 
19  -41 
-13  17 
-6  17 
0  20 
19  24 
23  17 
40  14 
8  -10 
-5  11 
6  20 
25  -2 
12  29 
23  33 
9  36 
24  42 
13  14 
-43  -25 
21  -39 
10  15 
-4  12 
-2  33 
17  18 
38  20 
-31  19 
-3  53 
42  9 
51  3 
-11  54 
59  -10 
25  54 
4  30 
47  33 
-14  15 
27  10 
-20  11 
-22  25 
-32  31 
20  23 
2  48 
-25  29 
-16  0 
1  -48 
-17  72 
13  33 
59  3 
-14  -13 
51  57 
-6  6 
0  4 
31  24 
23  15 
26  -35 
-1  37 
30  -8 
14  -10 
-14  28 
4  13 
19  9 
9  18 
82  43 
33  7 
-27  9 
18  10 
7  39 
32  38 
-8  8 
3  29 
2  0 
10  -15 
50  -23 
35  -42 
-22  17 
31  13 
-2  3 
-11  75 
-5  26 
-15  2 
-14  12 
-5  19 
0  26 
-1  -14 
14  -16 
-2  31 
15  30 
-3  -41 
22  31 
9  3 
-18  17 
12  7 
65  11 
22  13 
53  65 
12  -17 
17  -16 
-30  -9 
-4  -46 
3  44 
8  44 
0  -12 
15  13 
-16  -21 
0  25 
-7  24 
-16  44 
25  30 
4  11 
43  19 
-6  56 
21  25 
73  16 
-4  13 
-10  -2 
3  -19 
-38  15 
1  33 
-6  2 
19  -41 
-7  15 
-7  19 
-2  18 
19  27 
23  17 
42  13 
7  -10 
1  11 
2  15 
25  1 
10  31 
26  34 
6  38 
24  42 
12  12 
-43  -25 
19  -41 
12  17 
-5  13 
-6  30 
19  17 
42  21 
-31  18 
-3  54 
44  10 
51  4 
-9  52 
58  -15 
26  51 
4  31 
47  33 
-13  18 
27  8 
-23  8 
-21  23 
-36  32 
20  24 
3  52 
-25  30 
-13  -1 
5  -46 
-11  74 
11  35 
58  2 
-13  -13 
53  53 
-8  4 
0  6 
28  24 
23  15 
22  -34 
0  38 
28  -9 
14  -8 
-13  26 
4  9 
17  5 
11  19 
81  43 
31  6 
-28  9 
17  13 
5  38 
30  41 
-11  7 
-4  31 
0  0 
10  -15 
48  -23 
38  -40 
-22  15 
32  14 
-2  1 
-10  75 
-5  20 
-13  1 
-13  11 
-7  27 
-1  22 
-1  -10 
14  -15 
-4  30 
16  32 
-3  -41 
21  32 
9  1 
-18  19 
9  6 
63  13 
26  12 
53  69 
10  -11 
20  -17 
-32  -8 
-6  -44 
3  44 
8  41 
3  -12 
16  8 
-19  -20 
0  25 
-8  23 
-16  44 
28  27 
6  13 
38  17 
-7  56 
21  25 
76  17 
-5  18 
-10  -2 
3  -19 
-37  16 
1  28 
-6  2 
20  -43 
-6  13 
-7  19 
-1  18 
16  32 
19  22 
46  12 
2  -9 
-1  10 
1  13 
23  1 
11  35 
23  35 
7  38 
19  43 
13  10 
-43  -25 
20  -40 
14  16 
-2  10 
-7  29 
16  19 
41  19 
-31  14 
-5  53 
46  19 
49  4 
-7  56 
59  -11 
28  50 
4  29 
45  34 
-11  17 
26  7 
-23  13 
-22  23 
-38  30 
21  23 
6  54 
-27  27 
-14  0 
8  -45 
-12  73 
13  33 
58  5 
-13  -14 
53  45 
-6  4 
-2  4 
31  24 
26  18 
20  -34 
-3  39 
24  -9 
15  -9 
-14  30 
1  12 
17  5 
12  13 
79  45 
32  4 
-30  12 
18  11 
7  39 
30  38 
-11  7 
-5  30 
3  -4 
9  -19 
49  -24 
42  -38 
-21  15 
33  14 
0  3 
-9  73 
-5  18 
-10  1 
-16  10 
-7  24 
1  26 
-1  -8 
15  -11 
-1  26 
14  33 
-1  -43 
22  37 
12  0 
-15  16 
6  8 
61  11 
25  10 
50  69 
7  -10 
19  -16 
-33  -9 
-8  -42 
2  46 
9  38 
0  -12 
21  9 
-13  -19 
-8  27 
-10  22 
-17  44 
26  26 
3  11 
38  17 
-8  54 
26  21 
78  15 
-5  20 
-10  -3 
2  -21 
-39  15 
1  25 
-6  2 
20  -41 
-3  14 
-5  17 
-1  17 
17  33 
18  24 
47  13 
-5  -15 
-2  9 
5  15 
24  2 
12  39 
23  36 
11  39 
18  43 
15  7 
-43  -26 
20  -41 
14  16 
-2  10 
-7  31 
18  20 
46  19 
-30  15 
-8  53 
47  18 
49  3 
-7  57 
66  -12 
26  50 
4  24 
46  35 
-10  18 
24  9 
-21  11 
-21  23 
-38  31 
23  24 
1  55 
-28  28 
-15  14 
11  -47 
-14  67 
12  36 
59  10 
-13  -14 
52  46 
-6  2 
0  4 
33  24 
27  21 
20  -37 
-1  39 
21  -6 
15  -9 
-18  33 
3  8 
13  5 
11  15 
81  45 
30  5 
-29  12 
17  15 
6  38 
32  38 
-11  4 
-6  32 
2  -5 
9  -19 
49  -28 
42  -38 
-17  15 
33  14 
0  -3 
-11  67 
-1  24 
-9  4 
-13  10 
-8  24 
0  28 
-6  -10 
13  -13 
-2  27 
19  29 
0  -42 
24  31 
13  1 
-11  18 
6  5 
66  12 
26  11 
50  67 
12  -10 
17  -15 
-35  -9 
-9  -44 
0  46 
10  37 
-2  -7 
25  10 
-12  -23 
-7  23 
-12  24 
-17  45 
29  26 
6  14 
38  18 
-8  54 
24  15 
78  17 
-8  27 
-6  -2 
3  -19 
-39  11 
1  24 
-3  -2 
22  -41 
-2  11 
-4  17 
-1  19 
12  29 
18  27 
45  16 
-7  -16 
-6  10 
3  15 
20  4 
12  38 
22  37 
10  37 
20  45 
20  11 
-43  -25 
21  -48 
13  16 
-5  17 
-7  26 
18  20 
46  19 
-32  16 
-11  54 
50  18 
49  4 
-7  59 
67  -13 
27  52 
2  22 
47  34 
-9  16 
23  10 
-20  3 
-21  23 
-41  35 
24  24 
2  53 
-29  33 
-16  12 
14  -48 
-14  72 
14  36 
58  12 
-9  -8 
56  47 
-6  0 
2  9 
33  27 
27  21 
19  -34 
-5  41 
21  -6 
15  -10 
-17  28 
2  5 
14  4 
12  13 
81  46 
32  4 
-31  6 
18  15 
3  33 
27  38 
-13  2 
-9  34 
7  -7 
9  -17 
47  -31 
42  -40 
-15  14 
33  14 
-1  -3 
-6  66 
-2  23 
-7  1 
-18  8 
-8  26 
4  29 
-7  -12 
15  -15 
-5  33 
18  30 
4  -41 
28  30 
9  -2 
-11  16 
9  12 
66  15 
26  14 
51  71 
10  -9 
19  -16 
-34  -10 
-12  -48 
2  43 
11  35 
-4  -4 
26  7 
-12  -23 
-7  25 
-11  21 
-16  48 
31  23 
4  15 
40  17 
-7  53 
22  15 
79  22 
-7  31 
-5  -2 
3  -19 
-40  8 
-3  18 
-2  2 
20  -40 
-3  5 
-2  12 
-1  19 
11  33 
17  26 
46  14 
-7  -15 
-4  10 
4  15 
21  5 
12  39 
27  38 
9  36 
24  45 
25  11 
-45  -24 
21  -48 
7  21 
-7  16 
-10  30 
13  21 
45  18 
-38  14 
-11  53 
49  15 
48  4 
-5  58 
67  -9 
26  51 
0  23 
51  31 
-5  13 
21  11 
-19  6 
-22  23 
-42  35 
24  24 
3  53 
-28  34 
-15  15 
15  -49 
-17  68 
14  36 
57  15 
-12  -10 
59  50 
-6  0 
2  10 
32  27 
32  21 
17  -36 
-8  42 
22  -7 
15  -10 
-19  29 
3  4 
16  6 
14  12 
80  44 
30  3 
-31  12 
16  13 
4  30 
27  36 
-9  3 
-10  35 
7  -10 
9  -16 
46  -33 
40  -40 
-14  12 
33  13 
0  -3 
-6  66 
-2  20 
-7  -1 
-16  11 
-6  30 
1  30 
-10  -15 
21  -12 
-8  29 
18  31 
4  -40 
26  30 
11  -5 
-12  15 
9  6 
69  14 
23  16 
50  67 
13  -9 
18  -11 
-35  -10 
-16  -52 
5  42 
13  34 
-5  0 
27  6 
-12  -23 
-7  27 
-12  22 
-14  46 
33  23 
3  15 
38  17 
-10  52 
22  15 
77  22 
-9  27 
-3  -6 
3  -19 
-40  8 
-3  19 
-1  -3 
23  -37 
-6  5 
-3  14 
0  20 
14  32 
18  30 
44  13 
-6  -15 
-4  13 
6  12 
25  6 
12  40 
27  38 
12  38 
24  42 
24  9 
-45  -20 
21  -49 
5  21 
-5  18 
-15  31 
13  21 
46  19 
-36  15 
-10  54 
51  16 
49  -3 
-7  59 
70  -8 
31  52 
-1  22 
47  31 
-10  11 
22  15 
-16  5 
-24  28 
-42  35 
21  24 
2  57 
-29  31 
-12  13 
15  -47 
-22  65 
16  36 
59  15 
-12  -9 
59  49 
-6  2 
1  12 
35  25 
30  21 
19  -33 
-6  44 
23  -7 
15  -10 
-21  30 
3  4 
17  -2 
13  5 
78  43 
30  4 
-28  13 
18  13 
4  31 
28  37 
-8  4 
-11  35 
5  -5 
7  -19 
49  -33 
44  -41 
-15  14 
36  12 
0  -2 
-7  68 
-11  18 
-6  -3 
-15  10 
-6  30 
2  30 
-11  -14 
22  -12 
-8  26 
18  29 
6  -42 
24  32 
10  -3 
-8  14 
7  6 
70  15 
26  20 
48  70 
11  -5 
18  -9 
-38  -9 
-14  -55 
8  44 
14  36 
-1  -1 
27  7 
-11  -24 
-5  21 
-11  24 
-19  46 
31  24 
4  16 
38  18 
-6  46 
20  14 
80  22 
-7  27 
-4  -10 
1  -20 
-45  11 
1  15 
-2  -3 
21  -41 
0  6 
-2  15 
1  25 
11  35 
15  31 
46  12 
-2  -13 
-1  13 
6  15 
27  10 
7  44 
25  36 
10  35 
25  48 
21  3 
-37  -21 
19  -51 
1  20 
-4  16 
-16  33 
13  21 
48  17 
-37  15 
-12  55 
55  18 
49  -4 
-11  63 
70  -8 
30  54 
-2  25 
44  32 
-16  10 
24  15 
-17  8 
-24  27 
-43  35 
24  25 
0  58 
-30  25 
-13  13 
17  -46 
-22  64 
15  37 
59  15 
-14  -10 
55  47 
-4  1 
-2  3 
33  27 
29  24 
19  -36 
-6  46 
21  -9 
11  -8 
-18  22 
4  4 
18  0 
12  7 
80  43 
32  4 
-31  14 
16  12 
5  34 
31  37 
-9  3 
-11  35 
6  -6 
10  -19 
49  -33 
43  -43 
-19  12 
36  10 
-2  -3 
-6  70 
-6  16 
-1  -2 
-16  11 
-8  34 
0  31 
-13  -19 
17  -14 
-3  24 
15  30 
5  -39 
23  33 
15  1 
-10  8 
6  8 
72  13 
22  15 
48  70 
10  -2 
18  -9 
-35  -9 
-16  -54 
4  39 
13  36 
-1  -4 
25  10 
-11  -21 
-6  22 
-12  24 
-20  44 
31  24 
5  15 
41  13 
-13  51 
24  9 
83  21 
-12  31 
-4  -12 
0  -20 
-42  13 
2  13 
2  -1 
19  -38 
-1  5 
-4  16 
-1  29 
11  35 
12  33 
46  10 
0  -12 
-3  14 
3  16 
31  13 
5  43 
23  34 
13  34 
24  51 
23  5 
-36  -20 
17  -47 
2  18 
-8  18 
-15  32 
12  20 
50  18 
-36  19 
-12  55 
59  18 
49  -4 
-13  61 
69  -14 
32  51 
-6  26 
41  27 
-26  12 
23  18 
-19  11 
-27  24 
-43  35 
24  24 
-1  59 
-30  25 
-18  13 
16  -47 
-22  62 
17  38 
58  15 
-13  -14 
60  45 
4  3 
-1  3 
30  29 
28  22 
18  -37 
-8  47 
25  -9 
13  -7 
-24  21 
3  4 
18  0 
9  7 
84  50 
33  8 
-30  15 
18  13 
6  34 
29  39 
-12  4 
-9  34 
7  -7 
9  -17 
48  -33 
44  -45 
-24  6 
35  9 
0  -3 
-6  70 
-10  17 
2  -5 
-15  15 
-11  35 
-2  31 
-9  -17 
14  -18 
0  26 
16  32 
7  -43 
24  33 
13  1 
-10  7 
6  8 
73  16 
21  13 
49  74 
15  -7 
17  -11 
-35  -6 
-19  -55 
6  38 
15  38 
-2  -3 
23  10 
-12  -23 
-8  24 
-13  24 
-19  39 
33  27 
1  15 
43  15 
-14  45 
25  10 
82  21 
-13  30 
-5  -9 
0  -20 
-44  14 
1  12 
3  -1 
19  -36 
0  4 
-5  16 
0  29 
13  34 
15  33 
45  6 
0  -12 
-3  15 
1  15 
33  13 
7  46 
26  34 
12  34 
23  48 
20  4 
-32  -19 
19  -49 
-1  17 
-7  16 
-16  30 
14  22 
50  17 
-34  18 
-10  55 
63  17 
48  -3 
-11  60 
68  -15 
29  52 
-11  23 
45  25 
-29  15 
23  15 
-19  8 
-26  24 
-42  32 
22  22 
-7  59 
-27  27 
-18  11 
16  -44 
-20  63 
19  39 
57  14 
-14  -12 
58  45 
3  4 
-3  5 
31  24 
27  21 
18  -37 
-11  46 
25  -12 
15  -11 
-25  18 
-1  2 
20  5 
9  7 
81  52 
28  13 
-33  13 
19  10 
4  29 
32  44 
-10  1 
-9  37 
6  -10 
9  -16 
46  -35 
44  -47 
-18  8 
33  3 
-2  -3 
-1  65 
-11  16 
2  -5 
-15  10 
-7  35 
-6  32 
-10  -17 
15  -19 
-3  29 
14  30 
4  -45 
28  32 
11  1 
-10  12 
10  8 
74  17 
23  13 
51  73 
10  -9 
15  -9 
-31  -10 
-21  -57 
6  40 
14  38 
-2  0 
24  12 
-11  -26 
-8  26 
-12  24 
-11  38 
33  25 
0  14 
43  16 
-15  44 
25  11 
79  15 
-14  32 
-5  -10 
4  -21 
-43  13 
4  11 
-1  -2 
26  -39 
3  3 
-12  13 
-1  30 
16  32 
13  33 
47  6 
-2  -7 
-5  17 
4  10 
33  14 
11  50 
24  35 
12  33 
25  51 
20  3 
-24  -19 
24  -51 
-2  17 
-7  16 
-14  28 
14  22 
51  17 
-33  18 
-11  54 
61  19 
50  1 
-7  59 
69  -13 
29  52 
-11  23 
44  27 
-32  17 
26  14 
-23  8 
-28  27 
-43  35 
23  22 
-8  58 
-28  28 
-17  8 
18  -40 
-19  65 
20  37 
57  14 
-14  -13 
59  47 
6  5 
-6  6 
31  24 
21  26 
19  -38 
-11  46 
20  -16 
15  -10 
-25  21 
0  0 
19  3 
12  10 
87  50 
30  12 
-36  11 
18  12 
0  34 
33  45 
-11  2 
-10  37 
3  -7 
9  -16 
50  -35 
48  -50 
-18  8 
33  4 
-1  -5 
3  59 
-11  16 
5  -8 
-14  12 
-3  33 
-6  30 
-6  -16 
14  -20 
0  28 
14  33 
4  -41 
25  30 
13  1 
-8  14 
13  7 
71  15 
21  13 
54  76 
10  -5 
21  -8 
-33  -9 
-22  -53 
6  38 
17  38 
-2  3 
25  13 
-9  -28 
-6  29 
-12  22 
-5  38 
35  25 
1  10 
43  15 
-14  46 
27  13 
78  15 
-15  34 
-5  -9 
2  -20 
-37  11 
-1  4 
-3  -1 
26  -40 
3  3 
-11  16 
-4  28 
20  31 
7  30 
46  7 
-4  -4 
-5  18 
3  13 
34  10 
10  52 
27  36 
9  32 
24  51 
24  4 
-18  -20 
22  -52 
-2  15 
-6  16 
-13  26 
10  25 
50  18 
-32  17 
-7  53 
57  20 
52  0 
-7  59 
66  -12 
28  52 
-9  24 
44  29 
-32  18 
25  14 
-23  5 
-28  24 
-43  34 
25  22 
-10  62 
-28  28 
-17  8 
20  -42 
-18  62 
19  39 
59  10 
-15  -10 
61  45 
6  13 
-8  7 
29  27 
20  23 
19  -38 
-13  47 
18  -17 
16  -6 
-22  20 
1  -1 
22  3 
11  12 
90  55 
28  10 
-35  11 
21  6 
3  35 
33  47 
-9  3 
-9  38 
6  -5 
6  -14 
48  -39 
46  -50 
-20  8 
33  6 
-2  -2 
-2  59 
-13  18 
2  -7 
-14  14 
-5  33 
-3  30 
-6  -16 
14  -22 
-2  28 
9  34 
4  -41 
26  32 
11  1 
-8  14 
13  5 
72  13 
21  12 
54  77 
11  -5 
19  -11 
-36  -8 
-20  -54 
6  38 
23  37 
-3  4 
27  13 
-10  -31 
-5  30 
-11  24 
-3  38 
34  26 
2  10 
41  15 
-15  38 
27  11 
82  15 
-16  35 
1  -9 
-1  -16 
-42  11 
-1  3 
-6  0 
28  -38 
3  4 
-11  18 
-5  29 
24  22 
6  31 
48  10 
-6  -4 
-2  17 
-3  8 
38  10 
18  49 
26  39 
7  28 
28  51 
23  4 
-17  -19 
18  -49 
-1  15 
-7  16 
-14  28 
10  25 
49  16 
-32  22 
-12  53 
55  18 
50  1 
-9  50 
69  -14 
27  47 
-8  24 
44  30 
-29  23 
26  15 
-22  5 
-29  24 
-43  35 
27  17 
-7  66 
-30  28 
-16  4 
21  -41 
-24  68 
19  39 
58  13 
-12  -14 
53  45 
2  13 
-9  7 
30  27 
22  23 
20  -36 
-15  47 
21  -15 
15  -7 
-22  20 
0  3 
20  7 
12  14 
90  51 
25  12 
-37  9 
21  4 
2  35 
32  46 
-11  4 
-10  38 
4  -11 
3  -15 
47  -39 
45  -49 
-20  9 
33  4 
0  -3 
2  60 
-13  18 
2  -12 
-13  12 
-5  30 
1  26 
-8  -13 
10  -25 
-3  25 
11  39 
4  -41 
24  31 
8  4 
-7  14 
18  3 
71  13 
20  11 
55  81 
11  -6 
15  -9 
-39  -12 
-22  -58 
4  40 
23  37 
0  5 
25  14 
-12  -28 
-8  29 
-13  24 
0  38 
36  21 
2  10 
41  13 
-12  37 
31  12 
81  11 
-16  35 
4  -12 
0  -14 
-41  9 
-1  3 
-6  6 
32  -40 
3  3 
-10  18 
-5  31 
27  18 
7  31 
47  8 
-8  -7 
0  14 
-2  5 
37  15 
18  47 
21  43 
7  26 
29  56 
26  7 
-17  -19 
16  -50 
-6  13 
-6  12 
-12  27 
10  25 
49  17 
-32  24 
-16  53 
55  18 
47  1 
-8  48 
72  -14 
25  46 
-9  23 
43  35 
-30  23 
27  13 
-23  5 
-31  24 
-42  35 
27  17 
-8  64 
-23  21 
-15  3 
22  -31 
-24  66 
19  38 
53  14 
-8  -10 
51  44 
3  13 
-7  12 
30  28 
20  24 
20  -34 
-14  48 
19  -17 
12  -13 
-22  20 
1  8 
21  11 
18  11 
91  50 
22  13 
-40  5 
21  4 
4  35 
34  46 
-11  1 
-11  39 
3  -12 
4  -16 
49  -38 
47  -50 
-22  10 
34  5 
1  -7 
-2  63 
-14  18 
2  -9 
-14  11 
-5  29 
5  30 
-7  -13 
11  -27 
-7  26 
10  37 
4  -41 
24  31 
9  3 
-9  14 
17  4 
73  13 
20  11 
53  79 
10  -5 
16  -8 
-38  -12 
-22  -56 
5  44 
25  34 
0  3 
30  14 
-7  -31 
-12  30 
-13  24 
6  34 
40  17 
3  9 
41  12 
-12  37 
29  14 
81  5 
-18  35 
3  -16 
-5  -10 
-35  11 
-1  2 
-7  4 
34  -39 
2  3 
-7  21 
-2  31 
25  20 
8  31 
48  10 
-5  -7 
-3  13 
-1  5 
35  22 
19  49 
20  44 
6  28 
29  54 
28  8 
-17  -19 
21  -52 
-4  13 
-2  13 
-11  26 
10  25 
50  18 
-30  21 
-15  50 
60  17 
47  1 
-7  45 
71  -16 
23  45 
-11  21 
46  30 
-31  22 
31  17 
-20  5 
-32  25 
-43  34 
27  18 
-6  66 
-23  28 
-19  4 
19  -30 
-22  67 
19  37 
50  14 
-13  -9 
51  43 
3  15 
-4  11 
29  27 
19  23 
18  -38 
-12  47 
22  -18 
14  -10 
-22  17 
-1  12 
25  11 
20  8 
94  45 
23  13 
-43  5 
21  5 
2  35 
32  46 
-8  1 
-11  36 
3  -12 
3  -16 
48  -36 
50  -49 
-29  6 
32  4 
2  -7 
2  57 
-20  20 
1  -8 
-16  15 
-3  29 
2  31 
-11  -5 
13  -27 
-11  30 
9  39 
7  -41 
20  31 
9  3 
-11  12 
18  0 
73  16 
17  10 
51  75 
14  -4 
14  -8 
-39  -9 
-20  -54 
4  39 
27  33 
-1  6 
32  13 
-8  -31 
-13  34 
-13  27 
7  30 
39  19 
4  9 
42  9 
-12  41 
30  12 
80  3 
-15  34 
4  -15 
-5  -10 
-36  10 
-1  2 
-10  3 
34  -38 
4  3 
-10  21 
-4  28 
27  18 
9  26 
46  12 
-7  -7 
-2  15 
-2  5 
33  19 
15  52 
23  44 
6  28 
30  57 
26  7 
-17  -19 
24  -51 
-5  13 
-3  15 
-10  27 
10  25 
49  18 
-25  20 
-13  53 
58  18 
49  3 
-7  45 
73  -16 
25  42 
-10  22 
43  28 
-31  21 
32  19 
-20  3 
-31  24 
-40  37 
22  20 
-6  65 
-21  26 
-11  2 
16  -28 
-20  69 
19  37 
54  15 
-16  -5 
53  43 
3  17 
-5  10 
32  28 
17  24 
16  -41 
-14  45 
23  -15 
18  -9 
-22  17 
0  8 
25  13 
20  4 
93  46 
23  13 
-42  2 
19  2 
3  35 
34  44 
-6  -7 
-11  37 
3  -10 
0  -15 
51  -36 
52  -51 
-28  7 
32  3 
2  -5 
-1  59 
-23  18 
2  -7 
-15  12 
-1  27 
-3  33 
-9  -5 
11  -27 
-7  31 
9  39 
8  -43 
12  26 
8  4 
-9  8 
15  1 
73  16 
15  9 
52  74 
14  -4 
13  -13 
-35  -9 
-15  -51 
1  43 
30  38 
-5  5 
25  10 
-6  -34 
-14  34 
-13  24 
9  27 
38  20 
1  12 
42  11 
-11  40 
30  15 
75  4 
-14  39 
1  -15 
-7  -6 
-34  10 
-1  3 
-8  4 
35  -38 
0  0 
-15  20 
0  26 
29  16 
9  27 
47  7 
-9  -10 
-5  18 
-3  8 
33  18 
15  57 
24  42 
7  26 
31  59 
26  7 
-21  -21 
27  -49 
-2  13 
-3  14 
-10  37 
12  29 
49  19 
-30  18 
-16  54 
55  20 
49  3 
-7  44 
73  -17 
26  39 
-14  18 
44  31 
-27  21 
33  19 
-20  5 
-28  26 
-41  37 
21  19 
0  63 
-16  26 
-10  1 
20  -29 
-22  71 
17  40 
48  15 
-16  -5 
53  45 
2  20 
-8  8 
36  30 
21  25 
18  -43 
-16  44 
23  -15 
14  -8 
-20  17 
2  9 
28  10 
19  4 
90  49 
21  13 
-42  3 
16  1 
5  34 
33  46 
-6  -4 
-13  37 
1  -10 
-3  -15 
51  -36 
54  -51 
-27  7 
30  3 
2  -5 
-1  58 
-22  18 
3  -7 
-13  13 
2  28 
-4  36 
-8  -7 
11  -29 
-13  29 
11  38 
9  -42 
14  26 
11  3 
-10  12 
19  3 
72  14 
17  9 
51  75 
13  -4 
15  -15 
-38  -9 
-14  -49 
0  39 
30  35 
-2  5 
25  12 
-6  -36 
-15  35 
-14  23 
9  26 
38  20 
1  11 
41  12 
-13  38 
29  12 
78  6 
-12  37 
0  -16 
-11  -6 
-30  8 
2  6 
-8  4 
34  -38 
-2  2 
-19  20 
1  28 
29  16 
6  28 
49  7 
-11  -6 
-6  18 
-2  7 
34  16 
13  53 
23  41 
8  24 
33  61 
26  7 
-20  -22 
26  -48 
-3  14 
-3  15 
-10  37 
14  24 
47  16 
-30  18 
-18  48 
57  19 
50  1 
-11  43 
71  -17 
23  43 
-14  18 
44  30 
-29  16 
38  22 
-23  5 
-28  27 
-37  37 
15  21 
-8  70 
-7  29 
-11  4 
27  -34 
-23  72 
20  43 
47  14 
-17  -5 
51  44 
2  19 
-11  12 
39  30 
18  25 
18  -43 
-15  41 
23  -16 
15  -7 
-21  19 
2  11 
25  9 
19  2 
93  47 
22  15 
-42  3 
14  2 
10  35 
33  54 
-3  0 
-12  37 
0  -9 
-5  -20 
49  -41 
55  -49 
-33  11 
30  5 
0  -3 
0  60 
-21  17 
1  -9 
-14  15 
4  24 
-5  38 
-11  -7 
13  -32 
-14  34 
13  39 
9  -42 
14  26 
8  2 
-9  10 
20  8 
72  14 
14  10 
51  78 
13  -4 
13  -14 
-44  -8 
-15  -49 
1  39 
31  33 
0  5 
31  12 
-8  -36 
-15  35 
-12  30 
9  26 
38  20 
-3  10 
44  9 
-15  36 
28  12 
80  6 
-13  38 
2  -18 
-9  -6 
-28  6 
0  4 
-13  1 
34  -40 
1  5 
-18  23 
5  33 
29  17 
9  27 
49  12 
-9  -7 
-10  18 
1  6 
31  17 
11  52 
20  40 
9  24 
33  61 
30  5 
-21  -22 
25  -46 
1  11 
-3  14 
-13  34 
15  21 
47  18 
-31  18 
-23  55 
60  14 
47  1 
-9  41 
73  -15 
21  43 
-17  17 
43  28 
-31  13 
40  23 
-22  5 
-31  30 
-37  35 
15  18 
-8  67 
-8  26 
-8  -4 
28  -30 
-25  73 
18  47 
46  12 
-18  -5 
51  44 
4  16 
-10  12 
38  29 
19  24 
18  -40 
-17  44 
20  -16 
15  -9 
-21  19 
-2  11 
24  9 
21  5 
94  44 
21  13 
-43  8 
14  2 
10  37 
32  53 
-2  -3 
-15  38 
-1  -11 
-1  -18 
49  -41 
55  -51 
-34  10 
30  7 
-2  -2 
1  59 
-20  17 
2  -9 
-12  15 
4  22 
-3  38 
-14  -6 
13  -34 
-16  30 
13  39 
8  -43 
14  26 
12  1 
-6  12 
22  8 
71  14 
14  10 
55  77 
16  -4 
11  -17 
-42  -5 
-17  -50 
4  39 
29  35 
-3  5 
26  8 
-7  -36 
-13  33 
-18  33 
9  26 
39  23 
-3  12 
43  9 
-14  35 
30  15 
79  6 
-14  38 
2  -18 
-7  -4 
-27  7 
-1  5 
-15  2 
29  -44 
1  4 
-17  21 
-1  29 
30  12 
9  27 
48  10 
-17  -10 
-11  18 
-1  7 
32  14 
9  52 
18  35 
12  23 
32  60 
30  5 
-16  -16 
26  -46 
1  12 
-3  13 
-12  35 
10  18 
44  15 
-31  24 
-25  53 
56  13 
50  1 
-12  44 
72  -11 
20  46 
-17  16 
41  26 
-30  15 
41  25 
-21  2 
-29  31 
-36  32 
15  18 
-6  72 
-7  24 
-7  -7 
24  -27 
-23  76 
16  45 
45  10 
-18  -5 
54  46 
1  17 
-5  9 
36  30 
19  23 
16  -42 
-18  43 
21  -17 
17  -10 
-26  16 
-2  11 
24  9 
26  5 
93  45 
22  12 
-46  10 
16  1 
11  35 
31  54 
-1  -2 
-13  41 
-2  -7 
0  -19 
51  -43 
55  -50 
-31  11 
33  12 
-2  0 
0  64 
-24  19 
-1  -10 
-11  15 
5  18 
-1  39 
-14  -5 
13  -34 
-20  31 
13  39 
7  -44 
15  24 
14  4 
-7  14 
15  11 
71  16 
16  12 
55  77 
17  -6 
8  -19 
-43  -5 
-17  -51 
1  39 
29  34 
-2  5 
26  7 
-9  -37 
-13  34 
-13  30 
11  26 
39  26 
-6  13 
43  8 
-13  33 
27  17 
77  5 
-16  39 
3  -16 
-7  -4 
-28  5 
-2  4 
-13  8 
30  -43 
-5  5 
-22  23 
-2  32 
29  14 
11  26 
50  6 
-16  -9 
-12  17 
-1  7 
31  13 
12  47 
18  35 
11  24 
31  55 
28  4 
-19  -17 
25  -38 
-2  11 
-6  13 
-13  33 
7  17 
42  15 
-33  21 
-25  53 
58  9 
48  2 
-9  43 
72  -14 
21  45 
-18  17 
39  30 
-30  15 
38  27 
-21  1 
-30  27 
-32  31 
17  15 
-7  67 
-8  24 
-7  -6 
22  -30 
-28  80 
17  50 
46  8 
-19  -9 
53  44 
-2  17 
-10  11 
40  31 
19  25 
16  -39 
-17  44 
27  -11 
15  -10 
-27  13 
-4  11 
21  12 
29  7 
94  46 
23  13 
-43  11 
14  2 
9  32 
33  49 
-1  -1 
-12  41 
-5  -11 
-3  -15 
50  -42 
55  -49 
-28  13 
30  12 
-2  0 
5  71 
-22  18 
3  -12 
-11  16 
5  21 
2  42 
-15  -6 
12  -32 
-17  29 
19  42 
8  -45 
15  25 
13  3 
-6  12 
14  10 
69  6 
13  6 
53  81 
17  -7 
9  -16 
-44  -8 
-16  -50 
0  37 
29  35 
0  3 
31  9 
-11  -37 
-18  33 
-14  34 
10  25 
40  25 
-7  16 
44  9 
-13  34 
23  15 
75  7 
-16  39 
4  -15 
-6  -4 
-29  10 
-2  5 
-13  11 
29  -42 
-7  5 
-22  27 
-2  31 
31  19 
6  27 
53  8 
-17  -12 
-12  17 
2  2 
31  12 
17  41 
17  35 
9  23 
30  57 
29  4 
-18  -17 
27  -44 
-3  9 
-1  3 
-15  32 
9  15 
45  18 
-33  21 
-23  53 
59  8 
48  4 
-7  44 
72  -13 
21  45 
-20  20 
43  29 
-31  16 
37  30 
-20  4 
-29  36 
-40  31 
18  18 
-7  66 
-8  24 
-11  -6 
20  -35 
-27  79 
24  49 
46  8 
-20  -11 
54  44 
-1  17 
-11  12 
42  28 
14  21 
15  -42 
-15  41 
25  -9 
12  -10 
-25  13 
-5  11 
22  15 
33  13 
99  44 
24  13 
-44  10 
14  2 
6  30 
32  48 
-6  -2 
-9  41 
-6  -10 
-1  -15 
49  -41 
55  -51 
-28  14 
27  14 
-2  0 
4  71 
-21  19 
1  -9 
-10  18 
6  19 
-3  44 
-18  -3 
10  -35 
-16  35 
19  42 
12  -47 
20  33 
13  5 
-5  10 
13  10 
69  6 
14  6 
53  81 
16  -8 
7  -16 
-43  -6 
-19  -53 
-2  37 
31  35 
-3  6 
27  13 
-10  -39 
-17  35 
-15  30 
12  26 
41  23 
-6  16 
45  14 
-15  36 
21  12 
72  2 
-14  38 
6  -14 
-7  -4 
-29  13 
0  3 
-13  10 
31  -37 
-1  9 
-23  25 
-3  29 
31  21 
7  31 
55  5 
-15  -10 
-11  15 
3  1 
29  13 
23  39 
18  31 
8  17 
31  55 
31  3 
-21  -18 
27  -42 
-4  10 
-3  8 
-14  30 
8  15 
45  20 
-32  21 
-22  55 
60  8 
47  1 
-8  47 
67  -12 
20  43 
-19  19 
42  29 
-31  14 
35  31 
-18  -3 
-30  35 
-45  30 
20  17 
-7  67 
-8  23 
-10  -6 
16  -32 
-27  79 
24  52 
47  9 
-18  -9 
53  45 
-1  19 
-12  10 
40  29 
14  22 
15  -40 
-19  46 
24  -11 
7  -14 
-24  12 
-5  9 
26  18 
33  14 
102  48 
24  13 
-43  15 
14  4 
10  32 
33  50 
-6  -2 
-10  41 
-7  -7 
0  -14 
52  -38 
50  -51 
-28  10 
27  16 
-2  -3 
2  73 
-21  17 
-2  -11 
-11  18 
6  13 
1  45 
-17  -5 
10  -35 
-13  34 
22  40 
11  -49 
27  33 
12  4 
-6  10 
9  12 
69  6 
9  7 
53  81 
13  -4 
9  -16 
-42  -8 
-22  -57 
-3  38 
28  31 
-10  7 
27  10 
-11  -37 
-20  34 
-16  30 
8  24 
42  22 
-4  13 
41  11 
-18  39 
25  13 
71  4 
-13  37 
6  -12 
-5  -3 
-29  13 
-2  0 
-16  11 
33  -36 
-1  10 
-21  25 
-2  32 
29  24 
7  33 
52  4 
-14  -10 
-11  16 
5  0 
30  15 
26  46 
20  29 
8  17 
31  55 
30  -2 
-21  -18 
24  -41 
-5  13 
0  6 
-16  31 
9  15 
47  19 
-30  21 
-21  55 
60  8 
51  3 
-6  44 
69  -14 
17  40 
-18  19 
45  30 
-31  14 
35  31 
-18  -3 
-28  33 
-45  30 
18  17 
-10  69 
-13  18 
-8  -6 
17  -31 
-27  76 
25  51 
47  6 
-14  -5 
57  45 
0  18 
-9  11 
40  31 
14  22 
17  -42 
-20  44 
18  -15 
6  -12 
-22  11 
-5  9 
26  18 
35  18 
104  49 
20  14 
-43  14 
15  4 
13  27 
34  52 
-6  -6 
-13  41 
-7  -7 
0  -17 
53  -39 
53  -54 
-29  17 
27  17 
-1  -3 
2  73 
-22  18 
1  -9 
-7  19 
1  12 
2  42 
-18  -5 
14  -34 
-17  33 
23  37 
11  -50 
26  32 
12  7 
-9  9 
10  12 
71  13 
10  7 
58  80 
9  -2 
9  -17 
-43  -5 
-20  -55 
3  41 
23  30 
-11  7 
24  10 
-9  -36 
-16  34 
-14  34 
8  24 
44  24 
-4  12 
36  13 
-21  39 
23  15 
70  5 
-10  37 
9  -10 
0  -3 
-27  14 
0  0 
-15  12 
33  -35 
-4  10 
-20  24 
-2  25 
31  23 
6  30 
50  1 
-13  -10 
-9  14 
6  -5 
33  13 
26  46 
16  28 
7  18 
27  54 
29  -1 
-19  -15 
24  -40 
0  8 
0  5 
-16  32 
9  23 
49  18 
-27  21 
-22  55 
64  9 
51  1 
-7  48 
69  -14 
19  39 
-18  19 
44  31 
-30  15 
32  28 
-15  -7 
-28  33 
-45  30 
18  18 
-11  72 
-13  17 
-8  -6 
18  -29 
-24  76 
23  57 
44  2 
-13  -7 
57  45 
-1  17 
-11  15 
42  31 
14  22 
17  -41 
-22  43 
13  -21 
7  -9 
-23  14 
-5  11 
26  19 
39  10 
104  50 
22  15 
-43  15 
14  4 
13  25 
37  49 
-11  -7 
-12  42 
-7  -6 
-1  -18 
48  -39 
52  -54 
-26  16 
31  13 
0  -3 
2  73 
-21  18 
5  -9 
-5  18 
2  10 
5  41 
-17  -7 
17  -34 
-15  30 
24  33 
9  -53 
25  34 
13  9 
-12  10 
3  14 
70  8 
14  6 
56  79 
10  -3 
7  -19 
-44  -8 
-22  -56 
3  41 
23  28 
-12  4 
21  12 
-6  -35 
-17  35 
-16  35 
9  24 
37  24 
-6  10 
32  10 
-26  40 
19  15 
70  5 
-11  36 
7  -14 
-2  0 
-25  13 
0  0 
-14  12 
33  -36 
-2  9 
-25  31 
-1  24 
30  23 
5  28 
49  2 
-15  -10 
-8  8 
6  -2 
35  10 
26  47 
21  31 
4  19 
25  52 
27  -2 
-18  -18 
22  -39 
0  9 
-3  5 
-21  30 
9  24 
53  18 
-27  21 
-23  55 
64  5 
48  2 
-6  52 
73  -13 
16  38 
-19  19 
44  31 
-30  15 
33  33 
-17  -7 
-28  30 
-45  29 
15  17 
-13  70 
-12  17 
-9  -7 
16  -29 
-22  73 
22  55 
43  4 
-11  -6 
59  43 
-3  19 
-9  15 
44  33 
18  20 
15  -42 
-19  44 
14  -24 
7  -14 
-23  13 
-10  11 
25  23 
37  9 
104  50 
18  15 
-43  10 
21  1 
14  26 
40  46 
-14  -10 
-10  38 
-9  -6 
2  -17 
49  -37 
50  -55 
-28  22 
29  13 
0  -3 
2  73 
-21  19 
8  -9 
-7  16 
1  12 
5  36 
-14  -6 
20  -35 
-13  33 
21  33 
9  -53 
23  35 
12  7 
-13  11 
3  17 
76  1 
14  4 
53  79 
10  -3 
7  -19 
-45  -7 
-22  -53 
3  41 
23  28 
-16  4 
18  5 
-1  -38 
-20  34 
-15  34 
8  24 
39  27 
-6  10 
29  12 
-26  42 
24  15 
71  6 
-11  36 
1  -15 
0  4 
-24  12 
5  2 
-15  11 
31  -36 
-1  12 
-24  28 
-3  24 
32  24 
3  30 
50  3 
-16  -9 
-8  13 
8  -3 
38  13 
27  47 
24  30 
0  20 
26  50 
27  -1 
-19  -17 
22  -37 
-1  10 
-1  6 
-20  28 
8  24 
53  19 
-29  19 
-23  54 
63  4 
49  3 
1  50 
70  -15 
19  42 
-21  17 
43  28 
-29  16 
31  33 
-18  -7 
-31  27 
-43  26 
14  19 
-11  74 
-11  18 
-9  -6 
18  -32 
-19  72 
26  58 
40  6 
-13  -2 
54  44 
-2  22 
-11  16 
50  28 
17  18 
13  -44 
-21  44 
17  -21 
6  -13 
-25  13 
-10  14 
26  19 
33  7 
109  44 
19  19 
-44  10 
21  -1 
13  25 
42  48 
-14  -12 
-12  35 
-6  -4 
-1  -12 
50  -38 
51  -56 
-29  17 
30  12 
1  6 
5  74 
-23  20 
6  -8 
-10  17 
6  11 
4  35 
-18  -9 
20  -36 
-15  32 
21  31 
9  -54 
27  33 
13  6 
-13  11 
3  17 
75  -2 
12  3 
55  81 
8  2 
7  -19 
-45  -9 
-22  -55 
3  43 
25  26 
-17  5 
17  5 
0  -37 
-17  35 
-15  31 
11  23 
35  29 
-8  8 
34  9 
-24  41 
23  19 
72  6 
-10  38 
-3  -9 
-2  3 
-24  12 
4  4 
-14  14 
33  -27 
1  8 
-21  30 
-2  25 
34  24 
3  31 
49  4 
-18  -5 
-7  7 
7  -2 
37  13 
27  46 
27  30 
4  20 
29  53 
27  -3 
-23  -15 
21  -35 
-4  10 
-5  11 
-20  28 
10  22 
50  21 
-29  17 
-22  55 
60  6 
47  7 
-1  45 
68  -16 
23  41 
-22  17 
44  30 
-29  16 
33  33 
-19  -4 
-30  25 
-39  28 
13  16 
-8  74 
-12  16 
-4  -7 
16  -34 
-21  67 
23  64 
39  11 
-13  -4 
54  50 
-1  23 
-10  15 
52  27 
18  18 
21  -39 
-20  43 
19  -23 
5  -9 
-23  15 
-11  14 
23  19 
33  5 
107  44 
19  19 
-44  12 
24  5 
11  28 
41  51 
-14  -13 
-8  33 
-5  -3 
-4  -9 
53  -39 
52  -56 
-31  15 
30  12 
0  4 
5  72 
-21  24 
4  -9 
-11  18 
7  11 
4  35 
-16  -8 
20  -35 
-16  29 
17  29 
9  -54 
27  33 
13  8 
-14  12 
3  17 
78  0 
14  6 
54  82 
13  4 
7  -19 
-45  -11 
-23  -56 
5  42 
28  26 
-14  1 
18  10 
1  -36 
-18  31 
-18  28 
8  21 
32  29 
-11  10 
35  10 
-27  39 
24  19 
72  10 
-14  38 
-5  5 
2  2 
-18  10 
4  2 
-14  14 
33  -26 
3  8 
-23  27 
-1  24 
34  26 
-2  33 
47  1 
-17  -3 
-6  4 
1  -3 
36  12 
29  46 
28  30 
2  17 
27  48 
27  -2 
-21  -17 
18  -31 
-4  10 
0  8 
-21  28 
11  23 
50  23 
-31  16 
-23  55 
60  3 
46  6 
-1  46 
68  -16 
23  41 
-24  16 
45  30 
-27  16 
32  29 
-14  -6 
-28  18 
-40  25 
14  16 
-9  77 
-12  15 
-7  -6 
12  -34 
-23  65 
21  66 
37  13 
-11  1 
54  50 
2  22 
-10  17 
53  26 
20  17 
18  -36 
-22  45 
17  -20 
5  -9 
-22  11 
-10  15 
21  20 
33  3 
109  47 
19  19 
-42  12 
24  4 
10  25 
42  51 
-10  -14 
-5  29 
-5  -2 
-3  -6 
53  -39 
50  -58 
-35  21 
28  14 
0  9 
7  73 
-19  25 
6  -10 
-10  18 
6  5 
4  31 
-15  -8 
24  -38 
-19  31 
15  31 
10  -53 
25  33 
13  8 
-14  12 
1  19 
76  1 
9  4 
54  82 
14  5 
9  -17 
-47  -15 
-21  -58 
4  40 
31  26 
-14  -2 
15  10 
2  -32 
-17  30 
-16  35 
9  19 
32  27 
-9  15 
39  10 
-27  39 
20  24 
67  11 
-16  39 
-5  5 
0  0 
-17  8 
2  1 
-16  12 
29  -22 
4  9 
-23  25 
-2  23 
32  27 
-5  38 
50  1 
-17  -5 
-7  5 
3  -4 
38  13 
28  47 
20  30 
7  19 
31  51 
29  -2 
-19  -17 
11  -28 
-2  11 
1  8 
-22  30 
11  21 
52  20 
-29  13 
-23  54 
59  6 
47  8 
-3  47 
68  -18 
20  42 
-25  21 
46  30 
-29  15 
36  30 
-16  -5 
-29  17 
-37  23 
13  16 
-11  72 
-9  16 
-7  -6 
9  -33 
-20  66 
29  64 
32  9 
-11  -1 
48  50 
0  24 
-10  17 
51  24 
19  22 
21  -35 
-22  45 
18  -25 
4  -10 
-21  10 
-8  13 
21  20 
32  1 
111  43 
13  19 
-44  12 
22  2 
10  25 
40  51 
-11  -14 
-6  30 
-6  -4 
-4  -6 
51  -41 
49  -58 
-33  21 
30  12 
-6  12 
0  77 
-17  24 
6  -13 
-10  18 
3  1 
6  32 
-15  -6 
26  -32 
-17  33 
15  31 
8  -56 
25  30 
5  13 
-14  14 
2  18 
79  -3 
14  4 
53  86 
14  6 
5  -20 
-47  -13 
-23  -56 
8  37 
27  30 
-16  -1 
20  8 
1  -30 
-19  31 
-18  35 
9  23 
23  30 
-11  16 
35  6 
-29  38 
20  23 
67  11 
-20  40 
-6  2 
-1  -1 
-17  8 
-1  3 
-19  12 
32  -26 
2  8 
-23  30 
1  19 
32  23 
-1  37 
48  3 
-18  -5 
-8  8 
1  -3 
38  11 
24  44 
21  31 
6  18 
35  50 
29  -2 
-20  -15 
9  -28 
-5  13 
4  9 
-23  29 
11  15 
52  14 
-29  13 
-22  55 
54  1 
46  10 
-1  53 
73  -17 
18  40 
-26  25 
43  32 
-30  12 
35  29 
-14  -6 
-30  15 
-39  28 
13  16 
-8  67 
-12  17 
-8  -7 
8  -36 
-20  64 
29  64 
32  6 
-10  1 
46  52 
-3  25 
-11  16 
49  19 
13  18 
15  -33 
-24  43 
15  -22 
5  -9 
-24  10 
-7  14 
22  18 
28  2 
113  41 
18  18 
-45  11 
19  2 
10  25 
38  50 
-12  -10 
-6  30 
-4  -8 
-3  -6 
52  -40 
49  -57 
-30  23 
28  15 
-7  13 
2  81 
-17  24 
7  -14 
-9  16 
1  0 
3  35 
-15  -6 
29  -34 
-18  31 
16  31 
6  -52 
25  30 
2  14 
-15  15 
3  19 
85  0 
14  6 
53  87 
14  4 
3  -19 
-49  -17 
-20  -54 
10  31 
29  31 
-15  1 
18  9 
1  -34 
-21  30 
-19  35 
11  24 
23  28 
-10  14 
40  8 
-27  39 
18  17 
67  10 
-16  40 
-6  2 
0  3 
-17  13 
-1  3 
-18  8 
31  -29 
-1  4 
-23  30 
-1  19 
34  24 
0  38 
50  1 
-22  -7 
-7  6 
4  -1 
39  10 
21  44 
21  35 
6  18 
36  50 
31  -3 
-20  -15 
12  -33 
-3  15 
6  12 
-23  33 
11  19 
53  13 
-32  15 
-21  57 
56  1 
45  11 
-4  52 
74  -14 
18  43 
-21  23 
51  35 
-31  14 
35  30 
-16  -10 
-29  16 
-39  25 
13  16 
-7  64 
-10  18 
-6  -4 
6  -33 
-16  64 
30  63 
32  6 
-9  4 
46  50 
-3  25 
-13  21 
50  17 
18  17 
18  -31 
-28  44 
15  -20 
8  -9 
-25  16 
-7  8 
27  18 
32  3 
113  41 
18  20 
-44  11 
21  0 
10  25 
35  51 
-16  -9 
-6  30 
-5  -7 
-1  -5 
54  -41 
48  -58 
-30  31 
27  17 
-7  7 
0  80 
-17  26 
10  -12 
-11  16 
0  -3 
3  35 
-14  -6 
26  -32 
-16  29 
18  32 
7  -49 
26  31 
1  10 
-13  13 
4  20 
85  1 
19  6 
52  93 
13  -1 
-2  -15 
-52  -14 
-20  -54 
7  30 
31  30 
-17  4 
18  11 
-3  -31 
-15  30 
-23  34 
9  24 
23  28 
-11  17 
45  12 
-23  38 
18  18 
70  9 
-17  41 
-6  2 
0  3 
-17  13 
0  4 
-21  9 
32  -26 
-7  5 
-21  30 
-2  18 
33  24 
-1  38 
53  -4 
-24  -10 
-7  3 
5  2 
41  4 
20  45 
26  34 
5  21 
35  51 
29  -2 
-20  -14 
13  -32 
-3  15 
7  10 
-18  33 
10  18 
47  9 
-28  14 
-22  57 
55  5 
46  11 
-4  51 
73  -15 
19  43 
-21  22 
50  34 
-30  9 
35  29 
-16  -9 
-28  13 
-40  24 
8  12 
-12  62 
-9  16 
-6  -4 
3  -35 
-16  64 
27  61 
33  6 
-8  4 
46  52 
-2  25 
-10  23 
46  19 
19  17 
17  -30 
-29  43 
15  -19 
11  -6 
-25  18 
-11  12 
22  22 
33  -1 
109  43 
18  22 
-45  13 
22  0 
14  26 
38  52 
-18  -5 
-5  30 
-2  -10 
-2  -5 
54  -43 
51  -56 
-29  27 
29  16 
-7  7 
0  80 
-17  24 
7  -12 
-14  18 
0  -3 
3  33 
-16  -8 
26  -36 
-17  28 
16  32 
4  -50 
27  33 
1  10 
-9  13 
3  18 
84  -1 
21  5 
49  94 
11  -1 
0  -17 
-51  -14 
-23  -55 
5  31 
29  27 
-13  6 
22  8 
-1  -33 
-16  29 
-22  31 
8  24 
21  28 
-12  15 
41  11 
-26  42 
14  19 
72  7 
-17  40 
-10  1 
-1  4 
-19  13 
1  6 
-20  8 
32  -32 
-2  3 
-23  29 
0  20 
37  25 
-4  39 
55  -4 
-23  -12 
-7  4 
7  -2 
43  4 
19  42 
27  33 
5  21 
35  50 
30  3 
-20  -12 
12  -34 
-1  10 
2  13 
-19  32 
10  17 
47  6 
-28  13 
-23  55 
55  6 
48  10 
-2  51 
72  -20 
24  47 
-22  24 
51  33 
-33  9 
32  27 
-19  -12 
-25  9 
-40  26 
7  11 
-11  59 
-13  14 
-2  0 
-1  -37 
-18  68 
27  61 
32  3 
-7  1 
46  50 
0  23 
-11  23 
49  16 
19  19 
20  -31 
-29  41 
17  -21 
9  1 
-24  16 
-7  9 
21  25 
33  -1 
109  44 
21  19 
-44  12 
23  -1 
15  21 
43  49 
-17  -5 
-3  30 
-5  -9 
-2  -5 
54  -44 
51  -56 
-27  28 
31  15 
-6  4 
-1  77 
-16  24 
3  -15 
-16  20 
-2  -3 
2  42 
-15  -9 
27  -32 
-17  28 
17  34 
5  -50 
23  33 
6  12 
-7  14 
4  19 
82  3 
20  5 
53  93 
8  -3 
1  -14 
-50  -15 
-22  -55 
6  27 
30  29 
-14  8 
24  14 
-3  -36 
-14  34 
-22  29 
8  21 
24  30 
-10  12 
41  10 
-26  42 
16  21 
73  7 
-20  41 
-10  2 
-7  3 
-19  11 
-1  7 
-21  8 
34  -34 
-2  2 
-21  26 
1  19 
40  29 
-4  39 
58  -3 
-27  -11 
-8  4 
8  -3 
43  3 
20  44 
28  32 
4  24 
37  49 
28  1 
-22  -11 
13  -36 
0  8 
2  13 
-20  34 
10  18 
47  11 
-29  11 
-25  53 
54  4 
46  8 
-3  50 
71  -24 
26  45 
-22  22 
52  33 
-29  13 
32  26 
-18  -9 
-25  9 
-40  25 
8  10 
-11  56 
-18  20 
-3  0 
2  -32 
-16  69 
33  61 
31  1 
-6  -1 
43  53 
-1  23 
-10  21 
49  15 
22  18 
21  -27 
-28  40 
17  -22 
11  4 
-26  16 
-7  7 
20  26 
29  -6 
109  44 
18  18 
-42  13 
20  0 
19  22 
44  51 
-18  -5 
-5  31 
-5  -10 
-2  -5 
55  -43 
53  -55 
-26  30 
30  17 
-5  0 
0  77 
-15  30 
3  -16 
-17  17 
0  -2 
-4  41 
-18  -11 
26  -33 
-17  29 
17  35 
5  -49 
26  32 
6  10 
-10  11 
1  20 
82  -1 
17  5 
51  94 
6  -2 
4  -15 
-50  -15 
-24  -52 
7  26 
29  26 
-13  10 
24  15 
2  -35 
-17  35 
-22  31 
7  18 
25  33 
-11  7 
44  10 
-26  42 
18  24 
72  7 
-21  45 
-12  4 
-11  3 
-21  11 
2  2 
-21  10 
29  -27 
3  1 
-21  23 
2  20 
41  33 
-2  37 
59  -3 
-29  -10 
-12  2 
8  -5 
41  3 
21  37 
30  34 
3  24 
39  50 
25  1 
-21  -11 
16  -30 
-4  12 
5  12 
-19  35 
12  21 
51  8 
-28  14 
-25  53 
51  4 
48  10 
-7  49 
70  -23 
30  47 
-22  20 
57  34 
-28  13 
34  26 
-14  -10 
-29  11 
-40  24 
13  7 
-11  58 
-21  19 
-2  5 
1  -33 
-17  68 
34  60 
34  5 
-7  -1 
48  51 
-3  25 
-11  24 
47  10 
27  18 
23  -27 
-27  41 
19  -25 
15  -3 
-21  18 
-8  4 
21  25 
33  -8 
109  41 
20  17 
-46  12 
20  5 
18  24 
44  55 
-16  -1 
-4  33 
-3  -12 
-2  -5 
54  -42 
52  -49 
-25  29 
29  19 
-8  -2 
3  77 
-17  32 
4  -16 
-16  16 
0  -2 
-5  38 
-17  -10 
27  -34 
-24  28 
17  35 
11  -47 
26  34 
4  9 
-11  12 
1  19 
81  1 
23  -1 
47  93 
5  2 
4  -15 
-50  -15 
-22  -53 
6  28 
33  26 
-15  13 
23  16 
0  -32 
-18  33 
-22  32 
13  16 
26  32 
-6  13 
43  11 
-25  41 
20  26 
73  8 
-20  43 
-12  4 
-11  3 
-23  13 
6  -2 
-14  11 
30  -28 
2  2 
-18  26 
2  23 
46  25 
-1  38 
57  -4 
-32  -9 
-10  3 
11  -7 
42  11 
21  41 
34  32 
-3  25 
34  50 
25  -2 
-19  -8 
22  -27 
-4  13 
3  4 
-18  35 
16  17 
44  13 
-29  15 
-27  54 
49  8 
47  11 
-2  51 
69  -18 
27  47 
-20  19 
57  33 
-29  14 
34  24 
-15  -9 
-32  12 
-40  25 
12  10 
-8  54 
-20  18 
-1  8 
3  -32 
-16  69 
34  58 
39  10 
-7  -1 
47  50 
-2  25 
-13  21 
46  10 
28  17 
19  -31 
-29  41 
21  -25 
16  -1 
-20  20 
-8  -2 
20  24 
29  -8 
109  43 
19  17 
-45  10 
18  9 
20  23 
46  54 
-16  -1 
-3  35 
-3  -6 
-1  -5 
61  -35 
53  -47 
-28  27 
30  18 
-10  -3 
3  76 
-18  32 
3  -17 
-18  17 
-2  -3 
-5  38 
-15  -10 
26  -33 
-26  22 
18  35 
8  -50 
26  35 
1  11 
-11  16 
3  19 
83  1 
20  -3 
47  93 
5  1 
4  -16 
-49  -16 
-23  -50 
6  28 
32  24 
-16  12 
25  15 
0  -32 
-17  33 
-23  28 
11  17 
24  30 
-6  20 
45  14 
-23  39 
22  28 
73  8 
-19  48 
-12  4 
-10  1 
-24  10 
7  -2 
-14  12 
29  -26 
-1  2 
-16  24 
2  22 
46  28 
0  37 
54  -2 
-28  -11 
-7  5 
13  -6 
43  8 
20  40 
35  29 
-4  28 
35  44 
23  -3 
-21  -9 
24  -27 
-4  16 
3  3 
-22  35 
19  19 
46  14 
-28  10 
-26  50 
49  4 
51  12 
-3  52 
71  -21 
27  49 
-23  20 
56  30 
-27  16 
34  26 
-14  -9 
-29  13 
-40  26 
10  17 
-8  54 
-19  15 
-3  9 
2  -31 
-18  68 
34  56 
35  11 
-2  7 
44  51 
0  23 
-12  24 
45  10 
27  16 
21  -32 
-28  38 
21  -28 
13  1 
-19  20 
-5  0 
20  24 
31  -6 
110  41 
18  20 
-42  5 
17  14 
21  24 
47  61 
-14  -2 
1  31 
-4  -8 
5  -6 
62  -37 
53  -47 
-31  27 
29  18 
-9  -4 
2  77 
-14  32 
-4  -19 
-16  19 
-1  -5 
-5  38 
-16  -5 
26  -33 
-26  22 
13  39 
8  -50 
22  34 
4  9 
-9  11 
2  15 
79  -2 
18  -3 
45  92 
7  -2 
-1  -14 
-48  -14 
-21  -50 
6  26 
27  31 
-14  10 
24  16 
-2  -30 
-15  31 
-23  28 
14  15 
22  30 
-6  20 
43  15 
-24  38 
20  28 
73  7 
-23  44 
-14  5 
-10  5 
-20  5 
9  -4 
-14  13 
28  -23 
-2  3 
-15  26 
-2  25 
50  25 
-1  38 
50  -3 
-25  -11 
-7  6 
13  -6 
40  8 
20  40 
34  30 
-3  29 
31  44 
22  -3 
-21  -7 
27  -27 
-7  18 
5  14 
-22  35 
19  19 
44  11 
-30  12 
-28  47 
45  3 
53  4 
-3  54 
69  -24 
29  53 
-23  18 
58  31 
-26  16 
33  23 
-14  -10 
-32  12 
-41  23 
7  17 
-4  52 
-20  14 
4  10 
2  -32 
-24  70 
32  54 
35  11 
-1  2 
41  51 
-3  25 
-13  27 
46  15 
27  18 
23  -32 
-29  35 
22  -27 
13  1 
-18  20 
-3  -1 
20  25 
29  -5 
109  42 
16  17 
-41  4 
17  15 
19  26 
44  62 
-14  -2 
2  30 
-5  -7 
4  -4 
63  -37 
52  -50 
-28  29 
29  23 
-9  -7 
1  79 
-16  29 
-2  -16 
-16  19 
1  -7 
-7  39 
-16  -5 
26  -32 
-26  22 
15  41 
9  -49 
23  33 
5  10 
-10  15 
3  15 
82  2 
19  -3 
46  93 
5  0 
1  -16 
-46  -14 
-23  -54 
4  32 
27  30 
-12  10 
25  17 
-4  -32 
-14  34 
-21  30 
13  13 
21  32 
-2  20 
40  17 
-21  35 
19  29 
72  3 
-23  53 
-13  8 
-7  7 
-18  3 
6  -1 
-16  17 
30  -22 
-6  4 
-17  24 
-3  25 
50  25 
-1  39 
50  -5 
-23  -11 
-7  3 
14  -8 
39  8 
22  39 
37  26 
-2  31 
31  44 
23  -5 
-25  -10 
27  -26 
-8  19 
2  15 
-22  35 
17  20 
44  16 
-30  11 
-30  52 
47  -2 
50  8 
-5  53 
69  -24 
28  50 
-20  18 
56  31 
-27  16 
33  26 
-11  -8 
-31  14 
-42  17 
7  17 
-10  49 
-19  12 
0  11 
6  -32 
-25  71 
33  53 
37  8 
3  3 
39  50 
0  20 
-11  27 
45  14 
24  20 
23  -32 
-27  39 
24  -27 
11  3 
-20  14 
-1  -2 
24  24 
30  -6 
109  44 
16  19 
-40  3 
17  15 
19  24 
45  61 
-10  4 
4  29 
-3  -7 
4  -3 
55  -35 
55  -51 
-28  24 
28  24 
-11  -7 
2  80 
-18  28 
-1  -18 
-17  17 
3  -7 
-5  38 
-18  -4 
26  -33 
-29  21 
17  38 
12  -51 
24  30 
8  7 
-12  18 
6  12 
82  2 
19  -3 
53  94 
6  -2 
3  -15 
-53  -11 
-24  -52 
7  31 
25  30 
-9  13 
28  17 
-3  -36 
-15  31 
-24  24 
12  13 
23  29 
-2  20 
40  17 
-18  33 
17  34 
73  1 
-22  58 
-14  10 
-6  10 
-19  4 
4  -1 
-17  16 
30  -23 
-6  9 
-17  23 
-3  25 
46  25 
-3  38 
51  -6 
-25  -11 
-6  4 
11  -7 
41  12 
22  39 
30  28 
-3  30 
38  43 
23  -3 
-24  -10 
25  -27 
-11  12 
3  15 
-23  34 
19  23 
42  13 
-33  6 
-31  54 
46  -2 
49  6 
-5  50 
65  -20 
27  49 
-20  24 
58  32 
-26  18 
31  24 
-11  -7 
-31  16 
-40  17 
9  19 
-6  49 
-18  11 
2  14 
7  -29 
-26  76 
32  54 
37  6 
4  2 
39  50 
-2  25 
-9  32 
42  17 
27  18 
22  -32 
-27  39 
23  -31 
10  2 
-19  17 
0  0 
27  24 
37  -7 
108  44 
15  20 
-37  1 
15  18 
20  25 
47  59 
-10  1 
5  30 
-2  -10 
4  -1 
52  -34 
54  -50 
-29  23 
29  24 
-15  -9 
2  80 
-16  29 
-2  -25 
-18  15 
6  -6 
-11  37 
-22  2 
26  -32 
-31  22 
21  39 
13  -54 
26  30 
15  4 
-11  18 
6  12 
82  3 
18  -3 
51  97 
7  -3 
4  -17 
-54  -14 
-29  -50 
7  30 
26  33 
-12  11 
28  18 
-1  -38 
-17  33 
-22  24 
9  7 
22  30 
-2  18 
39  19 
-19  31 
10  32 
73  5 
-27  56 
-17  11 
-7  7 
-19  5 
4  -6 
-19  15 
31  -21 
-8  8 
-20  24 
-2  25 
47  29 
-4  41 
51  -7 
-25  -11 
-7  5 
11  -10 
41  11 
24  42 
33  29 
-3  26 
38  42 
23  -5 
-20  -12 
19  -31 
-9  11 
3  17 
-23  34 
23  19 
43  8 
-38  1 
-27  53 
43  5 
50  7 
-1  50 
70  -17 
30  48 
-23  28 
58  31 
-25  17 
34  24 
-11  -9 
-29  14 
-36  20 
10  21 
-7  47 
-15  11 
1  12 
8  -30 
-25  78 
30  55 
44  10 
3  4 
38  50 
-3  30 
-8  29 
40  17 
25  18 
24  -29 
-31  42 
16  -28 
12  4 
-21  17 
-2  3 
29  26 
35  -10 
107  41 
14  22 
-40  0 
14  10 
20  25 
47  59 
-12  2 
7  30 
2  -11 
4  4 
52  -32 
55  -49 
-29  24 
28  24 
-18  -12 
-3  84 
-15  29 
-3  -25 
-17  16 
5  -8 
-10  37 
-21  2 
26  -34 
-30  25 
17  39 
15  -57 
25  30 
12  7 
-10  18 
4  15 
80  3 
18  -2 
52  100 
7  -2 
2  -21 
-50  -11 
-31  -44 
7  31 
29  34 
-8  13 
28  17 
1  -35 
-14  31 
-18  23 
4  9 
21  30 
-1  19 
39  18 
-14  30 
12  34 
71  3 
-26  60 
-15  14 
-6  6 
-21  3 
6  -8 
-18  15 
35  -15 
-12  12 
-22  25 
-2  27 
43  28 
-4  41 
53  -13 
-25  -11 
-7  6 
8  -10 
41  13 
27  38 
32  34 
-4  28 
40  44 
26  -5 
-20  -11 
19  -34 
-7  8 
6  21 
-21  30 
21  19 
44  12 
-37  1 
-29  53 
42  0 
50  7 
-4  50 
69  -19 
26  47 
-26  24 
57  35 
-27  19 
35  25 
-11  -4 
-30  17 
-37  16 
11  21 
-10  49 
-14  14 
5  14 
12  -27 
-27  76 
28  57 
40  6 
3  5 
35  51 
-5  27 
-10  31 
39  19 
22  23 
24  -31 
-32  44 
17  -26 
12  4 
-22  15 
-2  2 
32  27 
38  -9 
107  41 
15  20 
-40  0 
7  13 
20  25 
51  64 
-11  -1 
7  28 
3  -10 
3  4 
55  -34 
54  -50 
-27  25 
27  26 
-19  -10 
1  84 
-16  24 
-6  -24 
-16  15 
5  -10 
-9  37 
-22  3 
29  -34 
-31  24 
18  37 
9  -50 
27  29 
6  8 
-6  19 
3  15 
79  3 
23  -3 
51  103 
1  5 
2  -18 
-51  -13 
-31  -42 
5  33 
29  34 
-9  15 
27  16 
0  -32 
-12  31 
-20  14 
4  13 
22  33 
1  17 
34  22 
-13  30 
13  33 
72  6 
-26  58 
-16  10 
-6  6 
-15  0 
9  -8 
-15  16 
38  -16 
-10  12 
-25  24 
-9  31 
40  28 
-4  41 
52  -13 
-26  -10 
-8  6 
4  -9 
41  12 
21  39 
32  34 
-3  25 
40  37 
24  -1 
-20  -11 
21  -35 
-11  15 
8  17 
-25  31 
15  18 
44  9 
-41  -2 
-31  52 
40  0 
48  12 
-5  49 
67  -19 
27  46 
-27  24 
57  39 
-28  20 
34  25 
-12  -5 
-26  16 
-39  17 
13  25 
-11  49 
-13  14 
-1  10 
11  -31 
-28  73 
27  58 
39  5 
3  4 
36  52 
-2  24 
-10  31 
37  18 
19  23 
26  -30 
-31  44 
16  -27 
12  4 
-22  12 
-7  -1 
36  30 
37  -6 
108  42 
18  15 
-42  -1 
6  14 
19  29 
53  66 
-10  -2 
7  33 
1  -9 
5  2 
58  -35 
59  -49 
-27  28 
28  30 
-17  -12 
4  84 
-19  23 
-7  -24 
-19  15 
5  -6 
-9  32 
-20  4 
29  -33 
-30  25 
18  40 
5  -52 
30  32 
8  5 
-1  22 
3  17 
80  5 
20  -6 
49  103 
-2  3 
2  -18 
-53  -13 
-31  -42 
2  35 
27  36 
-11  16 
22  20 
-3  -29 
-16  22 
-23  15 
1  13 
24  32 
-1  17 
35  20 
-15  26 
10  35 
74  9 
-29  53 
-15  10 
-4  3 
-14  -2 
9  -6 
-14  12 
40  -14 
-9  10 
