Created:October-13-2022 
Coverage:19 
N:20 
NUM-IONS:76 
NSTEPS:15000 
WRITE-PERIODICITY:100 
epsilon:1.71 
-9  22 
14  11 
14  15 
-5  24 
28  35 
-9  19 
10  8 
2  22 
26  -2 
22  28 
30  10 
-3  34 
-11  -18 
-10  18 
16  12 
28  18 
-20  3 
16  -9 
-15  -4 
22  -11 
54  27 
2  26 
13  -4 
-14  27 
9  25 
-13  0 
-3  1 
-11  3 
-4  2 
23  -5 
24  -8 
40  18 
18  6 
-2  36 
17  23 
28  16 
3  11 
-12  13 
19  32 
-19  19 
5  25 
7  -12 
-1  37 
21  7 
-14  -3 
2  -4 
13  21 
9  -9 
-5  9 
-13  31 
21  6 
26  10 
1  2 
-5  5 
15  -1 
21  3 
22  -2 
13  -23 
16  23 
29  -4 
3  8 
21  11 
10  3 
-32  -31 
13  18 
23  33 
3  10 
14  -4 
7  3 
-4  18 
18  8 
-9  24 
2  51 
11  7 
15  6 
19  10 
-9  24 
18  12 
12  13 
-5  27 
28  36 
-6  15 
11  7 
4  21 
28  0 
24  32 
27  11 
-4  31 
-10  -17 
-9  19 
14  11 
24  15 
-22  5 
17  -12 
-18  -2 
23  -12 
56  27 
1  27 
12  -5 
-11  25 
10  20 
-13  0 
-4  -2 
-12  4 
-1  2 
28  -5 
23  -7 
38  19 
19  1 
-1  37 
17  23 
29  16 
11  13 
-12  13 
19  32 
-18  20 
5  25 
12  -14 
1  39 
19  7 
-14  -2 
3  -3 
12  20 
11  -12 
-3  10 
-13  33 
20  6 
25  11 
1  5 
-9  3 
14  -3 
23  2 
24  -2 
15  -23 
16  23 
28  -1 
7  7 
21  15 
10  4 
-32  -31 
13  18 
27  34 
3  10 
15  -4 
6  4 
-1  19 
17  9 
-8  24 
0  51 
9  -2 
14  9 
21  11 
-6  29 
22  14 
13  13 
-5  27 
27  34 
-5  16 
10  10 
4  24 
27  -3 
24  33 
26  10 
-4  32 
-9  -17 
-11  18 
14  11 
27  11 
-23  3 
18  -12 
-20  -4 
19  -13 
53  23 
0  23 
7  -7 
-11  27 
16  18 
-10  4 
-1  -3 
-13  6 
1  3 
28  -2 
23  -7 
38  19 
19  2 
-1  39 
15  22 
29  16 
12  13 
-14  13 
19  32 
-17  18 
5  25 
13  -19 
4  35 
16  7 
-17  -4 
3  -5 
15  19 
6  -12 
-3  10 
-10  33 
22  6 
28  9 
2  7 
-8  4 
10  -4 
22  4 
22  -1 
15  -23 
16  23 
27  -1 
2  8 
24  12 
7  2 
-32  -24 
12  20 
28  33 
1  12 
14  -2 
1  5 
-3  20 
17  9 
-9  24 
3  51 
6  -2 
12  8 
20  11 
-5  29 
24  15 
12  14 
-5  24 
28  36 
-7  16 
9  9 
4  24 
24  -1 
23  37 
27  11 
-3  34 
-7  -20 
-8  19 
16  11 
30  10 
-19  2 
18  -12 
-18  -6 
18  -15 
52  24 
3  22 
7  -7 
-9  23 
15  17 
-12  4 
-2  -5 
-13  6 
2  -2 
30  -2 
23  -5 
37  17 
18  -1 
2  35 
14  29 
30  16 
13  13 
-17  13 
19  32 
-14  19 
5  25 
15  -21 
4  34 
16  7 
-15  -4 
3  0 
12  21 
4  -14 
-2  12 
-16  32 
23  8 
29  11 
-1  7 
-10  8 
7  -6 
25  2 
22  3 
14  -23 
16  18 
28  0 
1  6 
25  11 
7  4 
-31  -24 
11  24 
28  33 
2  9 
15  -4 
1  8 
-1  22 
17  9 
-11  24 
3  51 
4  1 
15  6 
21  11 
-2  28 
24  13 
16  12 
-9  24 
28  36 
-5  19 
10  11 
-2  26 
23  -2 
24  35 
25  11 
-3  37 
-8  -20 
-13  20 
13  10 
30  13 
-21  2 
17  -13 
-17  -4 
18  -15 
52  24 
1  19 
7  -7 
-9  23 
14  21 
-12  4 
-5  -9 
-14  4 
1  -4 
25  -4 
23  -3 
38  15 
18  -1 
-1  37 
9  32 
31  19 
12  13 
-17  13 
18  32 
-14  18 
4  21 
15  -24 
7  31 
16  7 
-13  -6 
2  -4 
13  18 
4  -15 
-3  9 
-16  36 
21  8 
31  6 
1  7 
-10  10 
6  -5 
25  2 
20  4 
15  -20 
17  20 
30  3 
3  2 
23  8 
9  4 
-30  -25 
14  20 
28  33 
1  11 
14  -3 
1  6 
1  23 
15  6 
-14  23 
4  54 
4  0 
13  8 
22  11 
-1  30 
20  10 
17  14 
-6  24 
28  36 
-6  17 
10  12 
1  26 
29  -2 
24  35 
26  10 
-3  41 
-7  -19 
-8  20 
15  11 
35  17 
-24  2 
18  -18 
-16  -7 
20  -17 
52  21 
-2  20 
5  -4 
-11  22 
13  20 
-14  3 
-11  -9 
-15  4 
4  -4 
24  -2 
20  -4 
38  16 
17  -3 
-1  37 
6  29 
35  19 
13  13 
-17  13 
18  32 
-14  18 
4  21 
11  -26 
6  32 
15  7 
-15  -8 
3  -3 
19  20 
4  -12 
-3  10 
-16  32 
21  8 
30  9 
3  8 
-10  10 
6  -5 
25  2 
21  2 
15  -15 
23  15 
30  3 
3  2 
27  11 
9  4 
-32  -27 
15  16 
27  32 
2  11 
16  -2 
5  7 
-1  19 
16  3 
-13  26 
7  54 
10  -2 
15  6 
25  11 
3  28 
21  11 
16  14 
-7  23 
29  36 
-5  17 
12  13 
-2  26 
29  2 
21  39 
27  6 
-1  42 
-9  -21 
-11  18 
14  11 
31  17 
-24  3 
15  -14 
-16  -8 
19  -13 
51  26 
1  20 
6  -3 
-14  18 
9  23 
-16  5 
-10  -7 
-13  5 
3  -3 
24  -5 
19  -3 
40  16 
18  -5 
3  36 
4  24 
33  21 
13  14 
-18  11 
19  32 
-5  16 
7  20 
10  -24 
7  28 
17  9 
-15  -9 
2  -2 
21  23 
1  -12 
-4  9 
-14  35 
22  5 
29  7 
1  7 
-12  11 
7  -7 
23  0 
21  6 
15  -11 
22  17 
29  4 
3  2 
27  14 
15  7 
-34  -27 
14  15 
30  30 
3  10 
14  1 
2  6 
-4  22 
18  3 
-11  25 
8  54 
10  3 
15  4 
26  12 
0  31 
22  11 
16  12 
-7  23 
28  33 
-4  18 
10  10 
1  27 
27  5 
24  38 
24  15 
2  42 
-11  -13 
-11  18 
14  9 
34  15 
-23  3 
15  -16 
-15  -8 
15  -11 
47  26 
1  22 
4  -3 
-13  20 
9  22 
-15  5 
-12  -11 
-16  4 
2  -2 
24  -7 
21  -1 
45  16 
22  -3 
3  35 
4  25 
33  21 
12  13 
-19  11 
19  32 
-6  17 
7  23 
9  -24 
9  29 
17  10 
-17  -9 
6  0 
22  23 
1  -15 
-2  5 
-14  35 
19  6 
36  7 
3  10 
-17  13 
7  -6 
32  0 
21  8 
17  -11 
23  18 
30  4 
-2  3 
27  13 
18  8 
-34  -29 
11  16 
30  29 
1  9 
13  -2 
-3  8 
-5  22 
18  6 
-11  24 
8  56 
10  3 
16  3 
24  12 
1  31 
22  11 
15  11 
-4  23 
28  33 
-4  18 
8  11 
1  27 
23  2 
26  38 
24  14 
-3  41 
-11  -16 
-11  18 
15  9 
33  18 
-23  3 
18  -16 
-14  -8 
16  -6 
47  26 
-1  22 
8  -2 
-20  16 
10  23 
-15  5 
-14  -13 
-15  2 
-1  -1 
24  -2 
22  -2 
40  13 
18  -1 
-1  37 
2  28 
29  22 
11  13 
-21  12 
18  32 
-5  17 
5  27 
9  -23 
14  29 
17  9 
-14  -10 
6  -3 
22  22 
1  -12 
-2  5 
-16  35 
18  6 
35  6 
3  10 
-17  13 
7  -6 
32  0 
20  3 
20  -9 
23  15 
32  6 
-4  0 
25  11 
17  8 
-36  -28 
10  18 
25  28 
3  8 
9  -9 
-4  7 
-5  24 
18  8 
-13  20 
6  55 
11  4 
19  0 
24  11 
2  28 
21  8 
13  13 
-4  22 
27  33 
-6  16 
5  11 
-2  29 
19  6 
25  36 
24  12 
-2  40 
-11  -16 
-10  18 
18  8 
34  17 
-23  3 
21  -17 
-11  -8 
12  -7 
47  26 
-7  24 
4  1 
-18  18 
9  27 
-14  4 
-13  -9 
-17  0 
-1  -1 
21  -1 
23  -3 
42  10 
17  0 
-1  41 
1  26 
31  24 
11  12 
-22  12 
16  31 
-5  17 
4  28 
8  -25 
17  29 
17  10 
-13  -8 
0  -4 
22  22 
1  -15 
-2  5 
-15  32 
18  6 
36  7 
3  10 
-14  12 
8  -6 
31  -1 
20  2 
21  -9 
24  13 
32  4 
-5  -1 
30  10 
20  11 
-32  -32 
12  20 
22  31 
8  9 
10  -8 
-6  9 
-5  26 
19  10 
-13  20 
4  55 
7  4 
19  2 
19  8 
6  28 
21  8 
10  12 
-4  23 
27  34 
-8  17 
4  14 
-2  28 
18  6 
28  33 
23  13 
-1  42 
-9  -17 
-10  18 
14  9 
35  17 
-22  4 
25  -18 
-14  -10 
16  -8 
46  24 
-7  23 
3  2 
-19  19 
15  29 
-15  5 
-11  -11 
-16  1 
-1  -1 
18  -4 
26  0 
42  11 
15  0 
-2  39 
1  30 
37  23 
13  13 
-22  12 
16  31 
-3  17 
6  27 
6  -25 
22  26 
18  5 
-14  -7 
1  -4 
24  24 
2  -12 
0  6 
-15  31 
20  11 
36  7 
3  11 
-12  9 
8  -4 
33  -2 
22  2 
21  -7 
17  14 
27  4 
-8  0 
32  8 
21  11 
-33  -27 
13  20 
23  30 
7  12 
12  -7 
-3  9 
-7  28 
22  7 
-11  16 
2  55 
11  4 
18  3 
21  3 
11  24 
21  8 
14  18 
-7  28 
26  34 
-6  15 
4  16 
-3  25 
17  9 
25  31 
23  13 
-3  39 
-9  -17 
-12  19 
14  9 
35  17 
-24  3 
25  -18 
-13  -7 
15  -9 
46  24 
-3  20 
7  0 
-19  17 
15  29 
-16  4 
-10  -10 
-17  2 
-1  -1 
24  -2 
32  4 
40  10 
15  -1 
-1  40 
-1  30 
34  24 
15  16 
-22  12 
14  31 
-3  17 
7  26 
3  -23 
22  28 
18  5 
-13  -9 
-1  -3 
30  24 
3  -12 
2  10 
-13  32 
21  11 
31  9 
7  14 
-14  9 
4  -3 
31  -3 
18  6 
22  -9 
18  15 
28  4 
-9  -1 
31  7 
24  12 
-32  -27 
9  18 
23  30 
6  15 
12  -7 
-1  7 
-4  27 
21  6 
-12  16 
2  62 
13  3 
17  3 
19  2 
11  27 
23  8 
13  18 
-6  27 
26  38 
-7  21 
4  14 
-3  24 
16  7 
26  29 
21  12 
-6  38 
-12  -16 
-10  18 
18  8 
35  16 
-25  2 
26  -21 
-17  -10 
16  -7 
45  25 
-2  19 
7  0 
-18  20 
19  32 
-16  4 
-9  -7 
-19  -1 
5  2 
23  -5 
33  3 
42  10 
15  -1 
-2  40 
2  28 
35  25 
15  17 
-23  10 
16  34 
-4  18 
6  24 
5  -24 
22  27 
16  3 
-11  -9 
-2  -4 
31  25 
0  -11 
2  11 
-14  27 
20  11 
31  9 
5  14 
-15  6 
1  -3 
29  -2 
15  9 
21  -9 
18  15 
32  4 
-9  -1 
28  9 
25  13 
-34  -25 
10  15 
24  32 
9  14 
12  -7 
-2  5 
-7  27 
21  7 
-11  16 
2  64 
13  0 
19  -1 
24  1 
10  33 
26  8 
10  24 
1  23 
29  38 
-9  24 
0  20 
-2  26 
16  7 
23  37 
19  12 
-6  38 
-14  -16 
-10  20 
19  6 
37  14 
-22  3 
24  -21 
-19  -9 
14  -9 
45  25 
-1  19 
9  2 
-15  22 
18  32 
-13  2 
-8  -7 
-18  -2 
4  4 
24  -3 
33  3 
42  13 
15  -3 
-2  39 
2  28 
35  25 
12  21 
-25  6 
16  32 
-4  18 
9  24 
4  -19 
21  20 
15  2 
-14  -5 
-2  -4 
33  21 
1  -13 
3  10 
-12  29 
23  8 
29  10 
7  13 
-16  8 
4  -9 
29  0 
15  11 
20  -9 
22  16 
31  3 
-6  1 
30  12 
26  11 
-36  -27 
8  16 
23  33 
8  13 
17  -1 
3  2 
-10  30 
20  3 
-13  11 
1  62 
13  0 
18  5 
22  -1 
12  33 
27  11 
10  24 
0  23 
22  38 
-13  27 
-3  18 
-2  23 
14  9 
23  37 
18  12 
-5  37 
-11  -15 
-10  18 
17  10 
36  12 
-23  0 
18  -27 
-18  -12 
15  -9 
46  29 
3  20 
6  3 
-15  21 
17  29 
-13  5 
-10  -7 
-17  -5 
2  3 
28  -1 
33  3 
42  15 
15  -4 
-2  35 
1  27 
31  25 
10  23 
-26  4 
11  38 
-4  18 
8  24 
4  -21 
21  20 
19  2 
-14  -5 
-3  -3 
33  20 
2  -10 
2  14 
-14  31 
21  8 
30  10 
8  13 
-15  8 
3  -10 
27  -7 
17  14 
19  -14 
24  18 
32  0 
-5  0 
36  11 
25  11 
-35  -26 
10  16 
23  33 
9  11 
20  2 
0  4 
-12  29 
17  3 
-13  14 
3  62 
14  -3 
19  -1 
18  -1 
12  35 
28  9 
9  24 
0  23 
22  34 
-16  25 
-1  19 
-8  24 
14  9 
23  35 
19  12 
-6  37 
-12  -16 
-14  18 
18  8 
37  14 
-22  -5 
17  -30 
-15  -13 
15  -9 
46  31 
1  19 
5  5 
-16  21 
17  29 
-13  6 
-8  -6 
-13  -10 
2  2 
30  -2 
37  4 
40  16 
15  -4 
-1  37 
-2  26 
35  24 
15  25 
-27  3 
14  41 
-4  18 
7  23 
5  -18 
22  18 
19  2 
-14  -5 
-3  -3 
31  19 
3  -10 
3  16 
-14  27 
22  8 
25  11 
8  13 
-5  6 
0  -10 
24  -7 
16  12 
18  -15 
23  17 
30  4 
-5  -1 
36  11 
21  8 
-35  -28 
9  16 
23  33 
8  11 
23  2 
2  3 
-14  30 
17  3 
-13  12 
3  60 
13  -6 
18  2 
17  -1 
8  29 
26  12 
11  23 
1  22 
23  37 
-15  25 
0  23 
-10  27 
15  9 
24  34 
19  12 
-4  38 
-12  -16 
-12  18 
18  8 
37  14 
-22  -5 
15  -29 
-15  -13 
14  -9 
46  33 
2  20 
6  10 
-15  22 
18  29 
-14  4 
-11  -4 
-14  -9 
1  -1 
26  -2 
38  3 
47  18 
17  -3 
-1  37 
4  28 
35  23 
12  24 
-27  3 
9  44 
-5  17 
7  26 
7  -15 
25  19 
19  0 
-18  -4 
-5  -4 
33  20 
2  -9 
3  22 
-13  31 
21  8 
25  12 
8  13 
-10  10 
3  -10 
24  -5 
16  12 
17  -17 
23  16 
29  5 
-8  0 
36  11 
22  5 
-36  -28 
7  14 
23  33 
12  13 
19  2 
1  6 
-16  25 
16  3 
-18  17 
8  56 
13  -7 
19  -1 
19  1 
10  30 
26  15 
15  24 
2  23 
23  38 
-20  23 
0  24 
-13  31 
18  8 
24  35 
18  12 
-6  37 
-11  -15 
-9  19 
22  11 
37  13 
-22  -4 
17  -32 
-11  -13 
13  -9 
48  29 
5  17 
3  13 
-16  21 
14  29 
-13  3 
-5  -1 
-16  -6 
1  -1 
25  -6 
37  0 
47  22 
18  -1 
-4  38 
2  28 
35  29 
12  20 
-31  2 
8  44 
-5  17 
6  29 
6  -16 
25  25 
19  2 
-14  -2 
-7  -2 
32  14 
1  -9 
2  22 
-13  40 
21  8 
31  13 
7  12 
-13  14 
3  -10 
19  -8 
16  13 
18  -16 
20  11 
29  4 
-7  0 
35  11 
23  8 
-35  -29 
3  16 
21  32 
12  13 
18  0 
-2  6 
-16  24 
18  5 
-20  16 
10  56 
13  -6 
17  -3 
22  -2 
10  32 
25  16 
14  27 
3  22 
23  33 
-18  22 
1  24 
-12  28 
19  8 
21  36 
18  12 
-11  37 
-6  -19 
-7  23 
26  12 
36  12 
-22  -4 
15  -31 
-11  -13 
10  -10 
50  28 
3  20 
3  10 
-19  19 
14  29 
-9  4 
-5  0 
-11  -10 
2  0 
21  -9 
36  -2 
46  24 
18  -5 
-7  41 
-2  26 
37  29 
8  19 
-30  3 
10  44 
-1  21 
6  33 
7  -16 
24  25 
19  2 
-13  0 
-7  -4 
33  18 
2  -9 
1  23 
-11  38 
16  7 
25  10 
0  11 
-12  16 
1  -13 
19  -8 
15  11 
15  -16 
17  14 
28  4 
-10  0 
34  11 
22  6 
-36  -25 
2  18 
22  36 
14  15 
17  1 
0  3 
-13  23 
17  3 
-24  11 
9  56 
12  -7 
17  -2 
24  -2 
8  33 
22  17 
16  27 
5  22 
22  36 
-22  23 
3  17 
-19  28 
27  8 
19  37 
18  12 
-14  38 
-6  -24 
-9  24 
23  10 
36  12 
-22  -4 
14  -31 
-5  -17 
12  -7 
48  25 
7  17 
0  11 
-15  16 
15  29 
-5  2 
-5  -1 
-7  -10 
1  -1 
19  -10 
39  -1 
47  26 
18  -5 
-9  39 
-3  29 
36  29 
6  23 
-31  5 
12  40 
-3  17 
2  32 
9  -16 
25  27 
17  4 
-11  -2 
-6  -5 
34  18 
1  -9 
4  24 
-10  38 
11  9 
27  13 
-3  10 
-11  14 
2  -15 
19  -8 
15  12 
15  -14 
17  14 
31  3 
-10  3 
34  11 
21  6 
-40  -17 
0  16 
19  33 
14  17 
16  -2 
-1  6 
-14  24 
17  3 
-24  11 
10  55 
11  -7 
18  -1 
24  -2 
7  31 
26  18 
13  27 
4  21 
24  35 
-22  24 
1  19 
-18  26 
29  10 
19  37 
17  11 
-12  40 
-5  -23 
-7  24 
23  10 
36  12 
-20  -4 
13  -37 
-5  -17 
9  -4 
47  24 
9  27 
2  8 
-14  15 
12  28 
-9  6 
-5  -1 
-10  -12 
-3  -1 
21  -9 
41  3 
50  23 
18  -3 
-9  39 
-2  28 
35  29 
6  24 
-28  1 
13  41 
0  23 
5  31 
9  -18 
24  28 
18  6 
-14  3 
-8  0 
30  21 
2  -5 
3  28 
-11  38 
8  9 
27  13 
-3  9 
-12  16 
1  -13 
19  -8 
10  9 
16  -13 
19  19 
30  -2 
-10  10 
37  14 
21  8 
-38  -18 
3  16 
23  37 
16  18 
19  2 
-1  7 
-12  24 
16  3 
-26  11 
15  54 
10  -7 
17  -3 
22  -2 
6  34 
22  18 
14  29 
3  20 
27  31 
-21  26 
2  22 
-14  31 
27  12 
20  43 
18  15 
-13  40 
-7  -20 
-2  25 
22  11 
31  12 
-22  -4 
14  -40 
-4  -17 
9  -4 
47  22 
8  24 
1  6 
-17  17 
10  26 
-5  4 
-7  -4 
-9  -13 
-1  -1 
26  -10 
43  8 
49  25 
19  -3 
-5  36 
-2  28 
35  29 
10  23 
-28  4 
9  38 
1  23 
7  33 
11  -16 
25  27 
21  5 
-16  1 
-5  -1 
31  23 
3  -7 
4  32 
-9  40 
4  8 
24  15 
-3  10 
-12  16 
1  -12 
20  -9 
10  10 
15  -15 
17  23 
30  -2 
-12  9 
36  11 
23  4 
-35  -15 
1  19 
20  36 
20  22 
24  6 
0  4 
-13  26 
18  4 
-26  11 
15  57 
14  -3 
16  -2 
21  2 
5  31 
24  21 
16  31 
2  20 
28  29 
-20  23 
0  26 
-13  31 
27  14 
21  42 
20  16 
-7  41 
-5  -21 
-1  22 
21  6 
29  10 
-24  -3 
13  -40 
-9  -16 
8  -4 
43  18 
9  24 
3  8 
-20  17 
16  27 
-3  4 
-7  -3 
-3  -11 
-4  -2 
31  -7 
41  3 
53  24 
22  -4 
-5  36 
-2  28 
35  29 
12  22 
-30  3 
9  38 
4  24 
7  33 
11  -20 
24  26 
21  8 
-14  -3 
-8  0 
29  25 
4  -8 
1  31 
-9  39 
2  11 
22  17 
-3  10 
-12  20 
1  -13 
22  -6 
10  10 
9  -13 
17  23 
30  -2 
-12  11 
36  9 
25  5 
-35  -18 
3  17 
24  34 
24  23 
27  5 
2  3 
-14  24 
20  4 
-23  14 
14  55 
15  -3 
18  -1 
23  2 
3  33 
22  18 
16  32 
4  18 
28  34 
-18  23 
0  24 
-12  35 
28  16 
22  40 
18  16 
-8  40 
-5  -20 
-1  22 
21  6 
32  13 
-24  -2 
13  -39 
-7  -15 
9  -4 
44  21 
10  23 
5  5 
-23  19 
13  27 
-2  3 
-9  -6 
-10  -12 
-1  0 
34  -5 
38  5 
52  24 
24  -8 
-6  41 
-3  28 
35  31 
13  20 
-25  6 
10  38 
3  22 
11  33 
11  -16 
24  26 
22  7 
-17  -3 
-5  -3 
29  25 
8  -7 
3  36 
-8  37 
1  11 
23  15 
-3  10 
-9  23 
1  -8 
18  -5 
5  11 
12  -11 
16  23 
29  -2 
-13  8 
36  7 
22  8 
-35  -18 
5  19 
26  35 
21  28 
29  4 
1  3 
-13  22 
20  3 
-26  9 
15  56 
14  -3 
19  -2 
22  2 
5  31 
20  16 
14  31 
1  19 
27  33 
-19  23 
-2  28 
-10  36 
28  16 
23  37 
19  17 
-6  40 
-7  -24 
1  28 
19  6 
29  12 
-23  -3 
10  -40 
-7  -17 
9  -4 
42  22 
11  24 
2  8 
-21  19 
15  26 
-4  3 
-8  -7 
-10  -17 
-1  0 
34  -1 
39  8 
52  23 
21  -13 
-5  40 
-5  29 
36  31 
15  19 
-24  2 
11  39 
3  22 
11  33 
8  -14 
24  26 
22  7 
-19  -4 
-6  -3 
28  24 
6  -7 
2  35 
-5  36 
0  11 
23  13 
-3  9 
-11  24 
2  -9 
17  -6 
4  15 
8  -11 
18  25 
31  -3 
-18  14 
36  9 
23  8 
-38  -22 
7  20 
26  35 
21  26 
27  8 
0  3 
-12  18 
17  -2 
-26  9 
14  56 
12  0 
23  -5 
24  4 
8  29 
19  16 
16  32 
0  23 
28  36 
-21  22 
-5  27 
-10  36 
28  19 
23  37 
19  18 
-7  40 
-4  -22 
2  28 
21  6 
30  8 
-22  5 
12  -39 
-8  -12 
9  -2 
40  24 
12  24 
-1  6 
-22  19 
13  27 
-4  3 
-8  -6 
-9  -16 
-3  -3 
32  0 
39  12 
55  19 
18  -14 
-5  40 
-3  29 
32  29 
13  18 
-26  4 
11  41 
2  22 
9  31 
8  -20 
24  23 
21  5 
-18  -2 
-6  -4 
29  24 
5  -9 
2  36 
-6  35 
6  13 
23  13 
-2  8 
-11  23 
0  -10 
18  -5 
4  15 
10  -13 
17  23 
33  -3 
-11  12 
36  7 
21  7 
-40  -24 
7  17 
25  32 
21  28 
27  11 
-2  0 
-10  18 
18  -4 
-24  9 
14  51 
11  9 
24  -4 
23  2 
9  29 
16  18 
14  31 
2  25 
30  36 
-23  21 
-11  27 
-9  39 
26  18 
22  40 
23  17 
-9  43 
-6  -21 
0  23 
21  5 
31  11 
-21  7 
11  -42 
-5  -13 
6  -3 
41  28 
15  24 
-5  9 
-24  23 
10  29 
-2  5 
-6  -3 
-8  -18 
-2  -1 
31  4 
41  11 
53  23 
18  -14 
-7  41 
-3  30 
32  33 
14  16 
-28  4 
11  37 
0  25 
7  33 
8  -20 
25  25 
22  8 
-19  -1 
-5  -4 
30  23 
7  -6 
6  35 
-5  37 
9  16 
26  12 
-2  8 
-6  21 
3  -10 
19  -3 
1  23 
11  -13 
17  29 
34  -5 
-10  13 
35  5 
20  11 
-36  -25 
9  24 
23  40 
22  22 
28  11 
0  4 
-10  18 
21  -6 
-26  9 
13  51 
11  13 
25  -1 
23  2 
8  29 
15  19 
15  31 
1  26 
29  36 
-21  22 
-7  25 
-9  39 
22  19 
22  42 
22  18 
-9  44 
-10  -22 
-2  19 
21  8 
30  8 
-19  7 
7  -39 
-5  -14 
5  -1 
42  30 
11  27 
-9  8 
-22  25 
9  27 
-2  6 
-6  -3 
-9  -17 
-3  -1 
32  0 
41  11 
55  24 
19  -14 
-11  44 
-3  30 
36  32 
16  18 
-27  1 
13  38 
2  23 
13  34 
5  -18 
26  27 
23  8 
-19  -1 
-6  -2 
30  23 
5  -9 
6  35 
-3  34 
8  16 
27  13 
-3  9 
-5  20 
3  -10 
18  -4 
0  22 
11  -11 
19  32 
34  -5 
-9  13 
35  2 
25  17 
-36  -28 
7  26 
24  38 
21  23 
36  11 
2  8 
-12  19 
22  -6 
-26  9 
12  55 
12  13 
24  -5 
16  3 
10  30 
15  19 
10  33 
1  27 
30  35 
-22  23 
-8  24 
-9  40 
19  19 
25  42 
23  13 
-3  43 
-18  -21 
-2  16 
22  8 
30  3 
-18  6 
7  -40 
-4  -13 
8  -2 
39  27 
13  30 
-5  6 
-22  24 
9  24 
1  8 
-9  -3 
-7  -17 
-3  0 
31  -1 
42  11 
51  24 
18  -12 
-13  43 
-7  27 
38  32 
16  18 
-30  -2 
14  35 
2  27 
14  31 
4  -19 
25  27 
18  5 
-23  1 
-5  0 
31  22 
8  -9 
8  36 
-3  34 
9  16 
27  11 
-5  9 
-5  17 
6  -5 
17  -5 
-1  22 
10  -14 
19  32 
32  -6 
-11  7 
35  4 
24  13 
-37  -30 
5  25 
24  36 
18  19 
36  12 
0  11 
-11  18 
24  -5 
-23  9 
10  52 
16  11 
20  -4 
17  4 
10  30 
13  23 
6  31 
1  28 
26  35 
-23  23 
-12  24 
-11  36 
23  17 
24  41 
23  13 
-5  43 
-18  -21 
-2  16 
26  12 
31  3 
-17  8 
6  -31 
-4  -13 
8  -2 
41  27 
12  28 
-5  7 
-17  22 
13  25 
2  6 
-6  -2 
-5  -21 
-2  5 
32  0 
40  11 
55  26 
18  -12 
-13  46 
-3  29 
31  29 
17  17 
-31  3 
13  36 
2  23 
16  31 
4  -22 
27  31 
19  7 
-24  3 
-5  -4 
33  20 
7  -12 
8  35 
-1  32 
8  16 
28  9 
-5  9 
-7  18 
3  -5 
18  -3 
5  21 
9  -16 
18  32 
30  -12 
-8  5 
35  5 
26  20 
-37  -30 
4  24 
24  36 
19  17 
37  14 
1  12 
-10  18 
20  -4 
-23  8 
5  51 
17  10 
17  -1 
9  5 
10  30 
13  25 
6  33 
1  26 
26  35 
-23  23 
-13  26 
-12  33 
23  17 
25  42 
25  16 
-8  46 
-19  -12 
-2  15 
27  14 
31  3 
-19  7 
3  -32 
-8  -11 
9  -2 
42  28 
14  29 
-5  9 
-19  21 
13  23 
0  6 
-6  -5 
-7  -23 
0  10 
32  1 
43  2 
55  26 
18  -12 
-13  45 
-3  31 
35  31 
17  17 
-33  0 
11  37 
0  23 
16  31 
1  -21 
28  29 
22  11 
-27  4 
-5  -4 
33  20 
5  -9 
8  36 
-2  32 
9  16 
27  13 
-3  9 
-7  18 
4  -8 
16  -2 
7  23 
8  -16 
16  32 
31  -15 
-8  4 
36  3 
31  19 
-37  -30 
3  16 
22  36 
20  16 
34  17 
0  11 
-10  23 
17  -5 
-24  7 
1  51 
17  10 
18  -1 
9  4 
10  28 
16  22 
8  29 
0  23 
29  30 
-22  25 
-15  25 
-15  32 
23  13 
21  37 
24  18 
-8  44 
-18  -13 
-2  16 
26  9 
34  4 
-19  6 
4  -32 
-11  -9 
13  0 
42  26 
15  29 
-7  8 
-22  19 
15  22 
-2  6 
-6  -3 
-5  -21 
2  8 
33  1 
42  2 
56  27 
23  -12 
-14  44 
-2  28 
34  31 
17  18 
-29  -3 
9  40 
5  22 
19  27 
-1  -21 
30  30 
23  10 
-28  0 
-9  1 
31  20 
6  -10 
8  33 
-2  32 
9  16 
30  12 
-6  9 
-8  17 
7  -9 
17  1 
7  24 
7  -14 
17  33 
31  -17 
-12  4 
36  3 
26  17 
-38  -30 
0  20 
19  36 
19  17 
35  17 
0  11 
-7  23 
16  -9 
-25  4 
1  51 
15  11 
21  3 
9  5 
11  23 
18  23 
9  28 
1  23 
32  33 
-26  29 
-15  27 
-12  33 
30  10 
23  37 
24  18 
-11  43 
-20  -16 
-2  15 
25  5 
35  4 
-19  6 
7  -27 
-13  -6 
13  1 
40  23 
15  31 
-8  8 
-21  19 
15  23 
-3  8 
-10  -2 
-6  -23 
4  6 
33  0 
43  2 
50  23 
21  -12 
-13  46 
-3  29 
36  32 
15  16 
-31  -4 
9  38 
5  22 
22  26 
2  -18 
31  29 
23  10 
-26  0 
-5  0 
32  20 
4  -8 
6  29 
-2  32 
8  18 
33  14 
-5  9 
-5  17 
8  -12 
19  -3 
8  19 
8  -14 
14  31 
31  -16 
-14  4 
38  5 
27  20 
-38  -29 
1  21 
17  43 
18  16 
35  19 
-1  12 
-8  24 
17  -6 
-22  6 
0  51 
16  11 
21  2 
9  5 
12  24 
17  23 
7  32 
1  27 
33  34 
-25  29 
-15  25 
-14  32 
30  10 
23  33 
25  16 
-8  46 
-18  -9 
2  16 
24  4 
34  4 
-20  4 
8  -29 
-12  -7 
13  0 
40  31 
15  31 
-9  7 
-22  16 
18  24 
-3  8 
-9  0 
-5  -24 
2  5 
28  4 
41  3 
47  25 
22  -12 
-15  42 
-3  30 
36  32 
14  15 
-31  -4 
7  40 
6  23 
21  26 
4  -19 
30  26 
23  11 
-30  3 
-5  -3 
31  19 
13  -10 
2  30 
-2  32 
11  24 
32  14 
-3  9 
-1  19 
4  -12 
23  -3 
5  21 
7  -14 
16  31 
33  -12 
-12  9 
38  6 
32  20 
-39  -32 
4  18 
15  44 
17  17 
34  17 
-1  12 
-7  23 
16  -6 
-20  6 
5  51 
14  11 
21  -1 
9  4 
11  25 
16  22 
5  31 
0  22 
33  34 
-23  30 
-15  25 
-10  33 
32  13 
27  34 
26  15 
-7  47 
-15  -8 
3  11 
24  4 
31  8 
-18  3 
6  -27 
-12  -7 
15  0 
42  27 
15  31 
-9  9 
-22  15 
18  25 
1  7 
-11  -2 
-8  -20 
1  3 
29  2 
44  1 
52  24 
21  -14 
-16  38 
-2  28 
27  32 
16  12 
-31  -4 
7  37 
7  20 
23  28 
5  -18 
29  23 
21  12 
-34  4 
-5  -4 
33  20 
13  -10 
3  30 
-2  32 
11  24 
29  11 
-2  6 
3  22 
4  -15 
23  -3 
-1  22 
8  -16 
16  31 
35  -11 
-10  10 
38  3 
31  19 
-38  -32 
3  18 
15  48 
18  22 
34  18 
-1  12 
-7  23 
17  -6 
-21  7 
9  48 
14  11 
21  -1 
11  3 
15  26 
18  19 
7  32 
2  22 
34  35 
-23  29 
-16  24 
-11  31 
37  14 
27  31 
28  16 
-5  48 
-19  -8 
2  10 
25  5 
32  9 
-20  3 
8  -27 
-14  -2 
15  -4 
40  26 
16  32 
-10  3 
-22  16 
19  22 
1  7 
-10  -2 
-6  -19 
1  6 
26  4 
46  -5 
49  25 
22  -12 
-16  41 
-2  28 
28  26 
16  14 
-30  -5 
5  41 
9  18 
23  28 
4  -22 
32  24 
20  11 
-33  6 
-5  0 
35  19 
13  -10 
1  31 
-2  32 
11  23 
30  12 
-2  5 
5  22 
0  -13 
23  -3 
-4  23 
11  -16 
15  31 
36  -11 
-8  13 
35  4 
34  17 
-39  -32 
2  18 
16  47 
17  23 
35  17 
-1  12 
-5  22 
22  -9 
-18  6 
12  48 
14  11 
23  -2 
12  1 
13  27 
17  19 
6  33 
1  16 
31  39 
-26  29 
-16  24 
-11  32 
34  15 
27  33 
29  16 
-5  49 
-20  -7 
2  11 
25  5 
34  5 
-19  6 
6  -25 
-13  0 
15  -4 
38  24 
17  34 
-11  5 
-21  16 
19  20 
3  10 
-10  -2 
-6  -23 
-2  5 
27  5 
45  -9 
51  25 
24  -8 
-18  42 
0  26 
28  26 
18  15 
-24  -2 
5  42 
9  18 
24  28 
3  -22 
33  25 
23  11 
-33  3 
-7  -3 
35  20 
16  -6 
2  34 
-4  32 
9  23 
30  13 
-5  4 
4  21 
0  -16 
23  -3 
-2  23 
15  -14 
16  31 
37  -11 
-8  14 
33  0 
32  20 
-37  -32 
-1  17 
16  47 
19  22 
35  17 
-1  12 
-4  23 
27  -6 
-19  8 
11  47 
14  11 
24  -7 
13  1 
12  26 
19  22 
10  30 
3  17 
29  43 
-26  31 
-15  25 
-12  29 
36  11 
27  34 
28  13 
-2  51 
-18  -9 
2  7 
24  1 
26  3 
-21  7 
6  -25 
-12  -4 
15  -4 
36  23 
18  35 
-11  4 
-23  17 
17  24 
2  10 
-10  -2 
-6  -25 
-2  6 
27  6 
49  -10 
51  24 
25  -3 
-19  43 
1  27 
25  27 
18  19 
-23  -2 
7  39 
6  18 
30  32 
1  -22 
33  27 
21  12 
-34  4 
-6  -2 
34  20 
17  -6 
4  32 
-4  33 
13  24 
32  13 
-5  4 
3  22 
-2  -15 
27  -3 
-2  20 
15  -11 
14  29 
41  -14 
-7  14 
31  2 
33  21 
-38  -32 
-2  16 
14  47 
20  23 
35  19 
-1  12 
-3  23 
23  -7 
-19  8 
13  43 
16  12 
22  -4 
10  3 
14  31 
19  22 
11  31 
-1  17 
29  38 
-24  33 
-16  24 
-14  32 
35  11 
26  35 
21  11 
-1  52 
-18  -5 
4  8 
25  2 
26  4 
-19  6 
7  -27 
-12  -4 
15  -4 
36  23 
18  36 
-10  3 
-21  20 
15  24 
2  11 
-10  -1 
-6  -25 
1  3 
27  6 
49  -8 
55  23 
23  -5 
-17  42 
2  23 
24  25 
18  19 
-21  -1 
7  34 
4  18 
32  33 
-3  -22 
37  29 
23  17 
-31  4 
-5  -3 
32  20 
18  -5 
3  33 
-3  34 
14  27 
30  13 
-5  6 
0  23 
-2  -14 
24  1 
2  20 
14  -11 
8  29 
42  -18 
-3  10 
29  8 
31  23 
-34  -35 
3  20 
16  47 
21  27 
37  17 
-2  12 
-4  18 
22  -3 
-17  8 
14  44 
16  12 
26  -7 
14  -3 
15  31 
19  17 
13  34 
-2  16 
27  40 
-23  35 
-15  25 
-17  33 
34  11 
26  35 
22  11 
-1  52 
-16  -6 
1  8 
27  2 
27  5 
-18  8 
9  -24 
-13  -7 
14  -2 
38  25 
22  36 
-9  4 
-18  22 
10  23 
0  11 
-8  2 
-5  -23 
0  3 
27  6 
50  -10 
55  26 
23  -3 
-17  42 
4  19 
26  24 
19  21 
-19  -4 
4  33 
-2  19 
32  33 
-3  -23 
37  30 
24  18 
-34  3 
-6  0 
35  19 
18  -5 
8  33 
-6  35 
10  24 
30  13 
-4  3 
1  23 
-2  -14 
24  1 
-1  19 
11  -12 
7  31 
41  -21 
-3  9 
28  9 
35  23 
-37  -32 
-2  20 
16  47 
21  26 
37  19 
-2  11 
-6  17 
20  -4 
-19  7 
8  44 
16  11 
24  -5 
13  1 
16  31 
16  18 
7  31 
1  16 
25  39 
-24  33 
-19  19 
-17  33 
38  15 
20  36 
23  11 
-2  52 
-16  -8 
1  8 
30  -2 
28  4 
-17  8 
8  -25 
-16  -7 
14  -3 
38  25 
23  37 
-4  2 
-24  23 
10  23 
0  11 
-9  4 
-2  -23 
2  2 
27  3 
47  -12 
49  25 
27  0 
-17  42 
5  25 
26  23 
17  23 
-16  -4 
7  34 
-3  21 
26  29 
-2  -24 
39  27 
22  18 
-36  1 
-8  0 
34  18 
17  -6 
8  33 
-5  37 
11  19 
34  9 
-1  2 
1  23 
2  -14 
27  2 
-2  19 
11  -13 
5  31 
39  -21 
-7  8 
28  6 
35  24 
-39  -33 
-1  21 
15  49 
21  25 
39  20 
-2  11 
-5  16 
22  0 
-18  8 
9  44 
17  17 
24  -2 
9  -2 
15  24 
18  19 
7  33 
2  11 
26  38 
-24  33 
-17  20 
-17  35 
36  12 
22  30 
20  10 
1  52 
-12  -7 
-2  8 
31  -3 
26  4 
-18  7 
8  -24 
-21  -8 
15  -1 
41  26 
20  43 
-4  3 
-24  22 
13  20 
-4  11 
-7  1 
-1  -23 
0  5 
27  6 
47  -6 
49  23 
32  0 
-16  44 
5  22 
28  24 
18  26 
-19  -4 
7  31 
-3  17 
26  35 
-2  -24 
42  26 
23  18 
-35  0 
-7  -4 
34  15 
18  -5 
9  36 
-6  37 
10  18 
29  12 
5  12 
-2  25 
2  -12 
28  6 
-3  14 
9  -16 
8  29 
39  -21 
-8  8 
31  4 
36  27 
-39  -32 
0  24 
17  48 
21  27 
39  20 
-2  12 
-9  19 
25  -4 
-14  10 
10  43 
13  18 
22  -1 
9  -2 
15  26 
20  20 
6  32 
1  12 
22  38 
-26  31 
-16  23 
-16  35 
35  11 
22  31 
20  11 
1  51 
-13  -7 
-3  10 
29  -2 
28  4 
-23  9 
8  -27 
-21  -8 
14  -1 
42  25 
23  42 
-5  2 
-25  25 
14  20 
-8  9 
-7  0 
-1  -23 
0  3 
29  10 
47  -6 
46  24 
31  -1 
-18  47 
5  22 
29  24 
16  27 
-16  -2 
6  31 
-5  17 
26  35 
1  -24 
41  27 
17  19 
-34  -3 
-5  -4 
34  15 
17  -6 
9  36 
-6  38 
7  20 
31  13 
6  10 
-3  23 
4  -12 
25  5 
-4  11 
11  -16 
7  30 
45  -26 
-5  7 
31  5 
38  31 
-37  -32 
-4  23 
18  45 
22  28 
41  22 
-8  13 
-8  20 
25  -9 
-17  13 
10  43 
13  13 
22  -1 
6  -2 
16  27 
26  18 
4  35 
1  11 
23  38 
-26  31 
-16  24 
-13  34 
36  12 
23  31 
23  10 
2  51 
-15  -9 
0  11 
31  -1 
31  3 
-22  8 
10  -28 
-21  -8 
15  -1 
42  28 
18  43 
-7  4 
-25  24 
13  21 
-10  8 
-9  4 
-1  -23 
0  3 
28  9 
49  -4 
47  24 
33  0 
-22  45 
2  18 
29  25 
14  28 
-17  -3 
6  29 
-2  19 
20  36 
-5  -26 
41  28 
19  19 
-32  -4 
-7  -4 
34  17 
12  -7 
6  35 
-9  37 
10  18 
30  13 
10  10 
-4  23 
7  -12 
28  4 
-7  14 
12  -16 
8  33 
46  -23 
-5  6 
30  3 
38  32 
-37  -32 
-5  23 
17  43 
21  27 
40  30 
-7  13 
-8  20 
26  -12 
-14  11 
13  43 
15  11 
19  0 
7  0 
16  27 
26  24 
7  33 
0  11 
25  39 
-23  34 
-15  25 
-15  31 
34  9 
24  34 
21  11 
2  51 
-14  -7 
-1  10 
33  0 
26  3 
-26  7 
8  -29 
-22  -9 
13  1 
41  26 
18  45 
-9  5 
-25  27 
13  23 
-9  4 
-11  7 
-1  -23 
-1  2 
28  9 
48  -4 
44  24 
31  -1 
-23  43 
8  20 
26  25 
10  30 
-17  -3 
7  23 
-4  17 
21  36 
-4  -28 
38  26 
18  20 
-35  2 
-14  -2 
31  17 
14  -9 
6  35 
-11  40 
9  18 
31  13 
4  8 
-4  23 
3  -12 
31  3 
-10  13 
9  -15 
5  32 
44  -19 
-2  4 
28  4 
37  30 
-39  -33 
2  19 
18  42 
24  26 
41  32 
-7  13 
-11  22 
27  -15 
-17  10 
12  44 
16  11 
22  2 
7  0 
14  27 
25  26 
6  32 
-1  10 
25  42 
-22  36 
-15  27 
-17  30 
37  8 
28  40 
20  11 
2  51 
-14  -9 
3  8 
33  0 
27  1 
-26  4 
7  -27 
-22  -8 
14  -5 
41  27 
21  43 
-9  -1 
-27  23 
15  23 
-5  9 
-13  6 
-1  -23 
-6  -2 
31  9 
45  -9 
44  24 
31  2 
-23  43 
9  16 
27  23 
7  31 
-19  -3 
9  25 
-5  17 
20  38 
-4  -26 
38  26 
18  19 
-42  3 
-11  -2 
28  13 
10  -7 
1  31 
-8  42 
10  18 
30  12 
1  8 
-3  24 
-2  -12 
33  4 
-11  12 
8  -16 
4  32 
42  -21 
-5  5 
27  2 
33  28 
-41  -34 
4  14 
13  34 
30  26 
41  32 
-8  14 
-8  24 
31  -16 
-13  12 
16  43 
13  10 
19  7 
7  0 
15  26 
26  27 
8  34 
-3  10 
24  38 
-22  35 
-16  25 
-18  31 
36  12 
24  39 
23  10 
1  51 
-16  -12 
3  8 
33  1 
28  -2 
-29  5 
5  -29 
-21  -8 
16  -7 
41  27 
18  39 
-6  -2 
-31  27 
15  24 
-2  8 
-14  4 
-2  -24 
-5  -1 
28  9 
44  -14 
45  25 
30  3 
-18  42 
8  15 
26  23 
7  31 
-20  -4 
8  24 
-8  20 
22  50 
-3  -26 
41  23 
17  17 
-45  5 
-11  -2 
26  15 
13  -7 
0  31 
-9  40 
10  18 
25  12 
0  6 
2  27 
-2  -8 
36  2 
-14  9 
8  -14 
3  31 
41  -21 
-2  6 
26  -2 
36  27 
-39  -34 
4  15 
11  33 
33  27 
43  37 
-8  15 
-8  22 
33  -20 
-13  8 
16  43 
10  8 
21  8 
11  -1 
14  27 
22  28 
4  34 
-3  9 
25  39 
-22  35 
-14  24 
-19  32 
34  11 
25  40 
27  13 
1  51 
-19  -12 
-2  6 
34  1 
26  -1 
-28  4 
10  -30 
-22  -8 
15  -8 
38  25 
19  37 
-6  -5 
-27  27 
15  24 
-3  8 
-12  4 
3  -29 
-5  -1 
24  13 
44  -16 
45  25 
31  4 
-18  40 
9  16 
32  22 
8  33 
-16  -5 
12  26 
-7  21 
23  50 
-2  -24 
40  24 
18  23 
-50  4 
-11  -2 
27  14 
12  -7 
-3  24 
-14  38 
11  19 
24  18 
3  2 
7  26 
0  -9 
37  3 
-14  15 
9  -16 
3  28 
45  -23 
-5  6 
27  0 
34  29 
-39  -33 
1  17 
12  34 
35  29 
40  36 
-9  13 
-8  20 
34  -20 
-13  11 
16  43 
15  5 
17  6 
17  -6 
10  28 
22  28 
-1  37 
-3  9 
28  38 
-22  35 
-14  24 
-17  36 
36  12 
25  42 
29  12 
7  52 
-18  -15 
1  3 
34  1 
23  0 
-25  4 
10  -30 
-21  -8 
13  -13 
38  25 
20  36 
-6  -1 
-26  27 
15  22 
-2  8 
-9  3 
0  -29 
-4  -2 
25  14 
47  -13 
44  26 
31  4 
-23  37 
8  16 
32  21 
7  34 
-16  -5 
15  27 
-8  20 
23  50 
-3  -26 
38  24 
17  24 
-48  4 
-13  -7 
28  15 
12  -7 
0  23 
-15  39 
10  16 
23  17 
1  2 
9  25 
1  -9 
35  5 
-16  13 
7  -15 
1  26 
45  -32 
-5  6 
30  -2 
35  29 
-36  -26 
5  16 
12  35 
37  28 
46  35 
-7  14 
-6  20 
33  -19 
-11  10 
17  43 
16  3 
18  9 
15  -9 
13  28 
25  28 
-2  39 
-2  12 
26  39 
-25  37 
-13  24 
-18  31 
36  12 
25  42 
30  10 
9  52 
-18  -14 
-3  3 
31  -1 
23  2 
-25  5 
8  -31 
-26  -9 
10  -14 
38  25 
18  36 
-6  -3 
-28  28 
17  18 
1  11 
-12  4 
3  -22 
5  1 
27  11 
46  -16 
47  26 
29  7 
-20  36 
9  18 
35  19 
4  33 
-21  -3 
11  25 
-8  17 
22  50 
-3  -26 
38  22 
13  27 
-48  4 
-13  -7 
31  12 
13  -6 
-4  29 
-17  40 
8  19 
22  19 
-1  2 
9  24 
0  -9 
35  6 
-17  10 
7  -17 
-1  26 
41  -32 
-7  3 
30  -2 
34  29 
-35  -29 
4  19 
14  38 
37  29 
46  35 
-10  12 
-9  17 
33  -19 
-14  11 
13  44 
14  4 
20  5 
13  -9 
15  27 
23  28 
-1  40 
-2  12 
26  38 
-25  37 
-13  23 
-18  31 
38  3 
25  41 
33  8 
5  47 
-18  -12 
-5  3 
28  -1 
21  3 
-20  4 
7  -32 
-26  -9 
11  -13 
44  28 
17  37 
-4  -2 
-28  33 
17  18 
-1  14 
-15  5 
2  -22 
6  -3 
25  11 
48  -16 
47  26 
32  6 
-18  37 
9  25 
35  16 
7  34 
-17  -4 
12  19 
-6  17 
20  51 
-2  -24 
40  23 
14  28 
-51  4 
-13  -9 
30  12 
13  -6 
-3  30 
-23  41 
9  22 
19  17 
-1  -1 
13  23 
1  -9 
34  4 
-17  10 
7  -20 
1  20 
41  -32 
-9  4 
28  -2 
34  29 
-37  -23 
4  21 
13  40 
37  29 
46  35 
-12  9 
-9  19 
32  -20 
-16  12 
12  44 
12  1 
22  2 
15  -9 
18  26 
21  27 
0  40 
-1  12 
26  38 
-25  36 
-14  24 
-19  31 
35  2 
25  42 
35  9 
1  45 
-16  -12 
-4  3 
32  0 
20  3 
-24  -2 
4  -34 
-25  -9 
11  -13 
41  26 
19  39 
2  2 
-23  34 
17  17 
-2  16 
-16  4 
3  -20 
4  -2 
24  13 
48  -16 
47  26 
33  3 
-21  37 
7  25 
34  16 
5  31 
-19  -4 
14  17 
-5  17 
21  52 
-2  -25 
41  23 
15  26 
-49  4 
-13  -6 
30  8 
16  -8 
-3  31 
-23  41 
9  22 
22  18 
-3  -1 
12  24 
0  -9 
35  4 
-17  10 
7  -20 
1  19 
42  -32 
-11  4 
31  0 
34  29 
-38  -23 
8  13 
14  39 
37  24 
44  35 
-13  13 
-11  25 
32  -19 
-17  13 
9  41 
11  3 
23  2 
12  -12 
21  25 
21  27 
-1  40 
-2  12 
25  39 
-23  38 
-11  24 
-20  31 
36  3 
27  45 
37  8 
1  48 
-15  -15 
-3  3 
31  2 
18  5 
-25  -1 
4  -32 
-26  -9 
13  -16 
40  23 
22  40 
-3  0 
-24  31 
17  17 
-2  21 
-13  6 
4  -19 
6  -2 
23  17 
49  -15 
46  23 
33  3 
-21  37 
6  27 
34  15 
13  33 
-17  -2 
15  17 
-7  21 
23  53 
-2  -25 
38  26 
16  27 
-51  9 
-12  -7 
30  7 
16  -8 
-3  29 
-21  42 
11  24 
24  18 
-2  -1 
12  26 
2  -9 
32  13 
-18  10 
8  -20 
2  18 
42  -32 
-11  3 
32  3 
36  29 
-36  -25 
8  16 
12  40 
39  19 
38  36 
-13  11 
-8  24 
31  -17 
-17  10 
14  41 
9  2 
22  -3 
14  -11 
21  26 
18  26 
1  39 
-3  14 
20  44 
-24  38 
-9  27 
-19  31 
35  6 
27  40 
41  9 
2  48 
-16  -16 
-5  2 
33  1 
17  3 
-27  -3 
5  -33 
-26  -9 
15  -16 
42  22 
22  38 
-3  -1 
-24  32 
17  17 
-3  24 
-8  13 
6  -22 
9  -2 
23  17 
49  -16 
50  26 
31  4 
-22  39 
4  21 
34  16 
13  30 
-20  -4 
15  17 
-9  22 
23  53 
-2  -25 
40  28 
13  28 
-51  7 
-14  -10 
33  3 
13  -6 
-3  30 
-18  39 
12  24 
26  19 
-1  2 
12  25 
0  -14 
27  14 
-19  8 
14  -23 
1  20 
39  -34 
-9  3 
32  1 
37  29 
-35  -29 
9  16 
13  40 
39  20 
38  36 
-13  11 
-4  23 
29  -15 
-17  11 
15  39 
7  6 
24  -5 
15  -11 
21  26 
16  27 
2  40 
-8  13 
18  45 
-20  40 
-8  24 
-17  31 
34  9 
27  37 
42  9 
2  48 
-20  -16 
-5  6 
32  0 
16  3 
-33  0 
4  -36 
-29  -8 
8  -16 
43  22 
24  41 
-3  -2 
-26  31 
15  19 
-3  23 
-11  11 
6  -22 
10  -2 
23  13 
51  -17 
47  31 
33  2 
-23  37 
4  18 
28  18 
9  27 
-26  -3 
14  15 
-7  21 
21  52 
-1  -23 
39  30 
15  27 
-54  3 
-13  -7 
33  3 
10  -8 
-4  29 
-17  38 
15  24 
23  17 
0  2 
12  28 
1  -13 
26  13 
-22  8 
15  -23 
1  23 
39  -34 
-10  3 
33  0 
37  29 
-32  -31 
8  16 
12  41 
42  22 
39  39 
-15  11 
-3  24 
29  -18 
-19  11 
15  36 
2  5 
22  -2 
15  -11 
21  27 
16  27 
1  43 
-9  11 
18  45 
-20  37 
-11  24 
-17  33 
34  7 
25  39 
42  11 
1  45 
-16  -16 
-6  4 
33  1 
16  3 
-31  -2 
5  -35 
-28  -7 
7  -14 
45  22 
21  39 
-2  -1 
-25  31 
7  20 
-1  22 
-9  13 
2  -20 
14  -3 
18  15 
48  -16 
50  32 
28  3 
-23  37 
4  21 
24  15 
11  29 
-26  1 
15  16 
-9  19 
20  51 
-1  -27 
44  32 
11  26 
-53  4 
-13  -7 
31  4 
7  -9 
-3  30 
-17  35 
15  22 
20  23 
3  3 
10  28 
3  -12 
26  12 
-22  12 
13  -26 
-2  24 
37  -33 
-11  5 
33  0 
38  26 
-34  -25 
8  16 
9  42 
43  22 
39  38 
-11  9 
-3  23 
32  -20 
-18  8 
13  38 
1  6 
20  -4 
17  -11 
23  28 
16  27 
-3  41 
-10  12 
19  43 
-15  37 
-9  24 
-19  31 
33  5 
24  41 
43  10 
1  48 
-16  -16 
-8  4 
33  0 
15  4 
-31  -2 
7  -35 
-27  -6 
7  -14 
45  22 
21  39 
-2  -1 
-23  34 
8  20 
-1  19 
-13  14 
-3  -21 
17  -3 
18  15 
51  -13 
49  32 
28  4 
-22  36 
3  18 
24  14 
9  27 
-26  0 
14  15 
-9  19 
20  51 
-2  -28 
45  31 
12  20 
-55  5 
-14  -7 
31  3 
12  -7 
-5  29 
-21  37 
16  23 
20  23 
-1  2 
6  27 
6  -11 
28  11 
-24  12 
15  -29 
0  24 
37  -31 
-13  4 
34  1 
38  25 
-36  -27 
8  16 
9  44 
42  22 
44  38 
-10  10 
-4  18 
27  -20 
-16  8 
13  36 
5  9 
20  -4 
18  -14 
23  31 
18  28 
-2  39 
-13  11 
15  42 
-16  35 
-5  24 
-18  28 
30  6 
28  39 
41  11 
0  42 
-16  -22 
-14  3 
34  -1 
16  3 
-34  -2 
7  -34 
-27  -6 
8  -16 
44  22 
21  39 
2  0 
-24  34 
5  22 
-2  20 
-14  11 
2  -17 
17  -3 
18  15 
53  -15 
50  32 
28  6 
-22  36 
2  17 
25  17 
12  26 
-29  -1 
15  17 
-10  18 
17  49 
-1  -28 
44  32 
11  25 
-56  4 
-7  -7 
34  -2 
12  -7 
-8  29 
-21  37 
13  24 
15  25 
1  7 
5  25 
8  -11 
27  13 
-26  15 
14  -29 
3  20 
35  -31 
-8  4 
37  -1 
43  22 
-34  -25 
11  16 
9  44 
44  21 
42  38 
-14  9 
-7  18 
27  -23 
-13  5 
15  36 
5  11 
23  -2 
18  -16 
23  31 
24  28 
-3  37 
-14  7 
16  47 
-15  31 
-11  25 
-17  28 
36  10 
29  38 
38  10 
3  42 
-15  -18 
-14  4 
32  2 
17  3 
-34  -2 
7  -38 
-29  -7 
10  -17 
39  19 
24  38 
7  0 
-23  34 
1  26 
-3  19 
-13  13 
4  -19 
16  -2 
18  15 
51  -17 
53  30 
28  4 
-20  37 
7  11 
23  15 
12  24 
-27  0 
13  16 
-8  17 
17  49 
-2  -28 
44  35 
16  22 
-56  4 
-12  -9 
34  -5 
16  -8 
-5  29 
-21  37 
15  24 
15  26 
2  5 
5  25 
6  -7 
23  13 
-25  16 
15  -29 
4  19 
33  -32 
-5  -1 
39  2 
42  18 
-32  -21 
4  12 
9  44 
42  17 
42  35 
-11  9 
-4  23 
26  -25 
-14  3 
14  37 
1  11 
20  -4 
18  -17 
21  31 
30  28 
-6  35 
-16  5 
16  47 
-13  32 
-11  25 
-18  31 
37  9 
31  39 
37  10 
1  45 
-15  -18 
-12  6 
35  -1 
17  3 
-39  -1 
7  -38 
-27  -7 
9  -17 
39  19 
23  35 
6  -1 
-23  34 
2  23 
-3  17 
-13  14 
7  -20 
18  -1 
18  15 
50  -16 
54  31 
27  6 
-22  36 
8  9 
28  11 
10  23 
-26  -3 
12  13 
-7  20 
18  48 
2  -22 
46  35 
18  20 
-56  4 
-10  -10 
35  -3 
18  -8 
-5  29 
-21  37 
9  24 
15  26 
-2  6 
7  25 
7  -7 
24  15 
-25  16 
15  -29 
3  20 
33  -30 
-8  0 
43  2 
40  16 
-34  -23 
4  12 
8  44 
42  20 
42  37 
-10  12 
-2  24 
23  -27 
-15  5 
11  33 
0  11 
21  -3 
16  -18 
20  31 
32  24 
-6  37 
-15  5 
18  46 
-13  34 
-11  24 
-17  30 
38  8 
34  38 
37  10 
-1  50 
-15  -18 
-13  6 
34  -5 
13  3 
-39  0 
11  -36 
-29  -7 
7  -19 
42  22 
24  38 
11  -1 
-23  34 
0  23 
-5  19 
-12  16 
14  -20 
21  -1 
16  12 
49  -17 
55  31 
27  4 
-20  36 
12  8 
28  9 
10  24 
-27  1 
14  16 
-7  20 
16  49 
6  -22 
44  32 
21  22 
-57  2 
-10  -10 
35  -4 
16  -7 
-4  27 
-21  39 
7  23 
15  25 
-2  9 
4  24 
7  -9 
23  20 
-25  17 
14  -29 
9  22 
34  -31 
-9  3 
41  3 
43  17 
-31  -24 
6  12 
8  44 
39  17 
42  38 
-6  7 
-1  27 
25  -24 
-14  10 
13  36 
0  10 
19  -8 
14  -16 
27  32 
33  25 
-4  34 
-12  4 
16  43 
-12  36 
-11  22 
-17  30 
37  3 
41  39 
35  9 
1  47 
-15  -18 
-13  6 
34  -5 
13  4 
-36  -5 
11  -34 
-30  -10 
9  -22 
40  23 
24  41 
13  3 
-24  32 
3  22 
-3  17 
-14  18 
13  -19 
21  0 
18  11 
50  -17 
56  31 
25  7 
-16  38 
11  4 
26  15 
6  24 
-33  0 
13  17 
-9  22 
17  49 
-4  -27 
44  32 
30  18 
-59  3 
-6  -16 
35  -1 
19  1 
-5  25 
-24  42 
6  20 
15  24 
-5  6 
4  24 
5  -9 
23  16 
-25  16 
15  -29 
9  23 
33  -26 
-9  3 
42  2 
42  16 
-31  -24 
6  11 
9  40 
38  17 
43  33 
-6  8 
-2  29 
19  -28 
-13  13 
11  39 
1  11 
18  -8 
19  -18 
28  33 
35  26 
-3  34 
-14  3 
15  43 
-12  36 
-13  26 
-17  30 
38  5 
37  38 
36  9 
1  48 
-15  -21 
-9  4 
36  -8 
11  3 
-35  -9 
11  -33 
-32  -11 
8  -23 
42  28 
26  38 
13  4 
-29  29 
-1  22 
-4  18 
-13  20 
11  -23 
23  -4 
18  11 
50  -16 
56  31 
21  7 
-16  35 
9  4 
24  18 
6  24 
-36  1 
17  21 
-11  18 
17  50 
-7  -26 
52  33 
29  16 
-63  3 
-7  -17 
34  0 
18  0 
-8  24 
-24  43 
2  18 
15  24 
-6  9 
2  22 
5  -4 
21  16 
-25  17 
14  -29 
8  24 
33  -27 
-10  3 
40  4 
37  20 
-30  -24 
6  15 
7  42 
42  14 
44  32 
-4  7 
-3  29 
19  -28 
-13  13 
13  41 
7  11 
18  -8 
20  -18 
28  35 
32  28 
-3  34 
-16  3 
18  40 
-11  36 
-13  26 
-18  28 
38  5 
39  37 
37  9 
2  42 
-15  -18 
-7  0 
36  -8 
14  4 
-34  -11 
15  -34 
-32  -11 
10  -22 
41  28 
26  38 
8  11 
-30  30 
-2  26 
-2  19 
-13  17 
16  -22 
25  -1 
16  11 
52  -20 
55  31 
22  5 
-19  39 
10  3 
27  20 
9  24 
-38  -2 
17  19 
-11  18 
16  47 
-4  -25 
52  32 
27  18 
-63  3 
-9  -17 
33  1 
19  2 
-9  26 
-23  44 
7  14 
15  24 
-6  9 
3  22 
-2  -4 
22  17 
-21  19 
14  -29 
11  24 
32  -25 
-14  4 
41  3 
38  23 
-25  -23 
6  15 
5  51 
38  15 
44  32 
2  7 
1  31 
19  -28 
-10  15 
10  40 
7  11 
17  -10 
20  -16 
30  32 
35  27 
-8  34 
-19  1 
18  39 
-12  36 
-13  26 
-18  28 
37  10 
40  36 
43  13 
1  47 
-16  -19 
-7  3 
34  -9 
11  3 
-35  -9 
14  -33 
-32  -11 
8  -21 
42  26 
23  37 
8  13 
-28  33 
-4  23 
-3  18 
-16  14 
16  -22 
21  0 
15  11 
51  -16 
58  32 
21  -1 
-17  42 
9  5 
25  22 
6  24 
-34  -2 
17  17 
-8  20 
14  49 
-3  -26 
50  30 
27  24 
-63  3 
-14  -17 
35  -1 
18  0 
-11  32 
-19  43 
6  13 
16  27 
-5  9 
4  23 
-2  -4 
22  18 
-21  17 
16  -29 
11  29 
33  -19 
-11  4 
42  2 
37  20 
-25  -24 
7  13 
3  50 
38  15 
52  32 
-1  2 
-1  27 
19  -28 
-11  16 
11  42 
6  10 
20  -9 
21  -18 
33  34 
31  24 
-8  33 
-24  2 
17  37 
-11  36 
-12  24 
-19  26 
38  8 
43  37 
41  11 
3  48 
-16  -24 
-7  1 
35  -14 
7  3 
-39  -8 
10  -30 
-32  -11 
9  -22 
40  31 
26  38 
9  12 
-39  28 
-2  25 
1  19 
-18  19 
11  -23 
16  -5 
16  11 
51  -18 
58  32 
24  1 
-18  42 
12  4 
26  19 
9  25 
-32  -4 
19  19 
-9  19 
17  50 
-3  -26 
49  30 
30  18 
-62  6 
-13  -15 
33  0 
19  -3 
-14  34 
-24  43 
4  12 
16  27 
-5  9 
4  24 
-2  -4 
24  15 
-18  17 
16  -28 
12  30 
32  -18 
-11  4 
43  2 
36  18 
-25  -20 
7  14 
3  50 
38  15 
55  31 
0  3 
-1  21 
19  -28 
-10  15 
7  40 
1  7 
23  -9 
25  -18 
32  34 
31  23 
-6  32 
-29  4 
21  42 
-12  36 
-14  24 
-19  23 
35  7 
43  35 
41  11 
-2  46 
-19  -21 
-6  1 
36  -11 
5  6 
-40  -9 
9  -30 
-32  -11 
9  -22 
41  28 
23  37 
10  10 
-40  30 
0  24 
-2  19 
-23  18 
13  -26 
16  -8 
15  11 
55  -21 
60  28 
24  -2 
-19  40 
7  3 
24  20 
10  23 
-36  -8 
17  21 
-9  20 
15  49 
1  -27 
47  31 
27  21 
-62  8 
-11  -15 
33  1 
17  -3 
-14  35 
-25  43 
5  11 
15  26 
-7  3 
5  25 
-4  -7 
23  13 
-21  19 
16  -29 
14  29 
35  -23 
-13  6 
42  2 
36  18 
-25  -24 
8  13 
3  50 
43  18 
54  31 
4  4 
0  22 
20  -27 
-10  15 
6  38 
1  7 
22  -10 
18  -24 
32  33 
35  27 
-5  36 
-25  4 
20  43 
-12  36 
-13  23 
-18  26 
31  5 
43  37 
43  10 
1  46 
-18  -24 
-7  1 
37  -10 
12  9 
-40  -9 
11  -23 
-35  -9 
7  -20 
49  29 
21  39 
9  11 
-41  30 
2  28 
-1  20 
-22  19 
13  -30 
17  -6 
16  14 
54  -20 
61  28 
22  -2 
-16  39 
12  4 
25  21 
10  23 
-34  -9 
17  20 
-10  18 
15  49 
4  -25 
48  33 
28  24 
-63  8 
-9  -16 
32  1 
16  -2 
-13  37 
-23  43 
7  11 
15  25 
-4  3 
5  25 
-6  -9 
23  13 
-21  19 
16  -28 
14  29 
35  -23 
-14  4 
39  2 
35  19 
-26  -25 
8  15 
3  51 
44  13 
55  31 
4  4 
-5  22 
18  -24 
-11  16 
4  38 
1  7 
25  -8 
19  -23 
27  31 
34  29 
-6  37 
-23  -1 
24  44 
-11  36 
-11  24 
-18  28 
35  4 
44  35 
42  6 
1  48 
-17  -24 
-9  3 
37  -11 
12  6 
-40  -9 
13  -19 
-29  -9 
2  -22 
48  31 
19  39 
12  8 
-39  32 
4  28 
-5  17 
-19  18 
14  -29 
16  -5 
19  16 
53  -22 
60  27 
23  -3 
-17  42 
15  5 
25  22 
9  25 
-38  -5 
17  23 
-13  20 
15  49 
6  -22 
44  34 
31  25 
-64  9 
-9  -16 
30  3 
17  -2 
-16  38 
-22  46 
3  10 
15  26 
-5  3 
5  25 
-4  -6 
21  15 
-21  20 
17  -30 
16  27 
34  -25 
-14  4 
41  3 
33  23 
-28  -27 
4  12 
2  50 
46  15 
56  31 
4  1 
-4  23 
18  -25 
-12  16 
0  43 
-1  7 
27  -6 
18  -24 
29  29 
36  23 
-7  38 
-21  -1 
26  44 
-12  36 
-15  20 
-19  25 
33  4 
46  37 
42  8 
3  48 
-13  -26 
-7  1 
35  -13 
11  3 
-34  -10 
11  -21 
-30  -10 
3  -24 
47  33 
17  37 
9  11 
-39  31 
7  28 
-8  14 
-17  17 
16  -29 
16  -8 
22  22 
56  -22 
61  22 
23  -10 
-21  42 
13  3 
25  22 
8  24 
-38  -5 
18  26 
-11  16 
15  46 
7  -23 
44  32 
32  28 
-64  7 
-9  -16 
32  0 
15  -4 
-15  39 
-23  48 
2  11 
15  24 
-3  3 
3  22 
-7  -6 
20  16 
-23  18 
14  -31 
12  26 
32  -27 
-13  6 
38  -1 
35  25 
-31  -28 
7  11 
4  48 
45  12 
50  33 
4  4 
-5  22 
19  -23 
-12  13 
2  43 
1  8 
25  -13 
18  -24 
32  28 
36  23 
-5  37 
-14  -3 
29  45 
-12  34 
-16  15 
-19  28 
33  1 
47  37 
42  8 
2  47 
-13  -26 
-7  0 
35  -14 
14  -3 
-35  -9 
13  -22 
-30  -10 
1  -20 
48  33 
18  39 
8  9 
-42  25 
3  28 
-6  11 
-19  19 
15  -29 
16  -8 
18  23 
56  -22 
60  23 
23  -10 
-17  42 
17  9 
27  20 
12  20 
-37  -3 
21  27 
-12  16 
15  44 
9  -22 
43  33 
37  30 
-65  7 
-12  -16 
34  -2 
12  -6 
-16  38 
-22  56 
-2  6 
10  23 
-5  3 
2  22 
-9  -6 
18  15 
-23  18 
22  -29 
13  27 
32  -27 
-13  6 
39  -1 
35  22 
-35  -28 
7  13 
2  46 
41  11 
47  31 
5  2 
-3  23 
19  -23 
-13  8 
2  43 
0  11 
26  -10 
17  -26 
35  29 
35  23 
-6  35 
-18  -4 
33  43 
-13  34 
-18  18 
-20  25 
32  2 
49  38 
41  8 
1  46 
-14  -29 
-7  1 
35  -14 
15  -3 
-36  -8 
14  -23 
-33  -9 
4  -21 
48  31 
18  40 
8  9 
-42  25 
0  22 
-10  7 
-17  17 
14  -29 
9  -9 
24  18 
55  -21 
61  19 
20  -10 
-19  42 
17  9 
24  21 
11  20 
-39  -4 
21  27 
-12  16 
17  44 
8  -16 
43  33 
34  24 
-64  7 
-14  -13 
33  0 
12  -7 
-12  41 
-22  56 
-3  7 
8  28 
-3  3 
-3  19 
-6  -2 
18  15 
-23  17 
22  -28 
14  29 
30  -30 
-14  4 
40  -4 
34  25 
-37  -30 
6  15 
3  48 
42  11 
46  30 
5  2 
-4  23 
23  -25 
-13  8 
-1  42 
-8  8 
28  -7 
17  -26 
36  29 
36  23 
-5  36 
-16  -5 
31  43 
-10  35 
-18  22 
-20  24 
30  -2 
51  38 
38  6 
5  45 
-11  -29 
-7  -2 
35  -14 
16  -2 
-34  -2 
14  -24 
-32  -11 
6  -21 
50  30 
19  42 
9  7 
-42  24 
3  22 
-13  6 
-16  18 
17  -26 
9  -8 
21  20 
55  -21 
62  23 
21  -8 
-19  42 
19  12 
24  21 
9  18 
-41  -1 
21  28 
-12  16 
20  43 
13  -17 
44  32 
35  24 
-64  7 
-13  -12 
33  1 
9  -4 
-12  39 
-22  59 
4  4 
7  31 
1  3 
-3  19 
-8  0 
12  13 
-22  20 
21  -34 
15  29 
36  -28 
-13  5 
40  -4 
28  24 
-38  -25 
4  13 
2  47 
42  10 
45  31 
7  4 
-5  22 
25  -24 
-10  12 
5  42 
-5  7 
27  -6 
17  -22 
37  30 
38  25 
-6  40 
-17  -3 
31  43 
-10  35 
-20  22 
-19  27 
31  -3 
52  40 
36  7 
4  44 
-5  -34 
-7  -4 
32  -12 
15  -3 
-32  -4 
14  -23 
-32  -11 
5  -21 
50  30 
18  39 
11  8 
-44  23 
4  18 
-8  6 
-14  19 
18  -25 
16  -9 
24  19 
53  -19 
63  20 
19  -10 
-19  43 
18  12 
25  21 
6  17 
-41  0 
21  26 
-13  14 
17  43 
10  -20 
49  30 
35  22 
-65  9 
-19  -9 
35  -1 
10  -4 
-13  40 
-19  59 
2  2 
12  35 
0  3 
-1  17 
-11  4 
10  12 
-23  21 
18  -34 
18  28 
39  -28 
-12  6 
42  -2 
27  26 
-39  -23 
6  18 
1  48 
42  8 
43  33 
6  3 
-6  24 
24  -28 
-10  8 
5  42 
-3  9 
27  -7 
17  -23 
38  28 
37  23 
-7  37 
-16  -4 
32  44 
-14  35 
-21  27 
-19  27 
32  -5 
51  39 
36  7 
4  44 
-5  -37 
-6  -4 
27  -7 
15  -3 
-31  -4 
15  -24 
-34  -16 
9  -18 
50  30 
17  38 
13  7 
-44  22 
6  18 
-7  5 
-16  21 
16  -28 
16  -10 
25  19 
54  -23 
61  23 
22  -9 
-19  42 
17  11 
25  22 
8  18 
-42  -5 
22  30 
-13  14 
15  46 
10  -20 
48  29 
35  24 
-65  9 
-16  -8 
35  -1 
8  -4 
-13  37 
-19  59 
2  2 
9  32 
0  3 
-1  17 
-11  5 
9  11 
-20  18 
19  -34 
17  29 
39  -28 
-12  6 
42  -2 
31  24 
-42  -23 
8  19 
5  45 
42  6 
45  35 
8  4 
-7  23 
23  -30 
-11  6 
7  40 
-3  10 
28  -7 
17  -23 
38  26 
36  23 
-9  40 
-18  -2 
33  40 
-17  37 
-17  28 
-19  23 
30  -10 
51  39 
36  7 
13  53 
-7  -36 
-6  -2 
26  -8 
13  -6 
-30  -2 
15  -24 
-36  -20 
6  -16 
49  30 
15  37 
10  8 
-43  24 
7  20 
-7  8 
-16  21 
15  -29 
14  -11 
22  20 
53  -24 
62  22 
20  -2 
-18  35 
18  12 
25  19 
8  24 
-42  -5 
24  38 
-16  15 
15  49 
10  -21 
47  31 
33  23 
-69  9 
-20  -9 
32  0 
8  -4 
-19  35 
-20  64 
4  2 
8  29 
-5  3 
-2  19 
-11  5 
7  12 
-18  16 
18  -35 
16  29 
39  -28 
-13  3 
48  -2 
27  22 
-42  -24 
9  16 
4  44 
43  2 
43  35 
7  6 
-9  23 
21  -29 
-9  4 
5  42 
-3  10 
28  -7 
17  -20 
38  25 
39  22 
-6  41 
-19  -1 
35  39 
-18  36 
-19  26 
-20  23 
29  -10 
52  40 
38  6 
12  52 
-5  -37 
-8  -6 
24  -8 
12  -7 
-32  -2 
14  -23 
-39  -18 
4  -20 
48  31 
11  38 
8  9 
-41  27 
7  20 
-4  7 
-17  22 
15  -29 
14  -11 
22  17 
47  -29 
62  22 
19  -3 
-16  38 
16  12 
26  18 
11  22 
-42  -5 
23  37 
-16  15 
18  51 
8  -21 
50  36 
33  23 
-68  6 
-15  -9 
36  -2 
8  -7 
-20  31 
-18  59 
4  1 
1  31 
-4  3 
-2  19 
-11  5 
6  13 
-20  16 
18  -37 
17  30 
38  -28 
-10  4 
45  -4 
24  24 
-42  -24 
10  15 
3  48 
41  3 
43  33 
13  10 
-7  20 
22  -29 
-11  7 
2  43 
-2  8 
27  -7 
19  -21 
38  26 
39  20 
-8  44 
-18  -5 
39  39 
-18  31 
-19  27 
-20  26 
31  -11 
50  40 
33  4 
7  54 
-4  -37 
-3  -6 
27  -9 
12  -6 
-33  0 
15  -23 
-40  -17 
1  -17 
52  29 
9  42 
15  6 
-40  24 
8  20 
-4  7 
-17  22 
15  -29 
12  -12 
21  16 
53  -30 
62  22 
18  -3 
-16  38 
16  11 
24  16 
12  26 
-44  -8 
21  39 
-17  13 
17  49 
14  -20 
49  38 
31  27 
-64  2 
-15  -9 
37  -2 
7  -7 
-19  31 
-23  61 
5  1 
0  30 
-3  3 
-3  17 
-9  3 
4  6 
-20  16 
19  -37 
14  29 
33  -28 
-10  3 
43  -4 
25  25 
-42  -24 
10  13 
3  48 
39  2 
42  39 
14  7 
-5  19 
23  -30 
-10  8 
2  48 
-5  9 
26  -5 
23  -23 
40  25 
40  20 
-13  45 
-14  -6 
38  39 
-17  30 
-20  26 
-22  25 
28  -11 
50  39 
30  3 
7  54 
-7  -37 
-3  -4 
30  -5 
13  -6 
-34  0 
14  -22 
-36  -16 
2  -18 
54  28 
9  44 
19  3 
-35  21 
9  18 
-2  8 
-16  18 
17  -26 
10  -12 
25  16 
53  -30 
59  27 
22  -4 
-16  35 
16  12 
24  12 
15  24 
-44  -9 
19  41 
-17  13 
20  51 
14  -23 
50  38 
30  29 
-64  3 
-13  -9 
39  -1 
5  -9 
-18  26 
-24  58 
5  2 
1  32 
-3  1 
-2  16 
-7  7 
4  1 
-18  18 
18  -36 
14  27 
35  -29 
-9  3 
41  -1 
26  24 
-42  -25 
9  12 
2  48 
42  3 
40  43 
16  7 
-8  20 
21  -29 
-11  9 
1  48 
-3  10 
29  -4 
23  -23 
40  26 
41  19 
-13  41 
-16  -7 
39  37 
-17  38 
-20  23 
-21  22 
25  -15 
52  40 
35  4 
3  53 
-14  -36 
-3  -2 
29  -4 
13  -7 
-33  0 
17  -19 
-36  -14 
2  -20 
54  29 
2  43 
18  -1 
-36  18 
6  19 
-2  8 
-14  18 
17  -26 
13  -15 
28  16 
54  -29 
58  25 
23  -3 
-14  35 
15  11 
26  9 
10  24 
-41  -8 
21  40 
-15  11 
20  51 
15  -23 
51  38 
38  31 
-64  3 
-11  -10 
39  0 
13  -12 
-17  28 
-23  57 
9  4 
1  31 
3  2 
-2  16 
-5  6 
2  6 
-18  18 
20  -38 
13  23 
36  -28 
-10  3 
47  -7 
23  21 
-44  -27 
12  12 
2  48 
42  -1 
36  38 
16  7 
-8  24 
24  -28 
-15  2 
1  48 
-3  9 
28  -7 
21  -24 
39  26 
43  21 
-15  45 
-17  -7 
39  37 
-16  34 
-21  21 
-24  23 
24  -14 
55  40 
33  3 
5  52 
-8  -35 
1  0 
28  -4 
12  -7 
-31  -2 
18  -21 
-34  -11 
2  -18 
55  29 
0  42 
16  -2 
-33  17 
2  16 
2  6 
-15  22 
18  -25 
15  -13 
27  14 
52  -32 
53  24 
26  -1 
-14  35 
14  11 
30  10 
12  24 
-41  -8 
23  42 
-13  11 
20  50 
12  -20 
51  39 
37  29 
-65  5 
-12  -11 
39  -1 
10  -12 
-13  29 
-25  57 
7  0 
3  30 
1  3 
1  16 
-5  6 
0  3 
-16  12 
21  -41 
8  19 
35  -29 
-10  3 
45  -9 
24  24 
-44  -29 
9  7 
1  48 
43  0 
35  36 
16  9 
-7  20 
22  -29 
-16  5 
3  48 
-2  5 
27  -8 
24  -25 
38  26 
44  18 
-13  46 
-17  -9 
39  37 
-12  33 
-21  19 
-24  23 
25  -13 
53  41 
35  4 
4  53 
-10  -37 
6  -1 
28  -4 
13  -4 
-31  -2 
19  -19 
-33  -7 
3  -18 
56  29 
-2  45 
16  -2 
-33  20 
2  20 
2  7 
-19  19 
17  -26 
15  -17 
26  15 
54  -31 
51  23 
28  -2 
-16  36 
14  11 
28  9 
8  19 
-42  -8 
28  44 
-16  12 
20  51 
11  -21 
50  39 
37  30 
-65  6 
-10  -12 
37  -3 
20  -15 
-8  34 
-25  57 
4  -1 
7  31 
0  3 
0  16 
-11  9 
-1  2 
-18  17 
23  -42 
9  16 
36  -29 
-8  0 
47  -8 
24  24 
-44  -27 
17  6 
2  48 
41  -5 
32  42 
13  7 
-9  20 
23  -30 
-15  5 
1  52 
1  6 
27  -6 
19  -28 
40  29 
44  18 
-13  45 
-18  -9 
38  36 
-14  32 
-22  18 
-24  23 
26  -10 
55  39 
33  3 
3  55 
-8  -40 
6  -2 
32  -3 
12  -7 
-30  -1 
24  -19 
-31  -9 
5  -18 
58  28 
-1  42 
19  0 
-31  18 
1  19 
-2  5 
-16  20 
16  -29 
14  -16 
28  16 
56  -33 
53  25 
30  -2 
-20  36 
14  11 
25  11 
11  19 
-42  -8 
29  44 
-16  12 
21  51 
11  -22 
48  44 
34  29 
-62  -1 
-10  -10 
37  -3 
22  -12 
-9  32 
-25  57 
3  -7 
9  30 
0  2 
6  15 
-9  6 
3  2 
-17  18 
22  -41 
10  16 
29  -26 
-7  0 
49  -8 
24  24 
-45  -29 
13  8 
1  48 
39  -3 
34  41 
15  9 
-7  21 
23  -30 
-14  4 
2  50 
3  8 
24  -5 
19  -28 
41  31 
43  20 
-11  45 
-17  -9 
38  35 
-12  29 
-15  16 
-27  20 
29  -11 
54  37 
32  6 
1  59 
-9  -41 
6  -2 
37  -3 
14  -5 
-29  2 
24  -19 
-33  -6 
4  -16 
62  27 
-1  40 
23  2 
-31  18 
1  20 
-3  10 
-15  22 
16  -26 
10  -17 
27  9 
56  -33 
55  24 
27  0 
-17  33 
13  10 
25  11 
14  16 
-45  -8 
31  44 
-16  12 
21  49 
13  -22 
46  44 
34  29 
-62  -1 
-10  -10 
36  -2 
19  -10 
-8  33 
-23  54 
3  -5 
10  32 
1  6 
8  13 
-5  7 
1  3 
-21  19 
20  -37 
9  16 
26  -27 
-5  -3 
54  -9 
24  25 
-45  -29 
13  8 
3  48 
39  -3 
33  41 
21  8 
-5  19 
23  -30 
-14  3 
1  47 
2  4 
23  -3 
18  -29 
41  31 
46  18 
-5  44 
-17  -10 
38  36 
-13  33 
-18  16 
-28  22 
27  -9 
54  40 
32  8 
1  59 
-8  -40 
4  -2 
39  0 
14  -5 
-29  3 
22  -15 
-32  -5 
0  -14 
60  22 
-2  42 
20  3 
-32  18 
3  22 
-2  12 
-18  20 
13  -26 
10  -16 
28  11 
57  -34 
55  26 
27  4 
-14  32 
14  9 
28  13 
15  17 
-45  -9 
32  44 
-14  13 
18  48 
13  -19 
50  43 
37  29 
-62  -1 
-9  -11 
36  -2 
21  -8 
-8  33 
-24  52 
3  -3 
10  30 
-2  6 
2  12 
-5  9 
2  -1 
-18  18 
22  -37 
10  15 
24  -25 
-1  2 
56  -9 
24  25 
-46  -29 
11  7 
5  45 
38  -5 
33  44 
23  8 
-7  20 
22  -30 
-11  5 
0  51 
1  7 
19  -3 
19  -28 
42  34 
51  19 
-3  43 
-17  -9 
38  35 
-16  33 
-17  13 
-29  22 
32  -7 
55  39 
36  15 
1  59 
-7  -40 
4  -2 
39  -1 
10  -2 
-32  4 
21  -12 
-34  -2 
-2  -15 
58  19 
-5  44 
19  2 
-36  14 
4  22 
-5  11 
-16  19 
10  -28 
10  -17 
28  9 
52  -32 
56  27 
26  4 
-12  33 
16  9 
26  13 
15  16 
-43  -10 
32  45 
-12  11 
18  46 
13  -19 
53  43 
36  32 
-63  -2 
-8  -11 
37  -3 
20  -4 
-6  35 
-23  54 
6  -5 
9  31 
-4  2 
3  10 
-3  9 
5  2 
-18  22 
19  -40 
13  14 
22  -20 
-4  -2 
51  -3 
24  24 
-46  -29 
14  9 
4  45 
38  -4 
31  45 
22  11 
-6  17 
17  -33 
-8  2 
0  51 
1  7 
19  -3 
18  -28 
47  39 
50  18 
-1  46 
-13  -9 
38  36 
-16  32 
-19  11 
-30  23 
29  -9 
52  43 
44  18 
0  56 
-9  -42 
1  3 
41  -1 
11  -3 
-29  3 
23  -12 
-33  0 
-1  -18 
57  29 
-8  44 
20  3 
-37  18 
9  24 
-4  12 
-17  22 
5  -29 
7  -12 
30  10 
51  -27 
56  29 
25  5 
-13  34 
14  11 
24  11 
14  14 
-45  -11 
35  44 
-10  13 
21  47 
11  -14 
51  49 
33  30 
-63  -3 
-7  -13 
39  -3 
24  -4 
-6  39 
-30  57 
6  -3 
10  32 
-7  4 
2  15 
-6  7 
5  1 
-24  23 
19  -40 
8  16 
22  -22 
-1  -1 
46  -2 
29  29 
-46  -31 
16  7 
7  46 
38  -5 
33  43 
20  11 
-6  17 
19  -30 
-13  4 
3  50 
1  6 
25  -4 
18  -28 
46  38 
50  18 
-2  45 
-13  -7 
37  38 
-14  33 
-19  8 
-28  24 
32  -7 
46  44 
41  19 
2  58 
-9  -41 
2  -1 
39  -1 
15  -1 
-28  0 
22  -14 
-33  -3 
1  -14 
58  28 
-11  45 
19  2 
-43  20 
8  24 
-5  11 
-17  20 
7  -31 
8  -11 
30  10 
52  -25 
57  29 
24  6 
-14  35 
17  10 
25  11 
16  12 
-46  -11 
30  43 
-7  7 
22  51 
10  -12 
55  46 
37  34 
-63  -3 
-4  -13 
38  -4 
23  -2 
-5  37 
-32  53 
9  -2 
13  33 
-7  3 
1  12 
-5  4 
3  -3 
-25  22 
17  -37 
7  14 
18  -21 
-1  1 
48  -2 
27  26 
-47  -30 
15  5 
5  45 
38  -5 
31  43 
24  12 
-5  16 
21  -33 
-13  2 
3  50 
2  7 
24  -7 
18  -28 
46  38 
54  17 
-5  42 
-9  -7 
39  42 
-13  31 
-17  8 
-27  23 
35  -4 
46  51 
42  22 
6  59 
-9  -41 
4  -6 
41  -3 
12  1 
-28  0 
23  -20 
-33  -3 
4  -16 
61  27 
-10  44 
21  6 
-42  20 
10  23 
-11  11 
-17  22 
7  -26 
12  -11 
32  8 
52  -27 
58  23 
25  5 
-14  35 
15  9 
24  15 
15  11 
-45  -13 
28  44 
-6  9 
19  50 
13  -13 
55  45 
36  31 
-63  0 
-4  -13 
38  -4 
20  -4 
-4  38 
-36  53 
8  -4 
14  35 
-7  0 
3  10 
-7  2 
3  -3 
-24  23 
15  -36 
5  14 
22  -22 
-1  1 
50  -2 
28  26 
-46  -29 
11  4 
2  43 
37  -7 
29  45 
20  10 
-3  17 
18  -34 
-13  0 
3  56 
0  9 
23  -7 
17  -31 
49  38 
55  12 
-7  43 
-10  -8 
37  38 
-13  33 
-21  7 
-28  22 
34  -3 
49  51 
42  22 
1  52 
-9  -41 
7  -3 
39  -3 
12  0 
-27  1 
18  -20 
-36  1 
10  -16 
63  31 
-11  47 
24  8 
-42  19 
12  26 
-11  9 
-16  22 
9  -24 
18  -14 
33  7 
50  -27 
57  20 
29  4 
-12  36 
17  8 
26  15 
17  14 
-42  -12 
27  44 
-7  8 
20  51 
14  -13 
55  46 
36  32 
-59  2 
-4  -13 
44  -5 
22  -3 
-4  38 
-36  52 
10  -5 
12  33 
-7  0 
2  11 
-10  3 
4  -2 
-23  23 
11  -36 
7  14 
22  -26 
2  -2 
49  3 
26  24 
-46  -29 
12  1 
-1  46 
32  -6 
33  44 
21  11 
-3  17 
17  -30 
-12  -1 
6  58 
-2  5 
23  -7 
15  -29 
46  43 
57  14 
-5  43 
-10  -10 
41  39 
-12  33 
-19  3 
-28  24 
34  -3 
43  50 
40  23 
1  55 
-12  -40 
7  -3 
39  2 
13  3 
-29  -1 
16  -22 
-38  0 
10  -17 
64  24 
-9  51 
23  8 
-43  19 
8  29 
-10  8 
-20  22 
8  -24 
22  -14 
33  4 
52  -27 
58  19 
29  5 
-14  33 
14  9 
26  15 
14  11 
-40  -13 
27  46 
-5  6 
20  51 
16  -13 
51  45 
37  30 
-61  6 
-2  -15 
43  -2 
26  -2 
-6  36 
-31  52 
12  -5 
12  34 
-8  0 
2  11 
-9  0 
6  4 
-24  23 
9  -36 
3  13 
23  -23 
5  2 
51  4 
28  24 
-45  -29 
12  1 
2  48 
33  0 
32  49 
21  12 
-2  20 
18  -34 
-10  -2 
3  62 
1  7 
25  -8 
16  -28 
47  45 
56  12 
-5  44 
-10  -10 
41  46 
-13  31 
-17  2 
-31  22 
35  -4 
41  51 
45  22 
3  57 
-12  -40 
6  -2 
36  3 
14  4 
-30  -2 
16  -22 
-38  -2 
10  -14 
65  25 
-6  49 
26  11 
-42  15 
8  28 
-9  6 
-23  19 
8  -24 
24  -14 
35  6 
51  -23 
58  19 
29  5 
-12  31 
14  11 
28  13 
13  10 
-44  -11 
27  46 
-9  4 
20  50 
16  -13 
50  44 
37  29 
-58  11 
-2  -14 
41  -1 
28  -2 
-3  37 
-30  52 
12  -5 
17  34 
-6  -5 
3  10 
-8  1 
7  4 
-25  22 
9  -36 
3  13 
25  -27 
4  -5 
52  0 
27  23 
-44  -26 
11  -1 
7  48 
33  0 
33  48 
20  11 
-6  18 
18  -35 
-7  5 
5  59 
1  7 
25  -9 
16  -29 
48  46 
56  11 
-5  46 
-11  -13 
42  47 
-13  31 
-23  -2 
-29  25 
33  -2 
41  51 
40  23 
2  55 
-13  -40 
6  -2 
37  3 
11  3 
-38  0 
16  -22 
-38  -1 
13  -12 
64  24 
-6  49 
27  13 
-42  15 
6  35 
-5  7 
-22  19 
8  -25 
21  -14 
34  7 
53  -24 
57  17 
28  4 
-12  29 
15  11 
29  16 
13  7 
-44  -13 
25  45 
-10  3 
19  50 
17  -12 
51  44 
35  28 
-57  17 
-6  -12 
40  -4 
32  0 
-1  42 
-28  53 
13  -7 
18  36 
-6  -2 
0  11 
-9  -2 
6  4 
-22  25 
9  -35 
1  19 
24  -28 
-1  -3 
52  1 
29  22 
-46  -29 
7  1 
12  49 
33  1 
35  44 
22  11 
-6  15 
19  -34 
-7  3 
4  61 
2  8 
27  -6 
16  -28 
48  53 
56  13 
-7  43 
-13  -9 
42  48 
-15  31 
-23  0 
-30  28 
32  -5 
43  53 
43  20 
2  54 
-16  -39 
2  -4 
38  3 
13  1 
-36  -2 
17  -21 
-34  -1 
7  -6 
61  26 
-5  49 
24  12 
-42  16 
6  35 
-5  6 
-22  19 
10  -24 
20  -9 
37  7 
54  -25 
59  19 
28  4 
-11  29 
15  11 
28  16 
12  8 
-49  -16 
23  42 
-10  4 
21  51 
17  -12 
51  43 
38  26 
-58  18 
-3  -11 
40  -4 
33  0 
2  40 
-28  54 
13  -3 
17  34 
-8  -1 
1  12 
-9  -1 
6  4 
-19  23 
13  -35 
1  20 
22  -29 
-1  -3 
55  -1 
29  25 
-47  -30 
9  -2 
14  49 
35  -3 
32  44 
23  10 
-5  16 
21  -35 
-10  3 
-2  62 
2  6 
28  -11 
15  -26 
47  51 
57  10 
-7  41 
-13  -14 
41  48 
-16  38 
-22  -1 
-27  27 
31  -9 
43  53 
52  24 
2  54 
-11  -43 
4  -8 
36  3 
15  0 
-35  2 
17  -17 
-32  -2 
8  -7 
61  26 
-2  45 
27  17 
-43  14 
7  33 
-9  3 
-22  22 
10  -24 
19  -10 
36  -2 
54  -29 
57  17 
29  5 
-9  30 
19  12 
29  16 
14  9 
-48  -18 
22  43 
-9  4 
22  50 
16  -13 
50  43 
35  23 
-58  18 
-5  -11 
39  -2 
33  0 
0  36 
-28  53 
13  -3 
16  34 
-6  -5 
0  10 
-8  0 
7  5 
-19  23 
14  -36 
1  19 
21  -29 
-1  -3 
52  1 
30  20 
-44  -28 
10  -2 
15  51 
33  -2 
32  46 
23  10 
-5  19 
17  -40 
-7  3 
-3  58 
2  5 
26  -5 
9  -28 
47  53 
57  10 
-5  40 
-13  -14 
42  48 
-19  40 
-18  -2 
-26  29 
35  -3 
43  53 
55  25 
2  55 
-12  -40 
6  -7 
38  5 
11  0 
-35  1 
17  -16 
-33  0 
12  -8 
61  28 
-2  46 
27  21 
-43  14 
8  33 
-11  4 
-18  22 
9  -24 
19  -10 
34  -4 
54  -29 
57  17 
26  3 
-10  27 
18  12 
28  16 
14  7 
-49  -17 
23  42 
-7  3 
21  51 
16  -13 
47  43 
35  27 
-56  14 
-2  -12 
37  1 
32  1 
0  31 
-28  53 
14  -5 
16  34 
-6  -2 
2  11 
-6  1 
6  4 
-20  23 
11  -35 
6  18 
25  -29 
0  -7 
52  0 
30  18 
-45  -29 
13  0 
16  52 
36  -2 
28  44 
23  10 
-7  18 
17  -41 
-9  4 
-6  57 
2  5 
18  -1 
10  -28 
47  53 
58  12 
-9  39 
-12  -13 
50  48 
-19  39 
-17  -4 
-25  29 
34  -3 
40  56 
55  24 
1  56 
-10  -40 
7  -12 
36  3 
12  1 
-37  2 
18  -17 
-33  0 
13  -15 
61  27 
-5  45 
27  23 
-42  15 
8  33 
-10  7 
-18  23 
8  -29 
22  -12 
33  -3 
55  -29 
55  19 
27  6 
-9  26 
19  12 
30  16 
13  7 
-51  -16 
24  41 
-9  7 
25  51 
16  -13 
49  45 
35  26 
-57  17 
-6  -11 
38  4 
32  4 
0  31 
-30  50 
16  -2 
16  33 
-5  -4 
2  10 
-7  0 
7  2 
-19  23 
11  -36 
4  15 
25  -28 
-1  -3 
51  3 
30  18 
-44  -29 
13  1 
16  52 
37  -1 
25  45 
22  11 
-6  18 
19  -38 
-10  3 
-5  57 
2  5 
22  2 
9  -31 
45  51 
58  12 
-9  31 
-16  -16 
50  52 
-16  38 
-17  -7 
-26  29 
35  -3 
43  57 
58  26 
5  57 
-11  -42 
6  -13 
38  5 
13  1 
-35  2 
21  -13 
-31  1 
15  -16 
63  29 
-7  43 
27  26 
-42  15 
9  36 
-9  4 
-16  25 
15  -34 
22  -12 
34  -4 
51  -31 
55  19 
26  4 
-6  24 
19  12 
30  13 
13  8 
-49  -18 
26  37 
-12  9 
28  53 
17  -12 
50  43 
37  23 
-58  16 
-8  -11 
36  7 
32  4 
3  30 
-30  50 
17  -3 
24  35 
-9  -1 
4  12 
-6  -3 
7  3 
-18  22 
11  -37 
2  15 
29  -28 
-3  -1 
55  0 
30  18 
-43  -31 
14  1 
14  55 
41  2 
27  42 
22  11 
-6  19 
19  -41 
-8  0 
-5  56 
1  12 
25  -1 
7  -26 
47  54 
58  12 
-5  31 
-16  -15 
50  52 
-24  33 
-18  -2 
-26  29 
32  -6 
44  59 
62  26 
0  56 
-11  -44 
3  -12 
41  6 
12  2 
-36  1 
21  -17 
-27  0 
10  -17 
61  27 
-11  44 
29  25 
-43  14 
10  38 
-11  3 
-15  25 
12  -34 
22  -15 
33  -4 
52  -32 
55  19 
25  11 
-9  29 
19  12 
32  13 
13  3 
-49  -16 
27  40 
-16  13 
23  53 
17  -11 
46  45 
37  24 
-59  20 
-6  -8 
35  6 
25  2 
2  28 
-34  53 
17  1 
24  35 
-6  -5 
4  6 
-9  -1 
7  4 
-18  22 
12  -36 
1  12 
28  -31 
-2  -1 
57  3 
26  18 
-44  -31 
13  1 
15  57 
35  2 
28  44 
21  8 
-7  17 
19  -43 
-5  0 
-8  55 
1  11 
21  -2 
6  -25 
