Created:October-13-2022 
Coverage:20 
N:20 
NUM-IONS:80 
NSTEPS:15000 
WRITE-PERIODICITY:100 
epsilon:1.71 
24  28 
2  -13 
7  25 
14  30 
-2  2 
24  97 
32  8 
11  14 
-2  -9 
16  -6 
26  14 
9  0 
-3  -1 
-1  28 
-10  1 
24  3 
59  7 
-29  -7 
3  2 
-15  0 
4  30 
48  24 
-26  35 
32  37 
8  13 
5  11 
2  6 
4  -8 
29  21 
-1  21 
-6  6 
-2  10 
-13  -9 
22  12 
16  -12 
22  9 
8  32 
-5  12 
32  -1 
6  1 
24  7 
-24  38 
0  35 
-11  27 
0  25 
17  25 
-14  6 
4  -5 
27  15 
33  21 
0  16 
22  23 
-2  -7 
13  -24 
-15  15 
-3  9 
-14  35 
20  -2 
7  4 
35  -10 
2  11 
2  -5 
-16  25 
12  -9 
25  -3 
19  22 
-7  -3 
-51  43 
32  5 
-24  -4 
4  -2 
11  25 
-4  1 
16  -31 
31  9 
24  4 
6  9 
10  -3 
27  0 
5  22 
18  20 
5  -10 
8  27 
15  26 
-2  2 
24  98 
31  8 
12  11 
-2  -9 
19  -11 
26  14 
9  -2 
0  -5 
-1  27 
-8  -1 
24  3 
57  2 
-29  -5 
3  2 
-15  -1 
4  30 
53  27 
-23  37 
32  36 
4  15 
4  12 
0  5 
5  -3 
27  20 
0  18 
-3  -1 
-2  13 
-14  -11 
25  13 
14  -15 
27  8 
9  31 
-2  10 
32  -2 
5  1 
24  5 
-21  39 
0  34 
-10  35 
0  19 
20  30 
-14  6 
5  -5 
31  11 
34  19 
-3  13 
22  24 
-3  -6 
12  -25 
-10  19 
-4  8 
-15  34 
21  1 
7  4 
36  -9 
-4  12 
3  -4 
-15  24 
15  -8 
28  -7 
20  21 
-7  -4 
-53  42 
36  3 
-24  0 
2  -5 
12  25 
-5  -2 
17  -29 
29  7 
26  5 
4  13 
6  0 
26  1 
5  22 
16  20 
6  -11 
12  29 
16  25 
-3  6 
25  97 
31  6 
11  11 
-2  -10 
21  -9 
33  17 
10  1 
4  -8 
-3  27 
-8  -1 
23  5 
59  1 
-29  -7 
3  2 
-11  0 
4  27 
54  24 
-21  39 
32  36 
5  13 
4  10 
-3  5 
5  -1 
27  20 
1  19 
-4  -1 
-3  11 
-12  -8 
28  11 
14  -15 
23  8 
8  29 
0  9 
27  -3 
6  0 
24  3 
-22  39 
2  35 
-9  36 
-1  18 
22  32 
-18  6 
5  -5 
27  13 
33  20 
-8  11 
22  24 
-5  -5 
17  -21 
-11  22 
-4  8 
-16  35 
21  5 
6  5 
28  -12 
-3  14 
3  -4 
-14  26 
11  -8 
27  -5 
18  22 
-5  -6 
-50  40 
36  1 
-27  7 
2  1 
12  28 
-4  -2 
20  -30 
29  3 
27  5 
3  7 
5  -4 
24  -3 
5  22 
14  18 
10  -13 
12  25 
14  25 
-1  7 
27  96 
28  8 
12  10 
5  -6 
25  -8 
35  17 
11  5 
4  -8 
-3  30 
-10  1 
23  5 
57  -1 
-31  -9 
3  2 
-11  0 
2  32 
54  24 
-22  42 
33  36 
4  15 
7  11 
-7  7 
7  0 
26  20 
0  19 
-8  -1 
-2  13 
-14  -3 
28  13 
15  -14 
26  6 
15  30 
-2  10 
25  -3 
5  2 
26  5 
-21  38 
1  35 
-7  37 
4  16 
26  34 
-17  7 
4  -2 
27  12 
34  29 
-7  11 
22  24 
-6  -7 
19  -21 
-11  21 
-4  8 
-15  33 
22  6 
7  5 
29  -12 
-2  11 
3  -3 
-13  24 
12  -6 
22  -5 
17  21 
-6  -6 
-55  35 
35  4 
-31  6 
0  1 
7  33 
-2  -2 
19  -31 
29  -2 
31  6 
6  8 
3  -1 
24  -3 
4  28 
16  20 
11  -17 
14  25 
17  25 
-3  9 
31  94 
30  9 
13  5 
3  -6 
27  -11 
36  14 
9  3 
5  -6 
-1  29 
-11  -2 
24  3 
58  -1 
-29  -12 
3  2 
-9  -2 
2  31 
56  26 
-23  43 
32  30 
6  17 
11  9 
-5  6 
8  0 
27  20 
-3  22 
-8  -1 
-7  7 
-13  -3 
22  15 
14  -14 
29  4 
17  34 
-4  8 
24  -3 
5  2 
27  5 
-20  41 
4  34 
-7  37 
8  12 
30  34 
-14  5 
5  -1 
27  16 
33  28 
-2  11 
20  25 
-5  -5 
19  -21 
-7  21 
-2  9 
-19  35 
24  8 
6  7 
26  -14 
-3  11 
5  -3 
-11  20 
13  -4 
20  -4 
19  21 
-6  -6 
-52  31 
38  4 
-32  8 
-4  1 
5  31 
0  -2 
18  -30 
30  -4 
31  2 
5  15 
5  0 
23  -4 
8  27 
17  19 
11  -17 
14  25 
16  20 
-3  7 
34  100 
29  11 
10  1 
2  -4 
29  -13 
38  11 
9  1 
10  -5 
-2  29 
-9  2 
24  3 
62  3 
-30  -13 
3  2 
-6  -6 
2  32 
58  30 
-25  43 
33  34 
7  16 
13  10 
-9  8 
10  0 
27  20 
0  21 
-11  -2 
-4  3 
-17  -3 
20  14 
11  -14 
29  2 
17  34 
-8  11 
23  -4 
6  0 
27  4 
-19  41 
5  35 
-7  36 
-2  13 
32  36 
-15  2 
5  0 
25  14 
32  28 
-3  11 
20  25 
-10  -6 
21  -17 
-3  17 
-3  9 
-16  34 
22  9 
5  8 
28  -13 
-1  9 
5  -3 
-8  19 
19  -1 
20  -4 
19  21 
-6  -4 
-56  30 
33  7 
-27  5 
0  -2 
8  32 
0  -1 
16  -29 
26  -7 
27  2 
11  14 
5  -1 
26  -3 
9  28 
17  19 
9  -20 
17  29 
19  21 
-9  13 
33  97 
27  11 
12  -2 
2  -8 
28  -12 
37  8 
9  2 
10  -10 
-2  29 
-7  2 
22  4 
62  3 
-29  -17 
4  3 
-10  -5 
-2  30 
56  28 
-22  42 
32  36 
7  15 
11  10 
-8  8 
10  -1 
27  20 
-1  19 
-10  -3 
-4  1 
-15  0 
26  12 
9  -12 
29  3 
10  34 
-7  11 
18  -2 
6  0 
26  6 
-20  38 
4  32 
-6  35 
-3  17 
33  36 
-12  0 
4  5 
25  16 
34  39 
-6  6 
20  23 
-8  -9 
20  -15 
-3  14 
-3  11 
-13  37 
22  9 
10  5 
26  -11 
-1  7 
4  -5 
-9  19 
20  -1 
21  -5 
18  19 
-4  0 
-55  33 
33  5 
-26  5 
2  -5 
8  33 
4  -3 
16  -29 
29  -2 
25  2 
7  13 
4  -2 
27  -4 
10  21 
19  19 
6  -25 
19  27 
19  21 
-9  11 
33  97 
27  13 
13  0 
2  -8 
33  -15 
38  13 
5  2 
12  -11 
-3  28 
-4  4 
19  4 
62  4 
-33  -20 
4  4 
-12  -8 
-3  32 
58  22 
-26  44 
32  39 
7  15 
11  7 
-5  7 
12  -2 
30  21 
-2  21 
-10  -3 
-4  0 
-17  -1 
34  7 
1  -5 
27  5 
8  35 
-6  13 
24  -2 
5  0 
24  8 
-19  37 
4  32 
-4  33 
0  19 
31  37 
-14  0 
4  7 
25  19 
33  36 
-2  5 
21  23 
-8  -4 
22  -14 
-4  16 
-4  8 
-15  36 
24  10 
7  6 
26  -11 
-2  9 
5  -5 
-11  18 
19  -2 
20  -6 
15  20 
-3  -1 
-56  35 
31  5 
-25  6 
2  -4 
4  34 
1  -1 
17  -26 
29  -1 
24  5 
5  14 
3  -4 
29  -4 
6  26 
20  18 
4  -26 
17  30 
16  24 
-6  11 
32  96 
27  13 
15  5 
1  -5 
35  -8 
39  12 
6  6 
12  -12 
2  32 
-5  6 
20  5 
60  1 
-35  -20 
2  4 
-12  -7 
-8  30 
57  23 
-27  45 
32  39 
5  14 
11  8 
-6  5 
11  -4 
29  21 
-4  20 
-12  0 
-4  -1 
-16  -2 
37  6 
0  -6 
31  6 
10  35 
-4  14 
25  -3 
5  -1 
24  8 
-16  37 
4  32 
-1  29 
3  16 
33  42 
-14  0 
2  9 
26  17 
34  34 
-11  8 
22  26 
-6  -10 
24  -13 
1  19 
-1  7 
-15  35 
19  10 
8  9 
27  -10 
-2  8 
5  -7 
-11  23 
20  -5 
18  -9 
18  19 
-3  -1 
-58  35 
36  8 
-27  7 
3  -1 
2  34 
-4  -2 
17  -29 
29  0 
23  2 
4  15 
5  -4 
27  -5 
5  24 
25  19 
5  -27 
19  31 
18  22 
-5  10 
36  96 
25  10 
13  5 
0  -1 
32  -9 
38  10 
4  3 
11  -13 
0  34 
-4  9 
20  5 
60  -2 
-33  -20 
1  5 
-15  -9 
-8  29 
57  21 
-30  49 
32  39 
5  14 
15  12 
-6  6 
10  -5 
29  20 
-7  21 
-11  3 
-3  -3 
-17  -3 
34  5 
1  -5 
27  8 
14  34 
-2  13 
24  -5 
4  -3 
25  8 
-15  37 
0  35 
-4  28 
3  16 
33  42 
-14  0 
2  6 
26  17 
33  36 
-16  10 
24  28 
-9  -6 
24  -13 
-4  21 
-1  9 
-10  34 
18  9 
9  8 
29  -16 
-1  7 
9  -9 
-13  24 
14  -9 
17  -9 
18  19 
-3  -1 
-61  36 
37  5 
-32  7 
-2  1 
7  35 
-4  0 
18  -29 
30  1 
23  2 
4  14 
8  -7 
25  -5 
7  25 
25  20 
4  -28 
17  33 
17  25 
-2  11 
37  98 
27  11 
13  5 
-2  -1 
37  -9 
38  9 
2  6 
11  -17 
4  33 
-2  10 
20  5 
64  -2 
-34  -20 
1  4 
-15  -6 
-8  31 
55  26 
-28  48 
32  39 
-1  12 
16  14 
-5  7 
7  -7 
28  19 
-5  20 
-20  -1 
-4  -7 
-17  -3 
34  6 
1  -5 
30  9 
17  34 
-2  13 
24  -5 
4  -3 
24  7 
-18  37 
-3  39 
-2  28 
2  16 
33  41 
-11  -2 
2  8 
26  17 
33  37 
-16  10 
23  27 
-11  -4 
24  -12 
-2  22 
-1  10 
-7  40 
21  10 
8  8 
27  -19 
-3  10 
8  -7 
-14  24 
13  -13 
22  -8 
19  22 
1  -2 
-58  35 
34  5 
-34  6 
-1  1 
5  35 
0  1 
19  -29 
29  1 
23  2 
5  17 
7  -5 
25  -7 
7  24 
25  19 
10  -30 
15  32 
14  26 
1  10 
33  97 
31  7 
13  5 
-1  -1 
38  -10 
37  8 
6  7 
12  -18 
4  32 
-3  11 
24  10 
63  -4 
-36  -20 
-1  2 
-15  -6 
-8  31 
57  22 
-30  49 
32  39 
-2  11 
16  14 
-7  8 
7  -7 
29  23 
-4  20 
-20  -1 
-2  -7 
-16  -2 
35  6 
2  -9 
29  9 
16  32 
-3  14 
25  -4 
5  -3 
23  9 
-18  36 
-7  42 
-3  27 
1  15 
33  41 
-11  -2 
3  7 
26  13 
33  36 
-14  9 
24  27 
-7  -9 
30  -12 
-6  25 
-3  10 
-6  39 
17  12 
11  6 
27  -20 
-3  9 
8  -7 
-20  25 
14  -16 
20  -11 
20  21 
-3  -1 
-60  35 
31  5 
-37  10 
1  -1 
5  35 
-1  1 
14  -29 
28  -1 
23  2 
10  17 
7  -3 
27  -4 
7  25 
25  20 
9  -26 
17  33 
14  30 
2  8 
33  97 
31  8 
22  1 
-1  2 
39  -11 
34  6 
10  7 
11  -19 
2  32 
-6  11 
28  12 
62  -4 
-37  -24 
-4  1 
-18  -11 
-10  35 
61  25 
-31  45 
30  34 
-4  9 
15  14 
-7  7 
7  -5 
29  26 
0  19 
-24  -2 
-3  -6 
-13  -2 
36  6 
-3  -10 
27  17 
11  33 
4  14 
25  -5 
6  -3 
24  12 
-15  34 
-8  32 
-2  29 
1  14 
34  40 
-13  0 
3  7 
30  13 
31  34 
-14  9 
22  26 
-12  -12 
28  -11 
-6  25 
-2  8 
-6  38 
19  10 
11  2 
29  -19 
-4  8 
7  -7 
-20  25 
13  -20 
20  -13 
20  23 
-3  -1 
-60  34 
27  5 
-36  8 
0  -2 
8  34 
2  4 
14  -25 
29  0 
23  2 
9  18 
4  -2 
30  -3 
10  21 
26  20 
6  -26 
26  29 
12  31 
4  7 
32  96 
33  7 
16  1 
-4  0 
38  -9 
33  5 
11  5 
11  -18 
5  32 
-9  11 
32  9 
60  -7 
-37  -24 
-1  -1 
-13  -16 
-6  35 
62  23 
-28  39 
29  31 
-6  10 
18  13 
-9  6 
5  -10 
31  27 
4  18 
-20  -1 
-2  -1 
-20  -5 
34  5 
-2  -10 
25  15 
8  35 
-1  9 
23  -3 
4  -3 
25  14 
-15  33 
-8  32 
-3  30 
2  15 
36  36 
-15  -1 
4  10 
32  14 
31  34 
-14  15 
27  25 
-8  -12 
30  -10 
-3  27 
4  12 
-9  36 
17  11 
9  8 
27  -18 
-2  9 
8  -8 
-20  25 
15  -20 
19  -12 
18  22 
2  -4 
-58  32 
25  5 
-38  6 
0  -2 
5  37 
1  3 
16  -26 
30  1 
25  2 
6  13 
-1  2 
29  0 
9  23 
26  20 
6  -27 
30  27 
9  29 
4  8 
34  93 
33  7 
16  0 
0  -4 
39  -7 
36  3 
12  5 
15  -17 
6  34 
-8  9 
28  5 
58  -9 
-37  -23 
-6  -2 
-14  -14 
-5  35 
61  23 
-27  40 
30  28 
-3  8 
18  13 
-9  8 
11  -13 
30  25 
4  18 
-23  -1 
0  1 
-19  -9 
35  7 
-3  -9 
25  17 
7  35 
-1  9 
23  -2 
2  -4 
25  12 
-15  36 
-6  36 
-4  28 
0  15 
35  37 
-15  0 
4  10 
32  11 
33  36 
-15  14 
29  28 
-8  -12 
31  -14 
-5  30 
4  12 
-8  36 
7  13 
8  8 
29  -20 
-5  6 
5  -7 
-20  27 
16  -24 
18  -11 
19  22 
4  -5 
-56  25 
23  10 
-38  6 
0  -1 
7  38 
2  3 
13  -29 
29  -2 
25  2 
7  11 
-4  4 
32  2 
9  23 
29  22 
8  -26 
30  25 
9  28 
11  14 
35  92 
26  9 
17  -1 
-2  -1 
35  -10 
32  -4 
15  5 
16  -22 
7  35 
-6  15 
24  8 
55  -5 
-36  -25 
-6  -3 
-16  -15 
-6  36 
61  23 
-27  40 
31  28 
0  10 
22  12 
-6  5 
15  -14 
30  21 
4  18 
-21  -1 
-4  3 
-18  -9 
36  6 
-4  -6 
25  17 
7  33 
2  6 
25  2 
4  0 
26  20 
-15  36 
-9  36 
-2  30 
5  14 
32  39 
-11  0 
4  10 
31  11 
33  37 
-16  17 
32  29 
-7  -11 
34  -21 
-1  29 
1  15 
-8  38 
8  12 
6  6 
32  -18 
-7  8 
5  -8 
-22  31 
16  -24 
16  -7 
18  22 
5  -10 
-56  23 
20  5 
-37  7 
0  -1 
9  38 
0  1 
19  -28 
29  1 
27  5 
4  7 
-1  1 
33  1 
3  25 
26  20 
0  -21 
31  27 
7  25 
12  16 
36  91 
26  9 
15  0 
0  -2 
38  -11 
33  -3 
16  3 
16  -19 
10  35 
-9  14 
24  8 
51  -4 
-35  -27 
-7  0 
-16  -15 
-7  36 
60  24 
-29  41 
31  28 
-1  9 
22  11 
-6  6 
8  -8 
29  22 
4  17 
-22  -1 
-4  8 
-15  -10 
34  5 
-2  -7 
28  16 
4  30 
2  3 
24  4 
5  -1 
27  20 
-13  37 
-12  37 
-2  28 
2  15 
32  37 
-10  1 
7  13 
32  11 
32  38 
-19  15 
33  27 
-8  -6 
36  -20 
-2  31 
-1  18 
-8  39 
8  13 
9  8 
33  -18 
-11  9 
5  -3 
-15  28 
16  -24 
14  -9 
19  21 
3  -9 
-55  24 
20  5 
-37  7 
0  -5 
9  41 
0  1 
17  -26 
29  3 
22  4 
1  10 
-2  2 
29  6 
1  25 
26  20 
0  -20 
32  22 
7  24 
12  9 
33  89 
25  8 
14  -5 
-1  2 
36  -12 
33  -3 
17  2 
14  -21 
12  35 
-13  18 
23  7 
52  -4 
-35  -28 
-7  1 
-14  -15 
-7  36 
62  24 
-29  42 
32  28 
-3  10 
18  9 
-3  5 
12  -9 
27  20 
0  16 
-20  -2 
-6  5 
-12  -7 
32  5 
-2  -7 
26  17 
2  32 
2  3 
24  3 
5  0 
26  21 
-15  35 
-15  37 
-6  27 
-1  18 
29  38 
-9  -1 
7  15 
31  13 
29  40 
-21  13 
26  29 
-1  -11 
37  -21 
-3  33 
4  12 
-7  40 
7  13 
9  8 
34  -18 
-12  8 
3  -4 
-16  29 
16  -24 
14  -7 
18  19 
9  -11 
-54  27 
20  5 
-39  6 
0  -5 
11  48 
0  1 
17  -26 
30  1 
19  1 
4  7 
-2  2 
36  4 
6  26 
25  22 
-4  -24 
31  28 
9  23 
11  11 
33  86 
22  6 
13  -3 
-1  2 
37  -13 
32  -2 
18  10 
13  -20 
14  33 
-15  17 
24  8 
52  -9 
-39  -26 
-5  6 
-13  -15 
-11  38 
64  27 
-32  40 
32  29 
-2  13 
18  9 
-1  1 
9  -12 
29  20 
0  15 
-21  -1 
-4  12 
-7  -4 
29  9 
-1  -7 
26  14 
2  35 
1  2 
26  7 
5  0 
24  20 
-16  35 
-16  37 
-6  24 
3  16 
27  40 
-8  -1 
8  17 
25  13 
28  44 
-19  11 
26  29 
-1  -10 
34  -26 
-3  34 
5  15 
0  39 
7  13 
13  2 
34  -24 
-12  12 
6  -3 
-15  31 
15  -25 
16  0 
20  18 
8  -7 
-53  24 
22  8 
-39  -2 
7  -5 
9  46 
2  4 
18  -21 
30  1 
22  1 
4  10 
-2  2 
34  7 
9  25 
25  22 
-3  -21 
30  29 
9  20 
17  8 
32  89 
24  5 
4  -5 
1  0 
36  -19 
29  1 
19  7 
18  -21 
17  34 
-15  17 
24  8 
52  -9 
-39  -25 
-2  9 
-17  -13 
-11  38 
62  29 
-31  39 
27  33 
-1  8 
19  9 
-1  -1 
2  -8 
33  20 
0  15 
-19  -6 
0  14 
-8  -4 
32  7 
1  -9 
31  14 
4  38 
2  6 
25  4 
7  0 
24  20 
-15  36 
-16  37 
-10  21 
2  16 
25  39 
-10  -3 
6  17 
23  14 
26  47 
-18  15 
25  28 
-4  -17 
35  -25 
-3  31 
5  14 
-4  40 
14  9 
11  3 
33  -19 
-12  13 
8  -1 
-15  33 
18  -27 
14  0 
20  19 
8  -3 
-52  24 
24  7 
-40  0 
5  -2 
9  43 
2  3 
22  -22 
29  2 
19  2 
4  10 
-3  2 
33  7 
12  28 
25  22 
-2  -18 
29  29 
9  21 
18  8 
35  86 
24  3 
-1  -7 
4  7 
44  -24 
29  0 
19  9 
16  -20 
16  34 
-13  18 
25  11 
57  -10 
-40  -25 
-3  11 
-12  -8 
-15  35 
63  27 
-29  36 
25  34 
-1  7 
18  9 
-3  -3 
2  -8 
34  20 
2  14 
-15  -7 
0  18 
-8  -2 
26  9 
-2  -7 
32  17 
4  38 
0  5 
26  6 
7  0 
16  21 
-14  37 
-21  42 
-12  19 
2  15 
28  42 
-9  3 
7  15 
24  14 
30  49 
-19  15 
25  28 
-6  -15 
33  -23 
-4  28 
6  14 
-3  38 
13  6 
7  6 
33  -20 
-14  13 
10  -1 
-16  32 
21  -29 
17  1 
25  16 
5  -1 
-53  25 
22  3 
-38  -3 
6  0 
11  42 
2  4 
20  -24 
32  2 
16  6 
8  9 
-3  5 
34  6 
8  25 
25  22 
-1  -18 
29  29 
7  20 
14  6 
33  88 
24  5 
-4  -12 
6  7 
40  -22 
29  0 
18  8 
17  -18 
18  33 
-13  18 
27  12 
59  -10 
-38  -28 
-4  14 
-6  -5 
-18  34 
64  27 
-27  37 
28  32 
-1  7 
18  9 
-4  -4 
3  -7 
37  19 
4  14 
-18  -9 
0  19 
-9  -4 
26  9 
-1  -8 
29  18 
3  39 
3  7 
32  8 
8  2 
14  19 
-17  36 
-24  44 
-6  14 
5  16 
25  48 
-9  8 
5  17 
25  15 
32  51 
-13  13 
24  28 
-3  -12 
33  -24 
-3  31 
8  13 
-2  37 
8  8 
7  5 
35  -17 
-13  11 
11  -1 
-16  33 
24  -30 
16  1 
25  13 
6  1 
-56  23 
20  0 
-36  -2 
6  0 
9  41 
-3  5 
18  -15 
29  3 
14  5 
9  6 
-7  5 
33  7 
8  24 
29  18 
-4  -19 
28  33 
7  20 
10  1 
35  86 
25  6 
-3  -9 
4  5 
40  -22 
29  0 
15  12 
18  -12 
16  34 
-12  17 
22  8 
57  -13 
-41  -24 
-1  8 
-9  -6 
-22  30 
64  27 
-27  36 
24  34 
-1  7 
19  9 
-4  -4 
2  -5 
44  17 
5  19 
-21  -8 
-3  19 
-10  -3 
27  11 
-11  -10 
30  19 
2  43 
0  5 
32  2 
9  1 
16  20 
-23  37 
-28  45 
-8  16 
5  15 
27  45 
-11  8 
8  16 
25  13 
32  51 
-13  13 
21  25 
-3  -11 
33  -23 
-2  34 
3  14 
-4  44 
9  16 
7  4 
36  -21 
-12  12 
11  -5 
-14  34 
24  -32 
20  -1 
22  12 
5  0 
-58  24 
22  1 
-35  -4 
12  -1 
8  47 
-6  6 
17  -6 
29  4 
16  8 
9  7 
-10  4 
33  7 
11  28 
27  20 
-4  -19 
27  33 
9  28 
9  -2 
33  87 
24  5 
-2  -7 
6  6 
39  -18 
30  -6 
16  11 
16  -12 
16  34 
-18  14 
21  5 
57  -11 
-40  -22 
-2  9 
-7  -3 
-23  31 
64  30 
-31  40 
23  36 
-3  8 
16  9 
-3  -5 
0  -6 
42  15 
5  17 
-21  -10 
-3  19 
-6  -6 
30  7 
-12  -8 
32  19 
2  43 
0  5 
33  1 
8  4 
13  20 
-23  37 
-33  45 
-7  11 
7  11 
27  46 
-14  9 
6  17 
24  15 
32  56 
-15  13 
23  27 
-6  -16 
34  -22 
-1  33 
1  15 
-2  41 
4  12 
12  10 
36  -20 
-12  13 
13  -4 
-14  34 
26  -33 
21  -2 
22  12 
6  0 
-58  24 
20  -1 
-35  -5 
14  -7 
8  48 
-8  5 
14  -10 
27  4 
14  6 
8  7 
-6  5 
32  11 
10  29 
29  20 
-5  -20 
29  28 
13  25 
10  1 
34  86 
24  5 
1  -8 
3  7 
36  -19 
32  -4 
16  11 
16  -7 
14  33 
-15  12 
22  3 
58  -11 
-40  -21 
-2  11 
-9  -5 
-24  34 
65  28 
-28  39 
23  36 
-4  9 
17  9 
0  -6 
5  -7 
40  15 
6  17 
-23  -9 
-3  19 
-9  -6 
32  8 
-16  -10 
29  22 
-2  41 
0  5 
34  1 
13  7 
13  20 
-26  38 
-35  42 
-5  10 
8  13 
27  45 
-14  9 
5  17 
25  16 
29  63 
-13  15 
24  28 
-5  -14 
38  -21 
-1  33 
-3  14 
-4  46 
5  14 
12  12 
36  -20 
-13  13 
13  -4 
-10  34 
29  -36 
23  -3 
22  11 
6  0 
-58  24 
19  1 
-36  -2 
19  -8 
8  52 
-9  3 
11  -15 
36  8 
13  9 
8  9 
-6  5 
27  11 
8  28 
26  20 
-4  -19 
27  31 
13  25 
9  -2 
31  86 
24  7 
2  -8 
4  10 
36  -21 
33  -3 
16  12 
18  -7 
13  36 
-18  13 
19  2 
58  -9 
-35  -23 
1  11 
-9  -5 
-25  35 
61  28 
-28  36 
20  39 
-1  10 
13  11 
-1  -4 
8  -3 
42  15 
7  15 
-20  -13 
-3  19 
-15  -4 
28  9 
-16  -8 
29  19 
-1  41 
0  5 
30  9 
12  10 
13  21 
-26  40 
-35  39 
-4  8 
8  13 
24  45 
-10  10 
7  12 
21  18 
29  61 
-10  13 
24  28 
-7  -14 
39  -22 
-3  31 
-6  10 
-5  46 
4  17 
8  16 
32  -22 
-15  14 
14  -7 
-10  37 
27  -38 
20  -4 
26  15 
4  0 
-60  23 
14  -1 
-38  -2 
17  -8 
8  52 
-11  3 
13  -12 
39  7 
12  11 
5  13 
-7  7 
25  15 
11  25 
26  20 
4  -23 
28  27 
12  22 
5  -1 
25  80 
23  7 
2  -8 
2  7 
34  -20 
37  -2 
18  11 
17  -6 
16  39 
-14  14 
15  3 
59  -13 
-36  -22 
2  11 
-9  -1 
-29  36 
62  28 
-30  39 
19  39 
-2  10 
9  18 
-1  -4 
5  -3 
41  15 
6  15 
-21  -11 
0  18 
-12  -3 
32  11 
-18  -5 
32  19 
2  46 
0  4 
29  8 
11  8 
17  25 
-26  44 
-31  40 
-4  8 
8  12 
25  47 
-15  13 
4  10 
21  18 
30  61 
-15  10 
27  24 
-8  -15 
36  -20 
-4  34 
-7  11 
-3  42 
3  16 
6  17 
32  -24 
-15  11 
14  -3 
-12  34 
29  -39 
20  -5 
25  14 
4  0 
-58  23 
13  1 
-43  -1 
14  -9 
9  49 
-16  3 
12  -12 
37  11 
10  9 
8  13 
-7  7 
24  15 
10  27 
27  20 
4  -23 
29  26 
9  23 
5  -1 
26  80 
22  6 
4  -13 
4  3 
36  -24 
36  0 
18  13 
19  -8 
17  39 
-12  12 
19  -1 
57  -9 
-37  -21 
1  11 
-11  1 
-29  36 
64  30 
-27  36 
23  42 
-5  12 
9  18 
-2  -1 
6  -3 
42  12 
5  14 
-18  -9 
-4  19 
-13  -2 
32  9 
-18  -5 
30  21 
1  45 
-1  1 
28  8 
12  8 
18  21 
-26  45 
-32  44 
-2  11 
8  13 
29  49 
-16  12 
10  5 
20  18 
33  65 
-15  11 
27  25 
-9  -12 
37  -17 
-3  34 
-8  11 
0  41 
1  14 
5  17 
36  -29 
-18  14 
13  -3 
-11  40 
33  -40 
21  -5 
23  16 
4  0 
-60  23 
16  1 
-41  2 
15  -10 
6  46 
-16  5 
10  -13 
36  12 
10  15 
5  16 
-6  6 
20  15 
11  27 
27  22 
1  -22 
26  27 
9  28 
4  0 
29  81 
22  8 
5  -14 
6  6 
33  -18 
34  -2 
21  11 
19  -11 
17  39 
-8  11 
27  -3 
57  -12 
-33  -26 
-1  2 
-14  5 
-28  36 
64  30 
-26  33 
23  42 
0  9 
9  18 
-2  -2 
4  -3 
41  17 
5  13 
-22  -11 
-8  19 
-13  -5 
33  12 
-13  -2 
29  23 
2  46 
-4  4 
30  5 
12  5 
21  19 
-26  47 
-30  49 
-2  10 
7  13 
28  52 
-16  15 
7  4 
20  21 
33  65 
-16  13 
27  25 
-8  -12 
33  -19 
-3  34 
-10  15 
-2  42 
-1  13 
4  18 
37  -31 
-18  11 
11  -4 
-9  41 
33  -40 
20  -5 
22  16 
5  0 
-57  25 
15  6 
-40  -2 
16  -12 
2  49 
-18  4 
4  -12 
38  13 
15  10 
8  13 
-5  7 
21  15 
11  22 
26  22 
-4  -22 
26  29 
7  28 
5  1 
29  82 
22  6 
2  -16 
7  4 
38  -18 
32  -4 
19  10 
17  -10 
21  37 
1  1 
24  -3 
58  -10 
-32  -28 
-1  2 
-14  6 
-26  35 
64  30 
-26  38 
25  42 
-1  7 
9  18 
-3  -1 
2  -4 
39  21 
7  13 
-22  -9 
-7  17 
-8  -6 
38  13 
-17  -1 
30  20 
3  47 
-6  5 
32  8 
12  4 
18  18 
-29  53 
-26  50 
-3  13 
7  5 
28  51 
-14  17 
9  3 
18  19 
36  60 
-15  14 
24  27 
-7  -15 
34  -20 
-7  36 
-10  15 
-1  39 
-1  13 
4  18 
37  -31 
-22  9 
10  -1 
-8  39 
33  -40 
25  -9 
25  15 
5  0 
-56  28 
17  6 
-39  -1 
16  -12 
4  46 
-20  3 
3  -16 
35  15 
16  14 
3  14 
-6  4 
22  15 
14  19 
24  20 
-2  -18 
30  30 
4  25 
7  0 
31  81 
24  8 
1  -18 
8  4 
38  -19 
34  -10 
24  12 
19  -12 
20  39 
2  -6 
25  -6 
59  -13 
-34  -31 
-4  4 
-7  5 
-25  35 
59  29 
-30  34 
25  42 
-5  6 
8  19 
-2  0 
6  -7 
36  20 
2  15 
-23  -10 
-10  19 
-9  -5 
39  10 
-17  -1 
29  23 
-2  50 
-2  9 
28  12 
10  1 
20  18 
-32  60 
-28  51 
-1  13 
8  8 
24  50 
-12  16 
7  2 
16  21 
38  59 
-16  17 
26  26 
-6  -15 
33  -19 
-15  35 
-12  11 
-1  41 
-3  11 
5  19 
37  -27 
-24  9 
9  0 
-11  39 
34  -42 
26  -3 
28  13 
9  -2 
-53  31 
20  5 
-39  1 
16  -12 
2  46 
-19  6 
5  -20 
33  16 
18  13 
1  15 
-6  4 
19  18 
15  17 
26  21 
-4  -21 
27  25 
2  24 
6  0 
37  86 
24  8 
0  -15 
11  8 
36  -19 
34  -10 
24  12 
17  -9 
24  34 
2  -8 
25  -8 
60  -13 
-36  -30 
-7  8 
-6  5 
-26  33 
58  29 
-30  37 
25  40 
-5  7 
9  20 
-5  3 
5  -7 
33  16 
2  15 
-25  -14 
-10  19 
-12  -7 
38  11 
-21  -1 
27  20 
-2  53 
-1  7 
28  12 
7  2 
19  21 
-36  63 
-31  48 
4  13 
10  10 
25  56 
-13  13 
11  6 
15  20 
36  60 
-15  15 
26  29 
-7  -13 
29  -17 
-16  35 
-11  9 
-3  43 
-3  14 
2  16 
36  -26 
-27  12 
9  2 
-12  40 
32  -49 
26  -3 
29  19 
12  -2 
-52  30 
21  3 
-42  1 
11  -13 
2  48 
-18  3 
5  -18 
30  14 
17  12 
1  15 
-1  2 
22  21 
15  17 
24  17 
-2  -21 
28  24 
7  24 
4  3 
40  79 
24  8 
0  -15 
12  5 
35  -17 
36  -12 
22  11 
18  -10 
23  34 
4  -8 
23  -7 
59  -13 
-36  -35 
-9  11 
-8  2 
-27  37 
55  26 
-33  33 
30  38 
-7  7 
9  18 
-5  7 
7  -2 
35  17 
6  15 
-26  -15 
-8  19 
-14  -7 
39  10 
-23  -1 
25  19 
-1  52 
-1  9 
28  12 
9  3 
19  19 
-37  62 
-28  48 
-3  18 
9  9 
27  57 
-13  15 
14  4 
11  22 
38  62 
-15  17 
27  25 
-7  -20 
26  -20 
-12  27 
-11  6 
-3  45 
-3  11 
5  16 
38  -29 
-29  8 
9  1 
-11  40 
33  -49 
28  -3 
26  21 
15  -5 
-49  27 
22  3 
-40  -2 
16  -6 
4  47 
-18  4 
4  -20 
30  15 
18  13 
0  15 
-1  2 
24  18 
12  16 
22  16 
0  -21 
28  28 
7  24 
4  3 
36  80 
25  4 
2  -14 
14  5 
36  -19 
38  -9 
24  13 
15  -10 
20  35 
1  -5 
15  -8 
59  -11 
-36  -36 
-11  9 
-7  0 
-26  33 
57  29 
-36  32 
30  38 
-1  8 
12  19 
-6  7 
4  -5 
33  17 
6  13 
-25  -14 
-10  19 
-18  -5 
38  13 
-21  -1 
18  19 
0  49 
2  12 
29  11 
9  3 
20  18 
-37  62 
-29  49 
-1  18 
8  7 
32  56 
-15  13 
12  2 
10  21 
41  62 
-15  14 
29  24 
-6  -20 
27  -20 
-12  29 
-11  8 
-4  43 
-3  11 
7  13 
36  -29 
-31  6 
13  5 
-11  41 
28  -48 
28  -3 
30  22 
12  -2 
-41  27 
20  3 
-40  1 
15  -5 
6  49 
-18  3 
9  -22 
30  14 
14  19 
0  14 
-1  1 
24  20 
13  16 
24  17 
-1  -18 
27  33 
13  25 
7  0 
33  76 
24  5 
0  -15 
17  2 
40  -21 
38  -9 
24  14 
11  -7 
25  34 
1  -5 
15  -10 
57  -9 
-36  -37 
-8  11 
-6  -4 
-24  32 
53  27 
-36  30 
30  32 
-1  7 
10  17 
-12  11 
2  -5 
33  17 
4  12 
-26  -16 
-13  24 
-18  -6 
37  14 
-20  1 
24  13 
-1  49 
-1  13 
28  13 
7  5 
18  13 
-37  62 
-32  48 
0  20 
3  7 
32  56 
-14  17 
17  -2 
6  20 
42  64 
-15  13 
25  19 
-1  -19 
31  -22 
-14  29 
-8  10 
-5  38 
-4  8 
10  16 
35  -28 
-33  11 
14  5 
-10  42 
26  -46 
27  -5 
31  23 
11  -3 
-45  25 
22  3 
-42  1 
13  -6 
4  48 
-18  6 
9  -22 
25  16 
14  15 
2  12 
0  -4 
30  21 
12  15 
26  17 
-6  -19 
32  32 
14  25 
12  2 
33  77 
25  0 
0  -13 
17  1 
39  -18 
42  -8 
21  14 
11  -13 
25  31 
4  -3 
12  -9 
53  -9 
-34  -35 
-15  17 
-3  -6 
-26  35 
53  27 
-34  26 
29  34 
-1  7 
7  20 
-10  10 
2  -5 
32  19 
5  14 
-26  -14 
-11  23 
-22  -9 
39  12 
-21  -2 
26  14 
-2  50 
-2  13 
27  16 
4  4 
16  14 
-37  62 
-31  49 
-4  21 
5  6 
32  56 
-16  18 
17  -1 
3  17 
42  66 
-15  13 
26  20 
0  -19 
32  -20 
-12  28 
-5  6 
1  38 
-2  9 
14  13 
37  -29 
-32  12 
13  5 
-11  38 
27  -47 
27  -2 
30  21 
13  0 
-43  22 
20  5 
-46  -1 
14  -4 
4  48 
-19  6 
7  -18 
23  16 
15  15 
4  10 
0  -5 
29  28 
10  14 
26  17 
-7  -19 
39  28 
13  27 
13  2 
33  80 
27  0 
1  -15 
16  0 
36  -19 
41  -9 
20  15 
13  -9 
27  38 
5  -1 
15  -8 
58  -7 
-39  -34 
-14  20 
-3  -6 
-28  31 
57  25 
-36  25 
28  31 
-3  9 
9  20 
-6  13 
4  -3 
32  19 
5  14 
-26  -14 
-11  23 
-22  -9 
38  10 
-20  -1 
24  18 
-9  48 
-3  10 
27  15 
7  4 
16  14 
-37  62 
-30  47 
0  18 
2  6 
35  55 
-15  15 
15  0 
-3  19 
43  65 
-12  13 
25  22 
-2  -18 
34  -20 
-11  28 
-5  6 
-1  39 
-3  7 
14  16 
37  -29 
-34  9 
14  5 
-13  45 
28  -48 
25  -7 
27  19 
8  -6 
-44  28 
22  4 
-47  -4 
13  -3 
6  46 
-19  1 
8  -18 
23  16 
12  16 
4  15 
5  -8 
31  22 
9  21 
26  17 
-6  -15 
38  30 
6  31 
9  3 
32  82 
30  0 
0  -15 
18  2 
33  -18 
44  -8 
20  15 
14  -14 
27  37 
5  -1 
22  -5 
56  -9 
-38  -37 
-16  20 
-3  -12 
-28  28 
59  21 
-36  21 
28  32 
-4  9 
6  20 
-4  14 
4  -2 
30  17 
7  13 
-22  -11 
-9  29 
-23  -7 
30  1 
-24  0 
20  21 
-6  47 
-3  11 
22  12 
7  4 
19  13 
-37  62 
-31  46 
-2  18 
2  6 
32  51 
-14  15 
13  1 
-4  21 
43  67 
-15  15 
25  22 
-2  -21 
37  -23 
-12  28 
-7  7 
-5  39 
-1  9 
18  13 
34  -27 
-34  9 
11  6 
-14  45 
29  -48 
19  -1 
25  20 
9  -6 
-44  28 
22  4 
-48  -4 
11  -7 
4  45 
-22  4 
4  -16 
23  16 
12  19 
1  15 
5  -3 
29  20 
7  20 
20  19 
-5  -13 
39  28 
0  35 
13  2 
32  81 
29  -2 
0  -15 
17  1 
34  -16 
44  -6 
21  15 
17  -13 
23  34 
5  -1 
17  -1 
55  -10 
-38  -37 
-16  17 
-3  -12 
-29  28 
59  19 
-35  16 
35  26 
-4  8 
12  18 
-3  11 
2  -5 
25  13 
4  18 
-17  -12 
-7  27 
-22  -7 
29  0 
-25  -3 
20  23 
-1  49 
-1  10 
17  14 
8  5 
15  12 
-35  60 
-33  45 
-3  17 
1  5 
34  55 
-13  15 
16  1 
-2  22 
44  68 
-13  13 
27  24 
-7  -19 
35  -22 
-15  28 
-6  6 
-5  40 
-2  9 
19  13 
33  -24 
-30  12 
14  5 
-15  44 
28  -47 
20  -2 
26  21 
14  -10 
-42  30 
22  9 
-47  -8 
12  -9 
3  45 
-25  3 
6  -15 
23  16 
14  20 
2  14 
2  -2 
32  19 
8  20 
18  19 
-8  -9 
36  28 
0  36 
10  1 
31  81 
29  1 
-1  -13 
17  2 
37  -15 
42  -8 
22  15 
19  -7 
26  37 
5  0 
18  1 
58  -7 
-36  -37 
-11  8 
-6  -15 
-29  28 
53  17 
-35  13 
35  26 
-3  8 
12  19 
0  9 
1  -5 
28  13 
4  18 
-18  -13 
-7  27 
-21  -8 
31  2 
-26  -2 
22  24 
-3  47 
-1  9 
17  12 
14  6 
18  10 
-33  60 
-29  46 
-2  22 
2  3 
34  55 
-15  14 
22  1 
0  21 
41  66 
-14  9 
25  25 
-8  -18 
43  -24 
-18  26 
-5  7 
-4  41 
-3  11 
18  11 
33  -24 
-31  7 
18  8 
-14  46 
24  -53 
21  -1 
24  24 
16  -9 
-42  29 
18  5 
-46  -10 
11  -9 
0  45 
-26  -7 
12  -13 
26  15 
13  24 
2  9 
8  -4 
29  18 
6  22 
18  19 
-8  -9 
38  28 
4  40 
7  2 
32  82 
32  -1 
-2  -11 
20  -1 
36  -19 
44  -8 
23  14 
19  -10 
24  35 
5  -1 
14  -2 
55  -8 
-35  -32 
-11  6 
-8  -12 
-29  28 
53  20 
-35  14 
35  25 
-4  13 
12  16 
-1  8 
0  -6 
27  15 
5  16 
-16  -12 
-13  24 
-18  -8 
30  0 
-26  -5 
23  22 
-4  48 
-1  9 
18  13 
5  6 
17  14 
-34  60 
-31  43 
-4  20 
2  3 
36  54 
-15  13 
19  2 
-2  22 
42  65 
-7  17 
24  25 
-6  -24 
43  -24 
-17  27 
-6  6 
-3  39 
-3  15 
13  7 
33  -24 
-31  8 
18  11 
-14  46 
22  -52 
21  -2 
24  27 
20  -10 
-43  28 
19  7 
-43  -11 
12  -11 
2  44 
-26  -10 
13  -12 
24  10 
17  18 
4  4 
5  -3 
26  21 
4  17 
21  15 
0  -6 
39  28 
7  40 
4  3 
31  83 
37  -1 
-4  -12 
20  0 
34  -20 
44  -8 
19  10 
14  -14 
28  32 
6  0 
20  -1 
57  -8 
-32  -43 
-12  8 
-9  -13 
-28  28 
60  15 
-35  10 
35  25 
-3  14 
13  11 
-3  9 
5  -7 
27  15 
4  17 
-22  -10 
-13  24 
-18  -5 
24  -2 
-28  -4 
23  22 
-2  51 
-5  6 
19  13 
6  6 
22  11 
-35  60 
-32  44 
-4  21 
2  3 
38  53 
-15  15 
21  3 
-1  21 
40  65 
-7  14 
25  24 
-6  -27 
43  -24 
-16  27 
-12  7 
-5  40 
-4  16 
14  5 
36  -26 
-29  8 
15  10 
-11  45 
21  -55 
19  -1 
24  30 
22  -8 
-47  27 
19  7 
-47  -11 
12  -11 
0  41 
-27  -15 
13  -12 
26  9 
19  22 
4  5 
5  -6 
29  21 
7  13 
24  15 
7  -2 
33  25 
7  40 
7  6 
33  81 
41  1 
-3  -15 
20  1 
32  -21 
44  -7 
18  13 
10  -15 
24  37 
4  0 
16  1 
57  -9 
-38  -44 
-12  4 
-11  -20 
-27  27 
60  15 
-30  11 
36  26 
-3  12 
13  11 
-3  9 
2  -9 
27  15 
5  14 
-21  -10 
-9  21 
-18  -8 
25  -3 
-35  -7 
23  22 
-4  48 
-6  5 
14  11 
6  6 
20  10 
-35  60 
-31  43 
-3  18 
4  3 
34  50 
-15  15 
22  6 
-1  22 
40  65 
-7  16 
24  25 
-4  -26 
44  -22 
-18  24 
-12  9 
0  39 
-4  20 
15  6 
38  -29 
-31  6 
12  11 
-10  41 
22  -57 
21  -2 
26  29 
24  -12 
-48  28 
18  9 
-41  -11 
11  -13 
-7  40 
-32  -12 
9  -9 
25  11 
18  22 
5  7 
5  -1 
32  22 
4  14 
32  16 
4  -3 
35  23 
10  41 
4  7 
33  81 
42  3 
-3  -11 
19  1 
32  -21 
44  -5 
16  13 
14  -15 
21  35 
6  0 
20  -2 
58  -10 
-36  -50 
-15  2 
-12  -21 
-24  26 
56  21 
-26  14 
40  30 
-3  11 
11  11 
2  11 
-1  -7 
27  15 
4  12 
-22  -9 
-8  22 
-18  -8 
25  -3 
-33  -2 
23  22 
-3  47 
-4  8 
14  10 
6  5 
12  11 
-31  61 
-33  45 
-1  19 
4  3 
32  48 
-15  16 
23  7 
-7  20 
40  65 
-7  17 
26  24 
-4  -26 
40  -21 
-15  24 
-9  6 
-2  43 
-3  19 
17  8 
41  -29 
-36  5 
13  16 
-11  43 
20  -58 
21  -3 
24  28 
23  -15 
-49  27 
17  14 
-40  -5 
8  -13 
-2  42 
-31  -14 
9  -11 
26  17 
13  27 
7  6 
7  0 
35  25 
5  14 
30  15 
5  -6 
37  18 
12  42 
6  7 
33  81 
39  2 
-1  -13 
16  -2 
31  -21 
44  -5 
19  9 
9  -16 
25  33 
5  -1 
22  1 
58  -12 
-31  -51 
-15  2 
-10  -23 
-24  25 
56  21 
-27  16 
35  30 
-4  8 
17  10 
2  11 
-3  -6 
28  17 
7  13 
-21  -12 
-7  25 
-18  -6 
24  -2 
-34  -5 
23  22 
-4  44 
-5  12 
14  11 
7  6 
12  11 
-34  61 
-33  45 
-2  19 
6  -3 
31  48 
-12  10 
24  5 
-7  20 
42  66 
-6  16 
24  27 
-6  -26 
34  -16 
-16  23 
-12  0 
-3  42 
-6  20 
14  5 
37  -35 
-36  10 
12  16 
-11  43 
16  -57 
25  -5 
26  29 
23  -13 
-52  28 
16  14 
-38  -5 
9  -14 
-1  41 
-29  -9 
11  -11 
27  17 
14  26 
7  4 
10  1 
36  26 
2  12 
32  16 
5  -7 
35  23 
9  41 
5  7 
33  80 
39  2 
-1  -12 
17  -1 
30  -21 
44  -2 
18  10 
7  -15 
28  33 
5  2 
20  -2 
62  -9 
-33  -54 
-11  -1 
-7  -24 
-23  28 
65  18 
-28  19 
30  27 
-4  7 
21  11 
-2  9 
0  -4 
26  15 
8  12 
-23  -14 
-6  26 
-19  -5 
22  -5 
-35  -4 
27  22 
-2  41 
-4  8 
18  11 
4  7 
7  4 
-31  60 
-38  46 
-1  19 
3  -4 
31  46 
-9  14 
23  6 
-2  19 
42  64 
-7  21 
26  26 
-3  -26 
28  -12 
-16  23 
-10  1 
-4  41 
-2  22 
16  6 
38  -36 
-38  9 
14  16 
-15  40 
21  -61 
33  -9 
29  31 
28  -11 
-51  28 
16  12 
-40  -5 
12  -12 
0  41 
-26  -7 
14  -6 
25  15 
13  22 
13  5 
12  2 
37  31 
2  12 
30  17 
7  -7 
36  21 
9  38 
6  9 
31  82 
37  2 
-5  -14 
17  -1 
26  -27 
50  -6 
19  13 
6  -16 
28  33 
7  5 
16  3 
58  -10 
-34  -54 
-15  0 
-9  -24 
-29  25 
65  15 
-28  19 
33  28 
-3  7 
19  9 
-2  9 
0  -4 
25  14 
5  16 
-26  -15 
-7  25 
-20  -1 
20  -5 
-39  -5 
27  26 
0  41 
-2  11 
17  11 
8  11 
7  4 
-31  60 
-37  47 
-1  19 
2  -2 
36  46 
-13  17 
24  5 
-4  18 
42  63 
-6  20 
26  31 
-2  -27 
28  -8 
-16  23 
-11  2 
-5  39 
-5  23 
10  5 
38  -41 
-34  5 
16  16 
-14  40 
24  -67 
31  -9 
27  29 
28  -12 
-48  25 
12  9 
-38  -4 
11  -14 
1  39 
-27  -3 
16  -6 
24  15 
12  22 
9  1 
16  4 
36  31 
-3  14 
32  18 
5  -4 
36  21 
9  40 
6  9 
34  86 
38  2 
-7  -12 
17  -1 
25  -26 
54  -6 
18  9 
1  -15 
29  29 
4  5 
15  3 
58  -12 
-36  -57 
-16  -2 
-15  -21 
-29  18 
62  12 
-27  17 
36  28 
-4  4 
19  7 
-1  9 
5  -3 
23  16 
5  15 
-25  -13 
-7  25 
-19  -3 
22  -5 
-33  -4 
27  26 
-1  41 
-2  11 
16  11 
11  11 
6  6 
-30  61 
-37  47 
-1  19 
4  -3 
35  45 
-13  15 
24  7 
-4  20 
42  66 
-7  20 
28  28 
-3  -26 
24  -5 
-13  24 
-11  3 
-7  41 
-3  21 
8  4 
40  -41 
-38  9 
14  18 
-11  39 
24  -68 
34  -9 
29  28 
29  -13 
-49  28 
17  8 
-45  -5 
12  -12 
-1  38 
-28  -4 
14  -7 
31  14 
17  25 
9  1 
18  10 
39  30 
-4  14 
32  17 
4  0 
36  18 
7  40 
5  10 
33  87 
36  1 
-6  -9 
16  -4 
29  -29 
50  -6 
17  9 
2  -14 
28  29 
2  3 
18  2 
58  -10 
-27  -58 
-15  -2 
-14  -20 
-31  16 
65  14 
-23  14 
36  29 
-1  2 
19  8 
-3  11 
5  0 
20  19 
7  15 
-32  -12 
-8  28 
-20  -2 
21  -5 
-34  -3 
29  20 
0  41 
0  9 
19  9 
14  18 
4  3 
-31  58 
-36  47 
-2  19 
3  -7 
30  45 
-12  17 
23  9 
-5  20 
37  65 
-7  21 
29  28 
-3  -28 
24  -5 
-13  24 
-11  3 
-9  40 
-5  23 
9  4 
37  -41 
-36  8 
16  20 
-15  42 
27  -69 
37  -10 
26  26 
29  -13 
-50  27 
18  0 
-40  -5 
14  -14 
-1  39 
-27  -3 
13  -4 
31  18 
15  27 
9  2 
18  8 
38  31 
-2  13 
27  17 
5  0 
38  19 
7  40 
4  12 
32  87 
39  2 
-5  -8 
16  -4 
25  -25 
52  -9 
14  -2 
3  -13 
39  29 
2  3 
19  1 
59  -13 
-30  -55 
-15  -4 
-15  -21 
-31  6 
66  14 
-27  17 
38  29 
0  1 
16  8 
-1  10 
4  0 
19  19 
5  14 
-32  -12 
-6  26 
-21  -2 
24  -5 
-35  -3 
26  20 
1  38 
1  14 
25  13 
13  20 
2  4 
-22  62 
-36  47 
-4  20 
6  -7 
35  51 
-13  15 
20  5 
-7  21 
34  65 
-8  22 
29  28 
-1  -27 
28  -7 
-18  26 
-9  1 
-9  47 
-7  25 
9  3 
37  -42 
-33  9 
18  21 
-16  44 
28  -68 
37  -6 
26  29 
29  -13 
-50  29 
23  2 
-38  -6 
12  -15 
0  38 
-30  -4 
12  -7 
36  21 
15  26 
11  2 
18  8 
37  28 
-2  11 
31  14 
10  -1 
36  18 
8  39 
9  14 
34  85 
39  2 
-4  -6 
20  -2 
29  -22 
52  -8 
13  1 
4  -10 
38  29 
2  4 
17  1 
62  -14 
-25  -55 
-14  -3 
-14  -20 
-32  12 
65  15 
-26  15 
38  30 
0  0 
8  7 
-3  9 
5  0 
16  19 
5  17 
-31  -16 
-13  25 
-19  2 
24  -2 
-32  -7 
30  21 
0  35 
5  13 
26  13 
13  20 
7  4 
-24  60 
-36  45 
-6  18 
4  -8 
38  53 
-8  11 
20  7 
-5  20 
38  71 
-8  18 
31  25 
-1  -31 
26  -5 
-18  23 
-11  0 
-9  48 
-7  27 
13  2 
45  -46 
-29  13 
16  25 
-15  42 
27  -67 
34  -4 
24  27 
32  -12 
-50  30 
21  5 
-36  -6 
18  -18 
0  41 
-28  -4 
17  -9 
34  19 
18  28 
10  5 
14  4 
36  28 
-1  7 
32  16 
12  -1 
35  17 
11  42 
10  13 
33  81 
39  2 
-4  -6 
18  -1 
31  -23 
52  -2 
16  -1 
5  -5 
39  31 
2  4 
12  2 
64  -10 
-25  -54 
-16  -2 
-15  -20 
-30  10 
57  7 
-29  16 
38  31 
-2  1 
7  11 
-9  13 
7  2 
16  16 
4  13 
-31  -20 
-17  27 
-20  -1 
21  -2 
-32  -7 
29  21 
4  42 
4  12 
25  17 
14  26 
7  4 
-24  61 
-36  45 
-6  16 
4  -3 
37  51 
-3  13 
21  3 
-6  18 
37  68 
-7  20 
33  25 
-2  -31 
25  -6 
-18  23 
-14  -3 
-11  48 
-7  27 
10  1 
47  -44 
-26  13 
18  30 
-16  44 
31  -66 
31  -2 
24  27 
30  -11 
-52  32 
22  7 
-39  -5 
18  -18 
-2  38 
-30  -3 
17  -6 
33  17 
16  28 
6  8 
14  7 
37  25 
-7  8 
36  14 
5  -1 
34  14 
13  45 
12  15 
31  87 
40  -2 
-9  -9 
20  -4 
33  -24 
52  0 
13  0 
6  -3 
42  32 
2  3 
10  1 
64  -10 
-26  -53 
-18  -5 
-15  -20 
-33  13 
59  9 
-33  15 
38  31 
-6  -1 
8  12 
-12  13 
9  0 
12  16 
5  15 
-26  -16 
-19  31 
-21  -1 
20  -5 
-35  -7 
29  18 
7  44 
5  14 
24  18 
14  26 
9  3 
-23  58 
-34  46 
-7  11 
5  -3 
39  52 
-2  10 
20  5 
-4  20 
36  68 
-7  21 
28  19 
-1  -33 
21  -5 
-18  24 
-17  -4 
-12  48 
-8  28 
7  0 
44  -48 
-21  13 
20  31 
-19  48 
30  -67 
31  -4 
24  28 
34  -9 
-53  31 
24  7 
-43  -9 
16  -16 
-2  39 
-32  0 
15  -10 
33  17 
19  28 
6  9 
15  6 
35  25 
-7  7 
36  14 
6  0 
34  13 
16  49 
10  12 
23  94 
39  -1 
-11  -13 
20  -5 
25  -27 
52  -2 
13  -3 
8  -3 
41  25 
5  4 
9  0 
65  -9 
-27  -53 
-18  -9 
-15  -21 
-36  15 
56  4 
-33  15 
37  29 
-7  0 
8  13 
-13  13 
12  -4 
9  19 
2  16 
-25  -14 
-23  28 
-18  1 
21  -5 
-35  -8 
28  14 
7  44 
4  17 
27  20 
17  19 
9  1 
-20  59 
-36  45 
-7  11 
6  -3 
37  52 
-3  7 
20  5 
-1  21 
38  71 
-9  21 
32  22 
-1  -33 
25  -5 
-21  24 
-15  0 
-12  52 
-8  28 
8  0 
45  -43 
-22  13 
23  27 
-14  47 
31  -67 
33  -4 
24  27 
41  -9 
-56  32 
22  6 
-48  -9 
14  -15 
-4  39 
-31  3 
11  -12 
37  14 
18  29 
12  14 
15  5 
37  31 
-6  6 
36  12 
7  0 
36  16 
19  52 
7  5 
25  96 
40  -1 
-8  -12 
20  -6 
28  -27 
52  2 
15  3 
5  -5 
42  23 
3  5 
10  1 
68  -9 
-24  -56 
-19  -9 
-14  -20 
-34  13 
57  2 
-36  15 
37  29 
-7  1 
8  12 
-13  15 
16  -2 
8  17 
3  16 
-30  -15 
-21  29 
-25  6 
24  -7 
-38  -12 
25  14 
9  44 
4  18 
25  19 
15  17 
9  9 
-21  62 
-38  46 
-7  11 
5  -3 
38  50 
-1  7 
22  4 
-2  22 
38  71 
-11  18 
27  22 
-4  -32 
27  -2 
-20  21 
-15  2 
-9  49 
-8  31 
13  0 
45  -47 
-23  10 
24  27 
-15  44 
33  -63 
39  -1 
24  28 
37  -6 
-59  35 
21  6 
-47  -4 
17  -13 
-4  41 
-29  -1 
8  -11 
39  13 
17  31 
18  9 
13  5 
39  30 
-7  7 
38  10 
7  0 
32  19 
13  54 
5  6 
31  107 
42  1 
-7  -13 
23  -4 
28  -27 
53  1 
16  1 
9  3 
42  23 
13  5 
11  -2 
68  -12 
-26  -54 
-15  -10 
-15  -22 
-35  11 
58  -1 
-34  13 
37  25 
-4  4 
7  15 
-14  14 
19  1 
8  12 
5  17 
-29  -15 
-21  29 
-26  7 
21  -5 
-36  -12 
21  14 
9  44 
4  17 
30  21 
14  18 
11  8 
-21  62 
-40  43 
-7  11 
5  -5 
38  51 
-1  7 
22  4 
0  21 
37  71 
-11  21 
25  22 
-5  -33 
29  0 
-19  21 
-15  -1 
-12  49 
-10  29 
13  0 
46  -43 
-20  11 
23  24 
-16  45 
34  -59 
39  -1 
26  26 
34  -6 
-61  38 
20  -2 
-45  -5 
17  -10 
-4  40 
-27  -4 
6  -13 
39  12 
16  32 
16  8 
15  6 
38  29 
-6  11 
37  5 
3  2 
31  21 
10  59 
6  6 
31  105 
40  0 
-12  -9 
17  -8 
26  -27 
53  2 
16  1 
11  3 
42  24 
6  9 
10  1 
67  -15 
-28  -55 
-16  -8 
-16  -23 
-33  13 
56  0 
-35  14 
39  21 
1  1 
3  17 
-16  13 
15  3 
13  7 
8  13 
-31  -13 
-22  29 
-26  6 
22  -5 
-36  -12 
21  15 
6  44 
7  15 
34  14 
15  20 
7  9 
-24  64 
-40  38 
-9  13 
5  -5 
37  54 
-2  10 
21  3 
-1  19 
34  70 
-13  20 
23  25 
-6  -33 
25  0 
-22  19 
-14  0 
-8  48 
-7  31 
13  0 
46  -43 
-18  6 
24  27 
-15  44 
36  -62 
38  2 
24  25 
30  -3 
-59  37 
20  1 
-45  -1 
19  -13 
-7  37 
-22  -9 
5  -19 
42  12 
10  27 
16  8 
15  5 
37  29 
-8  11 
38  10 
3  2 
30  21 
9  59 
5  6 
29  101 
39  -1 
-7  -6 
17  -9 
25  -26 
52  2 
15  3 
6  0 
44  27 
6  9 
7  0 
68  -14 
-31  -51 
-16  -10 
-15  -30 
-34  11 
51  -4 
-33  12 
36  20 
0  1 
0  15 
-20  10 
18  2 
12  8 
4  15 
-32  -11 
-23  29 
-25  6 
21  -5 
-36  -12 
17  18 
7  45 
9  18 
36  14 
13  20 
9  8 
-26  66 
-37  36 
-6  13 
7  -4 
38  51 
-1  7 
21  3 
0  18 
34  70 
-10  17 
22  32 
-6  -35 
24  -3 
-23  19 
-15  -1 
-10  50 
-10  28 
13  -4 
45  -47 
-18  6 
26  28 
-18  44 
32  -61 
42  -2 
23  27 
27  -7 
-61  38 
17  3 
-46  0 
17  -19 
-2  33 
-24  -8 
7  -18 
37  8 
8  28 
19  9 
14  7 
38  29 
-10  15 
38  10 
3  2 
29  21 
11  59 
3  4 
29  102 
39  -1 
-8  -4 
14  -9 
25  -25 
51  2 
14  5 
9  0 
49  27 
6  9 
6  -3 
66  -14 
-28  -50 
-15  -7 
-16  -25 
-37  14 
54  -5 
-32  12 
40  21 
-1  1 
3  16 
-24  7 
13  7 
12  11 
5  17 
-31  -12 
-22  33 
-21  7 
21  -9 
-37  -13 
16  20 
4  45 
10  21 
39  12 
13  20 
8  8 
-29  66 
-38  34 
-1  8 
7  -3 
34  50 
-6  7 
21  3 
2  21 
28  71 
-8  19 
22  36 
-7  -35 
27  -5 
-24  26 
-15  -1 
-12  53 
-11  25 
13  -3 
44  -48 
-18  6 
20  25 
-18  43 
36  -66 
47  -4 
22  27 
25  -6 
-63  45 
12  2 
-41  2 
21  -21 
-2  29 
-23  -8 
7  -20 
34  6 
7  25 
19  9 
11  7 
38  31 
-9  14 
37  11 
3  2 
29  21 
11  63 
6  6 
28  96 
37  -2 
-6  -2 
12  -9 
25  -24 
52  8 
14  7 
12  -2 
51  25 
9  8 
4  -2 
67  -14 
-28  -53 
-15  -5 
-20  -25 
-30  9 
60  1 
-36  7 
48  12 
0  -1 
-1  13 
-30  5 
7  14 
13  16 
4  17 
-36  -8 
-22  33 
-26  6 
25  -7 
-36  -15 
21  21 
4  43 
12  22 
36  14 
13  20 
5  6 
-26  71 
-38  35 
-2  9 
9  0 
32  49 
-6  10 
22  4 
-1  19 
29  66 
-8  19 
19  38 
-5  -35 
27  -5 
-22  22 
-11  3 
-14  57 
-13  25 
16  -1 
41  -45 
-13  2 
22  26 
-18  43 
35  -68 
48  2 
23  27 
23  -4 
-61  47 
11  8 
-41  1 
21  -18 
-2  30 
-23  -6 
10  -19 
34  5 
5  24 
18  7 
13  5 
38  28 
-9  13 
38  8 
3  2 
26  26 
12  65 
4  7 
34  94 
36  1 
-7  0 
14  -9 
26  -23 
52  11 
13  7 
12  -1 
48  28 
4  4 
4  -2 
67  -15 
-29  -54 
-19  -2 
-15  -25 
-31  7 
60  1 
-35  4 
49  16 
0  -2 
-3  10 
-29  2 
7  16 
16  16 
5  16 
-36  -8 
-22  30 
-26  4 
27  -7 
-37  -15 
23  16 
4  43 
16  23 
39  11 
13  21 
2  3 
-24  72 
-36  37 
-1  9 
9  3 
35  51 
-7  12 
22  6 
-2  19 
31  67 
-7  17 
19  39 
-7  -35 
27  -3 
-24  20 
-10  1 
-12  57 
-15  28 
18  2 
45  -47 
-11  -2 
24  30 
-19  43 
38  -71 
45  0 
24  25 
20  -7 
-58  51 
10  9 
-45  6 
22  -16 
-4  28 
-23  -8 
7  -16 
32  2 
3  27 
17  11 
16  6 
35  32 
-10  13 
39  7 
3  2 
29  20 
12  67 
0  5 
33  97 
38  2 
-4  0 
16  -9 
24  -22 
52  10 
12  9 
12  -4 
49  28 
2  7 
3  -4 
69  -16 
-35  -46 
-14  -6 
-13  -25 
-29  7 
60  -6 
-36  7 
50  14 
3  -3 
-4  8 
-26  6 
7  20 
20  16 
4  15 
-35  -3 
-22  33 
-27  5 
25  -8 
-36  -17 
21  19 
4  44 
20  22 
38  9 
13  21 
2  3 
-23  71 
-36  37 
-1  13 
9  1 
36  54 
-10  19 
26  7 
0  18 
31  68 
-7  16 
15  37 
-4  -34 
32  -9 
-24  21 
-11  -1 
-14  57 
-18  26 
19  1 
42  -45 
-11  3 
25  28 
-20  43 
38  -70 
45  0 
27  26 
18  -3 
-58  52 
15  7 
-45  6 
24  -15 
-2  31 
-25  -10 
6  -14 
35  0 
1  26 
17  10 
13  8 
39  29 
-11  7 
36  9 
3  2 
26  21 
10  59 
1  5 
33  96 
36  3 
-6  -4 
17  -6 
24  -22 
52  11 
18  10 
12  -1 
48  28 
4  7 
3  -4 
66  -14 
-35  -47 
-16  -5 
-15  -25 
-27  5 
62  -5 
-34  9 
47  9 
7  -3 
-1  7 
-26  5 
6  20 
22  16 
8  12 
-32  -7 
-23  35 
-30  1 
25  -6 
-35  -18 
16  18 
6  47 
17  17 
34  7 
13  21 
2  6 
-22  69 
-33  35 
-4  11 
7  0 
35  55 
-13  18 
27  6 
-1  21 
31  68 
-9  16 
13  31 
-5  -35 
35  -10 
-27  20 
-11  -2 
-16  57 
-19  26 
21  -1 
41  -45 
-11  0 
23  27 
-20  43 
37  -74 
45  0 
24  25 
18  2 
-58  51 
13  7 
-44  8 
25  -14 
-1  30 
-23  -7 
6  -15 
33  -3 
1  21 
16  6 
12  8 
42  32 
-7  9 
38  10 
5  4 
25  19 
12  56 
3  7 
34  99 
33  1 
-5  -5 
13  -4 
24  -23 
53  11 
17  14 
9  -2 
51  26 
4  7 
4  -2 
67  -16 
-32  -48 
-16  -5 
-14  -23 
-25  6 
62  -5 
-33  10 
49  7 
7  -5 
-1  9 
-26  4 
-3  18 
25  14 
12  8 
-30  -7 
-21  31 
-31  3 
28  -7 
-35  -20 
16  23 
4  50 
20  15 
37  9 
17  23 
2  8 
-24  66 
-35  35 
-4  14 
7  0 
35  54 
-15  16 
29  1 
-1  21 
31  68 
-11  16 
14  29 
-6  -35 
34  -9 
-22  22 
-9  2 
-19  55 
-20  25 
15  -2 
44  -48 
-11  0 
24  25 
-18  43 
37  -75 
46  1 
22  29 
20  -1 
-60  51 
13  7 
-41  7 
26  -13 
-4  28 
-18  -8 
6  -15 
33  -3 
5  17 
13  5 
10  14 
47  33 
-4  7 
38  9 
5  6 
29  23 
13  57 
2  12 
38  99 
40  -1 
-8  -6 
10  -5 
20  -22 
51  11 
16  19 
10  -1 
50  27 
2  6 
4  -2 
66  -16 
-35  -50 
-15  -6 
-16  -23 
-25  3 
66  -5 
-33  13 
49  9 
7  -4 
-2  10 
-29  2 
6  17 
24  13 
12  8 
-24  -9 
-23  34 
-30  1 
32  -4 
-37  -18 
16  24 
1  54 
20  14 
38  13 
18  22 
2  1 
-18  63 
-31  30 
-7  16 
6  0 
38  57 
-15  13 
28  1 
-1  22 
35  66 
-17  16 
8  28 
-3  -30 
31  -11 
-21  21 
-14  5 
-16  55 
-19  25 
12  2 
42  -45 
-11  1 
26  27 
-16  43 
34  -75 
46  1 
24  28 
20  0 
-59  51 
14  6 
-40  9 
23  -13 
-2  31 
-18  -4 
7  -15 
33  0 
5  17 
13  5 
13  11 
51  32 
-1  8 
33  7 
7  5 
29  23 
13  57 
4  13 
43  107 
40  -2 
-14  -3 
11  -7 
17  -23 
54  11 
18  19 
5  -1 
48  24 
4  8 
1  -1 
64  -15 
-36  -50 
-13  -9 
-14  -25 
-24  0 
64  -5 
-33  13 
48  7 
5  -3 
-5  5 
-33  -5 
4  17 
29  8 
12  9 
-31  -10 
-22  31 
-30  -1 
34  -5 
-37  -18 
17  21 
6  54 
22  12 
36  12 
14  19 
0  -1 
-15  64 
-34  29 
-3  13 
-1  1 
39  58 
-11  11 
27  0 
1  21 
38  60 
-19  15 
13  22 
-2  -31 
30  -11 
-23  22 
-16  3 
-15  56 
-20  25 
11  4 
40  -46 
-11  -1 
26  25 
-18  44 
33  -75 
45  0 
25  28 
24  4 
-54  46 
15  6 
-41  9 
22  -13 
-4  26 
-18  -5 
7  -16 
33  0 
1  12 
14  6 
16  8 
51  32 
-1  7 
34  6 
7  6 
33  22 
11  54 
5  13 
42  109 
45  -6 
-14  -6 
11  -9 
13  -20 
54  11 
23  18 
5  -1 
48  27 
7  10 
-1  1 
61  -15 
-34  -51 
-15  -8 
-15  -25 
-26  0 
65  -4 
-34  17 
52  8 
5  -3 
-4  3 
-28  -3 
4  18 
29  6 
11  8 
-32  -12 
-16  30 
-28  -2 
33  -3 
-37  -18 
12  19 
4  54 
24  12 
38  10 
18  13 
0  -2 
-18  66 
-32  31 
-3  11 
-2  -1 
42  55 
-12  13 
27  0 
-2  21 
36  60 
-17  16 
11  21 
-1  -33 
28  -8 
-30  25 
-16  3 
-16  57 
-20  25 
11  6 
44  -45 
-11  1 
27  25 
-18  44 
40  -73 
45  2 
26  27 
24  7 
-56  46 
13  7 
-42  9 
23  -13 
-3  27 
-25  0 
10  -19 
33  1 
2  11 
16  8 
13  4 
52  36 
-1  9 
35  6 
6  9 
31  22 
13  57 
5  16 
42  109 
47  -7 
-13  -5 
11  -7 
13  -20 
54  10 
21  16 
6  1 
54  24 
8  12 
-6  -1 
64  -13 
-32  -52 
-16  -10 
-16  -22 
-21  1 
65  -6 
-34  17 
52  11 
4  0 
-1  -2 
-28  -1 
4  17 
29  9 
12  8 
-27  -15 
-11  28 
-28  -4 
37  -6 
-37  -18 
11  18 
0  56 
22  12 
39  12 
16  12 
-4  1 
-18  71 
-37  34 
1  14 
2  1 
40  54 
-16  15 
25  0 
-2  19 
39  59 
-17  16 
13  21 
-2  -29 
30  -11 
-29  19 
-16  5 
-13  56 
-20  25 
9  3 
45  -45 
-11  -2 
29  20 
-18  44 
39  -70 
47  0 
24  28 
23  7 
-58  47 
15  7 
-42  9 
26  -13 
-1  22 
-24  0 
11  -19 
33  7 
1  15 
18  10 
16  8 
54  34 
-1  7 
36  4 
9  8 
30  25 
16  54 
5  14 
39  113 
48  -7 
-8  -5 
8  -3 
11  -17 
52  5 
20  15 
10  1 
51  21 
8  12 
-6  -1 
69  -11 
-32  -52 
-14  -6 
-22  -21 
-21  1 
66  -7 
-35  17 
56  13 
5  -1 
-1  -1 
-28  -4 
6  17 
27  11 
11  8 
-26  -15 
-14  29 
-28  -1 
38  -7 
-37  -18 
11  12 
0  59 
24  12 
44  16 
18  10 
-3  -1 
-18  72 
-39  35 
7  15 
-2  2 
40  54 
-18  15 
25  2 
-4  20 
40  58 
-17  16 
12  22 
1  -29 
29  -14 
-33  20 
-17  7 
-5  55 
-18  23 
10  0 
44  -45 
-11  -1 
29  18 
-24  41 
37  -69 
45  0 
32  28 
24  8 
-58  48 
13  7 
-42  11 
27  -15 
-1  22 
-23  1 
9  -19 
32  10 
1  14 
17  10 
16  8 
53  37 
-1  8 
35  3 
6  6 
33  27 
14  54 
4  10 
38  112 
49  -11 
-2  -7 
11  -5 
12  -18 
54  5 
20  15 
6  1 
49  22 
11  13 
-8  -4 
66  -13 
-30  -55 
-16  -6 
-26  -21 
-20  -2 
67  -7 
-31  20 
64  15 
-2  -1 
-3  -1 
-30  -6 
7  15 
24  7 
8  7 
-25  -13 
-12  31 
-28  -1 
36  -9 
-37  -18 
12  13 
0  61 
24  12 
46  17 
16  8 
0  -1 
-15  77 
-37  36 
2  12 
2  1 
39  56 
-16  17 
27  2 
-4  18 
39  59 
-19  17 
10  21 
0  -29 
30  -11 
-35  19 
-18  3 
-9  48 
-18  26 
6  0 
45  -47 
-13  0 
28  20 
-27  41 
37  -69 
45  0 
38  31 
23  7 
-60  45 
14  4 
-42  8 
31  -14 
-1  21 
-24  1 
9  -19 
38  10 
5  11 
19  9 
17  5 
53  37 
-2  9 
36  6 
4  3 
33  28 
14  53 
5  8 
42  115 
48  -8 
-4  -6 
12  -4 
7  -18 
53  5 
20  16 
5  -1 
49  24 
10  19 
-13  -5 
66  -14 
-35  -54 
-19  -1 
-27  -20 
-20  -6 
67  -7 
-30  21 
66  15 
-2  -2 
-4  1 
-34  -3 
4  13 
19  6 
10  9 
-25  -14 
-15  34 
-28  -1 
32  -9 
-37  -18 
14  14 
2  63 
28  9 
48  17 
17  8 
0  -1 
-18  72 
-37  36 
-1  9 
-2  3 
40  55 
-15  15 
25  2 
-2  19 
39  62 
-16  17 
10  17 
-2  -32 
31  -9 
-36  20 
-21  1 
-12  48 
-16  27 
5  0 
49  -52 
-9  -1 
26  22 
-27  41 
39  -72 
45  -4 
38  30 
24  5 
-56  44 
14  5 
-42  13 
29  -6 
-4  23 
-26  0 
6  -20 
39  7 
4  15 
17  9 
17  5 
53  36 
-3  11 
35  7 
7  5 
39  28 
10  54 
2  7 
45  120 
46  -11 
-3  -8 
12  -4 
10  -21 
56  6 
20  18 
4  -3 
47  24 
11  23 
-13  -3 
64  -12 
-36  -55 
-20  -1 
-24  -20 
-12  -7 
65  -4 
-33  22 
64  15 
1  1 
-8  2 
-34  0 
5  14 
20  12 
12  8 
-27  -13 
-16  32 
-27  0 
32  -9 
-36  -17 
14  14 
1  65 
29  8 
44  18 
16  8 
-4  3 
-13  73 
-38  37 
-3  11 
-2  2 
45  55 
-17  17 
25  2 
-1  19 
40  61 
-15  19 
9  18 
-3  -31 
28  -8 
-38  24 
-25  3 
-12  48 
-16  27 
4  0 
45  -52 
-7  2 
29  24 
-23  43 
39  -73 
41  -5 
37  34 
25  4 
-57  45 
14  5 
-42  9 
27  -5 
-1  16 
-24  -2 
9  -20 
42  11 
1  12 
20  5 
15  5 
53  36 
-4  12 
35  6 
8  8 
39  29 
11  56 
5  8 
49  120 
48  -9 
-6  -9 
13  -3 
10  -21 
48  4 
23  17 
4  -2 
45  27 
8  22 
-12  -7 
63  -13 
-38  -57 
-19  -5 
-23  -17 
-12  -8 
72  -1 
-35  19 
62  12 
6  6 
-8  2 
-31  -2 
5  16 
22  15 
9  8 
-22  -12 
-15  35 
-24  -2 
31  -12 
-33  -16 
11  13 
2  66 
28  9 
45  17 
18  9 
-6  4 
-15  72 
-36  37 
-3  10 
-3  2 
43  55 
-17  18 
27  2 
-2  20 
42  61 
-14  17 
12  18 
-2  -30 
25  -9 
-37  22 
-22  5 
-14  49 
-18  28 
6  0 
44  -50 
-3  -1 
29  23 
-20  39 
39  -73 
43  -4 
37  34 
24  5 
-56  44 
11  11 
-42  11 
27  -5 
5  14 
-26  -7 
12  -13 
41  11 
5  13 
21  5 
14  7 
55  35 
-8  11 
34  9 
7  9 
38  33 
13  57 
7  5 
49  118 
44  -13 
-5  -8 
11  -6 
9  -17 
46  5 
24  18 
5  -1 
44  28 
11  23 
-12  -7 
62  -17 
-39  -55 
-14  -7 
-19  -17 
-15  -3 
73  3 
-38  16 
65  15 
3  7 
-4  -2 
-28  -1 
4  12 
20  16 
15  6 
-21  -13 
-15  36 
-20  -2 
32  -12 
-33  -16 
16  14 
5  70 
32  5 
44  17 
17  11 
-11  8 
-18  72 
-34  35 
-3  14 
-4  4 
41  55 
-21  21 
25  2 
0  23 
38  62 
-16  15 
13  16 
-2  -30 
27  -7 
-37  22 
-24  8 
-12  52 
-15  32 
0  1 
46  -51 
-5  3 
30  19 
-20  34 
42  -73 
41  -2 
39  32 
24  5 
-56  46 
12  11 
-43  10 
21  -6 
5  14 
-27  0 
14  -15 
38  8 
7  16 
20  -1 
13  7 
59  39 
-10  14 
31  8 
14  10 
39  33 
12  56 
7  5 
49  121 
41  -10 
-8  -9 
16  -4 
9  -21 
46  5 
23  16 
7  0 
49  23 
9  18 
-12  -7 
62  -17 
-33  -56 
-12  -8 
-17  -23 
-12  -3 
73  2 
-38  12 
67  17 
2  6 
-4  4 
-27  1 
5  14 
20  19 
9  8 
-21  -12 
-14  37 
-19  -3 
30  -15 
-29  -18 
18  13 
4  70 
30  9 
45  17 
17  9 
-10  10 
-20  74 
-36  35 
-4  9 
-8  8 
42  56 
-22  22 
25  2 
1  21 
39  61 
-16  17 
14  13 
-1  -31 
26  -6 
-37  22 
-24  8 
-14  53 
-16  32 
-1  2 
46  -51 
-9  3 
32  19 
-21  32 
43  -73 
44  -2 
41  34 
25  -1 
-54  46 
11  11 
-46  11 
22  -5 
-1  16 
-27  -4 
16  -17 
38  9 
5  15 
19  -1 
17  7 
60  38 
-7  17 
30  7 
18  13 
38  32 
10  57 
4  5 
48  119 
36  -9 
-8  -9 
17  -1 
9  -21 
46  5 
24  17 
9  3 
47  25 
9  18 
-13  -9 
66  -14 
-33  -56 
-16  -7 
-16  -22 
-7  -1 
74  7 
-39  11 
67  16 
0  5 
-3  6 
-27  1 
6  13 
14  19 
12  8 
-22  -9 
-15  39 
-22  -1 
28  -8 
-35  -20 
22  11 
9  68 
24  12 
46  14 
17  7 
-3  11 
-16  75 
-35  37 
-4  4 
-9  8 
42  55 
-22  21 
25  2 
1  17 
41  63 
-13  15 
14  13 
-4  -32 
25  -5 
-37  22 
-31  6 
-13  53 
-16  34 
-2  -3 
43  -52 
-12  8 
29  22 
-24  34 
41  -74 
46  -3 
41  35 
24  0 
-54  49 
15  10 
-43  14 
20  -4 
-1  19 
-24  1 
17  -19 
39  9 
4  10 
16  2 
19  2 
61  39 
-6  14 
29  11 
18  13 
38  31 
12  59 
4  3 
48  120 
36  -9 
-7  -9 
16  0 
9  -20 
51  1 
24  17 
9  1 
45  26 
13  17 
-13  -7 
63  -13 
-33  -55 
-16  -8 
-16  -22 
-8  5 
72  8 
-40  18 
72  18 
0  5 
-4  7 
-27  1 
6  13 
17  19 
9  9 
-23  -10 
-15  40 
-21  -1 
28  -8 
-34  -19 
22  13 
8  68 
24  13 
47  15 
17  11 
-5  12 
-15  77 
-33  38 
-6  6 
-9  8 
44  59 
-23  25 
30  1 
3  16 
42  63 
-15  13 
12  16 
-7  -35 
28  -7 
-37  22 
-23  3 
-13  51 
-15  34 
-2  -1 
44  -56 
-11  8 
30  19 
-24  34 
42  -74 
46  -3 
45  35 
25  1 
-51  43 
14  10 
-43  14 
22  -4 
-2  21 
-26  5 
20  -21 
33  7 
6  9 
17  2 
19  1 
60  41 
-8  11 
24  8 
21  14 
38  31 
13  57 
3  5 
49  120 
38  -5 
-11  -9 
18  2 
10  -19 
54  0 
25  16 
9  3 
46  26 
17  19 
-12  -8 
64  -13 
-36  -57 
-19  -9 
-15  -26 
-8  2 
66  10 
-46  17 
67  20 
2  7 
-2  4 
-23  2 
6  13 
16  16 
13  7 
-22  -7 
-9  39 
-22  1 
28  -9 
-28  -12 
22  16 
14  64 
27  13 
48  13 
16  14 
-1  12 
-15  79 
-26  36 
-5  6 
-2  9 
40  63 
-25  23 
34  7 
1  15 
42  64 
-16  10 
12  19 
-4  -36 
31  -7 
-37  22 
-20  1 
-11  50 
-13  35 
-7  3 
45  -54 
-10  10 
32  16 
-26  34 
43  -73 
49  -2 
43  36 
26  0 
-48  45 
11  11 
-46  15 
22  -8 
-3  23 
-26  6 
19  -21 
31  8 
6  9 
19  1 
19  2 
62  43 
-6  5 
24  8 
21  15 
36  34 
11  60 
4  5 
45  120 
38  -7 
-15  -5 
17  2 
13  -20 
56  1 
21  18 
10  1 
49  21 
17  17 
-14  -11 
58  -11 
-36  -57 
-19  -8 
-16  -25 
-8  -3 
64  10 
-41  18 
64  20 
0  5 
-5  6 
-19  3 
0  19 
16  20 
8  9 
-22  -10 
-11  40 
-23  1 
26  -14 
-26  -10 
22  14 
18  59 
24  13 
49  12 
15  14 
-4  8 
-15  79 
-28  36 
-6  11 
-1  11 
42  63 
-24  25 
32  8 
4  17 
42  65 
-23  7 
10  17 
-9  -35 
30  -5 
-37  22 
-21  1 
-12  52 
-21  33 
-2  1 
49  -52 
-11  7 
32  19 
-27  37 
42  -74 
49  -2 
43  36 
25  2 
-47  45 
18  11 
-47  16 
25  -3 
-5  31 
-29  8 
20  -22 
33  7 
2  11 
19  -1 
19  2 
61  42 
-11  3 
26  6 
22  14 
35  34 
10  60 
7  5 
49  118 
32  -12 
-16  -2 
13  1 
17  -17 
59  2 
20  16 
9  3 
49  21 
12  16 
-16  -10 
59  -8 
-38  -56 
-18  -8 
-15  -28 
-9  -1 
61  15 
-44  18 
65  16 
2  6 
-2  10 
-20  5 
-1  21 
14  19 
8  11 
-24  -9 
-10  39 
-26  6 
28  -7 
-30  -13 
22  15 
17  59 
25  13 
45  15 
11  15 
-2  11 
-15  79 
-34  37 
-11  9 
5  10 
42  63 
-22  21 
31  8 
3  16 
44  65 
-22  9 
14  15 
-9  -38 
31  -9 
-37  22 
-20  1 
-16  55 
-23  34 
-2  2 
47  -56 
-10  1 
33  20 
-27  36 
43  -73 
49  0 
45  34 
24  0 
-45  43 
16  14 
-48  19 
27  -3 
-3  29 
-27  7 
18  -21 
35  5 
-2  8 
19  -2 
16  4 
65  40 
-11  2 
29  9 
24  15 
36  34 
15  57 
5  5 
49  118 
32  -12 
-14  -3 
12  0 
17  -13 
56  1 
20  10 
6  0 
45  19 
13  16 
-14  -14 
62  -8 
-39  -57 
-18  -6 
-15  -26 
-11  0 
62  17 
-44  19 
64  17 
3  7 
-2  9 
-23  10 
0  21 
17  17 
10  21 
-21  -13 
-11  41 
-36  10 
28  -10 
-29  -12 
23  12 
18  59 
27  13 
45  17 
4  18 
-3  3 
-20  74 
-35  40 
-12  8 
8  13 
41  58 
-23  21 
35  6 
2  15 
44  65 
-23  14 
17  19 
-7  -33 
38  -10 
-37  22 
-20  -1 
-15  53 
-23  26 
-5  -2 
51  -54 
-8  2 
39  18 
-27  37 
44  -73 
53  0 
46  33 
29  -1 
-43  51 
19  9 
-48  31 
23  -4 
-4  28 
-26  5 
21  -19 
36  6 
-7  5 
19  -1 
15  5 
65  42 
-11  3 
29  8 
24  13 
35  35 
12  56 
6  7 
49  119 
30  -11 
-16  -2 
13  1 
13  -15 
56  1 
16  14 
5  -1 
43  16 
17  19 
-18  -13 
65  -9 
-38  -56 
-12  -7 
-14  -27 
-8  -1 
67  15 
-46  18 
64  17 
2  9 
-1  7 
-21  9 
-3  21 
16  16 
12  28 
-23  -15 
-10  41 
-36  7 
28  -13 
-30  -10 
25  13 
18  62 
27  13 
41  15 
5  17 
-1  2 
-20  75 
-33  42 
-12  12 
8  11 
42  63 
-25  23 
34  6 
2  12 
44  65 
-17  14 
18  19 
-9  -33 
40  -11 
-36  23 
-20  -2 
-22  53 
-22  30 
1  -2 
50  -53 
-9  1 
40  25 
-31  40 
45  -74 
55  -2 
50  25 
27  0 
-42  51 
22  11 
-46  25 
22  -5 
-4  29 
-27  6 
20  -19 
34  4 
-7  0 
19  -1 
15  6 
65  40 
-9  2 
30  17 
27  13 
31  39 
13  57 
6  9 
46  120 
28  -13 
-13  -5 
12  2 
12  -15 
52  0 
18  11 
2  -3 
43  16 
19  18 
-14  -7 
69  -12 
-38  -53 
-7  -4 
-15  -24 
-11  1 
64  17 
-42  17 
65  13 
4  3 
-1  9 
-23  10 
-1  22 
16  16 
13  27 
-26  -15 
-11  40 
-36  10 
30  -15 
-31  -5 
24  18 
21  59 
25  15 
41  15 
0  15 
-5  -1 
-23  79 
-35  40 
-12  12 
8  13 
42  63 
-24  23 
31  8 
5  17 
48  68 
-17  14 
18  19 
-8  -32 
39  -8 
-33  25 
-20  -1 
-24  45 
-28  31 
0  5 
51  -55 
-11  3 
38  28 
-31  38 
44  -72 
57  -2 
46  26 
31  2 
-42  49 
17  8 
-47  25 
22  -6 
-5  25 
-24  8 
20  -22 
33  2 
-7  1 
20  3 
13  8 
65  39 
-13  0 
34  13 
30  15 
32  39 
14  58 
4  7 
44  120 
26  -11 
-13  -4 
13  1 
16  -8 
53  -4 
22  12 
3  -3 
45  17 
17  18 
-16  -5 
73  -15 
-38  -54 
-8  -4 
-15  -27 
-13  0 
64  13 
-44  20 
63  8 
4  3 
-4  1 
-23  10 
-2  22 
16  16 
13  27 
-23  -15 
-11  41 
-36  10 
28  -13 
-30  -6 
24  18 
21  61 
25  18 
45  14 
7  15 
-8  2 
-21  78 
-34  40 
-10  10 
8  13 
38  59 
-23  21 
31  5 
5  15 
54  66 
-13  13 
20  18 
-5  -34 
38  -9 
-33  25 
-16  -3 
-30  49 
-28  31 
3  7 
47  -56 
-16  5 
38  30 
-31  38 
50  -75 
57  -7 
45  28 
31  1 
-49  54 
19  7 
-46  25 
23  -4 
-1  29 
-22  9 
19  -21 
34  -5 
-7  0 
22  3 
16  11 
65  39 
-12  -4 
34  14 
31  11 
30  41 
15  63 
0  5 
46  122 
25  -8 
-16  -6 
13  3 
22  -7 
56  -6 
25  14 
4  -2 
45  15 
16  18 
-17  -6 
73  -15 
-36  -48 
-8  -4 
-9  -27 
-10  -3 
65  10 
-46  19 
62  7 
4  8 
-1  2 
-24  12 
-3  18 
17  17 
12  28 
-23  -18 
-10  39 
-33  8 
29  -17 
-29  -8 
24  20 
20  61 
26  17 
47  15 
7  16 
-9  3 
-17  76 
-34  46 
-16  10 
5  13 
36  56 
-24  21 
28  4 
7  13 
52  62 
-14  15 
13  20 
-3  -32 
37  -7 
-33  25 
-15  -3 
-29  45 
-26  31 
3  8 
51  -52 
-16  5 
39  28 
-31  41 
49  -78 
56  -12 
44  27 
27  2 
-49  57 
16  9 
-46  25 
19  -1 
-3  31 
-23  12 
18  -21 
33  -3 
-4  0 
27  4 
13  11 
64  36 
-11  -2 
32  15 
32  11 
29  41 
18  60 
0  5 
46  121 
24  -8 
-14  -6 
15  3 
21  -8 
56  -6 
28  12 
6  -5 
44  18 
16  23 
-20  -5 
74  -15 
-36  -47 
-12  -3 
-7  -24 
-7  1 
65  11 
-45  20 
62  4 
3  7 
-4  4 
-23  14 
0  21 
21  19 
11  33 
-21  -19 
-8  38 
-32  9 
29  -18 
-39  -5 
25  22 
22  63 
26  17 
45  13 
3  16 
-9  5 
-13  78 
-32  44 
-14  9 
2  16 
36  53 
-21  22 
28  7 
7  12 
56  61 
-16  20 
14  20 
-1  -31 
38  -10 
-27  27 
-15  -6 
-23  45 
-23  33 
1  4 
52  -52 
-16  7 
39  32 
-29  39 
45  -80 
57  -12 
44  28 
29  -1 
-46  50 
14  7 
-47  25 
18  2 
2  35 
-22  9 
20  -22 
36  0 
0  -1 
26  6 
18  13 
60  36 
-11  -2 
33  11 
39  12 
30  41 
20  61 
0  5 
49  123 
25  -8 
-13  -5 
17  -1 
22  -5 
56  -6 
25  11 
4  -3 
46  17 
14  19 
-13  -7 
73  -13 
-35  -46 
-12  -7 
-7  -24 
-4  0 
65  10 
-47  21 
64  5 
1  5 
-7  0 
-23  14 
-4  21 
18  19 
12  36 
-23  -19 
-11  38 
-26  5 
29  -19 
-35  -7 
25  22 
22  64 
25  20 
48  12 
4  18 
-9  8 
-15  76 
-31  46 
-14  8 
5  15 
38  53 
-22  22 
28  7 
8  11 
52  62 
-14  20 
14  20 
2  -30 
39  -13 
-30  22 
-20  -5 
-25  46 
-23  30 
4  7 
51  -59 
-17  7 
38  29 
-31  42 
45  -81 
59  -11 
44  30 
32  -1 
-50  55 
18  8 
-42  23 
19  1 
4  34 
-22  10 
21  -23 
34  -2 
-1  -1 
26  5 
17  7 
61  35 
-9  -1 
35  6 
38  13 
27  40 
24  58 
1  5 
48  128 
25  -10 
-12  -3 
20  -1 
23  -6 
57  -6 
29  8 
6  -3 
55  10 
21  19 
-13  -4 
77  -11 
-32  -48 
-15  6 
-6  -22 
-1  -2 
70  10 
-47  20 
62  4 
1  6 
-11  3 
-28  11 
-4  20 
20  20 
10  36 
-19  -19 
-12  39 
-26  4 
25  -20 
-34  -7 
25  22 
22  63 
26  21 
44  17 
3  17 
-5  7 
-17  76 
-29  48 
-14  9 
5  15 
41  54 
-21  22 
33  7 
7  13 
51  62 
-15  19 
14  15 
3  -33 
39  -13 
-33  22 
-22  -1 
-27  45 
-21  33 
4  7 
49  -60 
-18  12 
39  29 
-31  44 
44  -80 
58  -10 
47  31 
32  -2 
-48  59 
16  12 
-43  22 
17  5 
1  35 
-22  11 
24  -25 
41  -2 
-1  -1 
26  0 
17  11 
60  35 
-9  1 
33  8 
38  13 
27  40 
26  57 
2  7 
50  129 
24  -12 
-11  0 
20  -2 
21  -6 
57  -8 
27  11 
7  -4 
49  9 
25  15 
-14  -5 
78  -10 
-36  -48 
-14  6 
-7  -23 
-3  -1 
71  8 
-47  21 
61  3 
3  7 
-17  5 
-29  11 
-4  18 
15  23 
20  39 
-23  -18 
-11  41 
-24  6 
19  -18 
-34  -7 
23  22 
21  59 
26  20 
45  16 
8  15 
-10  5 
-18  75 
-28  45 
-14  9 
7  15 
45  53 
-24  21 
32  8 
7  13 
51  61 
-15  20 
15  15 
2  -37 
39  -13 
-28  19 
-21  -2 
-33  44 
-24  31 
4  7 
50  -63 
-18  12 
39  29 
-33  45 
45  -83 
61  -5 
48  32 
33  -4 
-51  58 
17  14 
-43  25 
17  11 
0  36 
-20  9 
22  -32 
44  -3 
-1  1 
24  0 
14  10 
65  34 
-11  2 
34  11 
38  12 
25  39 
26  57 
2  12 
46  129 
23  -13 
-11  1 
19  -1 
15  -8 
56  -9 
30  5 
8  -7 
50  9 
25  15 
-17  -4 
79  -11 
-38  -51 
-13  4 
-9  -21 
-2  -1 
74  6 
-43  19 
62  6 
4  7 
-18  3 
-28  11 
-8  16 
15  26 
19  38 
-21  -18 
-11  38 
-24  3 
17  -17 
-35  -4 
23  22 
20  58 
26  20 
45  17 
14  16 
-11  3 
-15  71 
-24  48 
-15  14 
3  14 
44  55 
-27  25 
31  6 
7  13 
47  62 
-13  20 
14  14 
1  -35 
38  -7 
-28  19 
-19  -2 
-28  48 
-23  34 
8  8 
54  -67 
-23  5 
39  27 
-33  45 
44  -82 
65  -7 
48  32 
31  -4 
-50  59 
17  10 
-42  22 
17  11 
1  35 
-20  10 
18  -29 
44  -3 
0  -1 
22  1 
13  7 
67  35 
-12  4 
39  2 
37  11 
26  37 
25  57 
-1  9 
46  126 
23  -13 
-15  0 
16  -4 
17  -7 
56  -8 
25  12 
10  -3 
45  14 
21  20 
-21  1 
77  -11 
-36  -55 
-13  5 
-14  -18 
-3  -6 
73  7 
-41  19 
64  7 
2  6 
-19  3 
-24  11 
-6  16 
16  29 
20  41 
-25  -23 
-8  39 
-25  5 
16  -20 
-35  -7 
24  20 
20  58 
26  20 
44  18 
12  11 
-9  8 
-14  69 
-21  47 
-13  13 
4  14 
43  54 
-23  22 
25  11 
8  13 
49  60 
-12  24 
8  14 
2  -37 
39  -8 
-29  18 
-16  -3 
-28  48 
-24  34 
10  7 
58  -64 
-23  7 
40  25 
-35  45 
44  -85 
61  -5 
48  32 
32  -4 
-48  65 
18  11 
-39  21 
17  10 
-4  38 
-21  10 
18  -30 
49  -2 
3  -4 
22  1 
13  5 
66  35 
-15  6 
36  0 
30  14 
27  35 
27  58 
-1  9 
47  124 
24  -12 
-15  0 
14  -3 
21  -5 
55  -10 
25  15 
11  -1 
45  14 
19  19 
-21  1 
79  -12 
-34  -55 
-16  3 
-9  -14 
-2  -7 
76  11 
-40  18 
63  5 
0  5 
-16  7 
-27  7 
-6  13 
18  30 
24  37 
-28  -18 
-8  36 
-26  6 
20  -19 
-38  -8 
25  22 
17  61 
27  22 
44  18 
12  8 
-9  8 
-12  69 
-24  48 
-14  17 
0  14 
40  55 
-22  22 
28  12 
6  10 
51  63 
-13  26 
8  17 
2  -39 
37  -7 
-30  21 
-15  -4 
-28  49 
-24  34 
9  7 
62  -65 
-27  5 
37  31 
-38  46 
43  -87 
64  -8 
48  33 
30  -7 
-45  66 
15  12 
-38  23 
18  11 
-3  39 
-23  7 
21  -34 
49  -1 
0  -1 
21  1 
10  5 
65  33 
-17  7 
41  1 
31  11 
29  40 
26  57 
-1  9 
49  123 
27  -15 
-14  0 
18  2 
26  -6 
53  -9 
25  16 
9  -2 
36  14 
16  18 
-23  1 
77  -6 
-36  -53 
-16  5 
-11  -14 
-1  -9 
78  11 
-46  21 
67  2 
0  5 
-21  7 
-34  6 
-3  11 
18  30 
25  37 
-27  -20 
-6  36 
-23  9 
20  -24 
-43  -7 
25  22 
22  63 
21  17 
44  18 
14  5 
-12  8 
-11  68 
-23  48 
-19  15 
4  12 
40  55 
-21  22 
24  14 
3  8 
51  62 
-12  24 
7  15 
4  -43 
38  -7 
-33  20 
-15  -5 
-33  53 
-21  32 
3  7 
63  -64 
-29  8 
39  28 
-39  45 
41  -86 
68  -7 
42  32 
33  -3 
-47  67 
12  11 
-38  24 
18  8 
0  40 
-22  9 
20  -37 
50  -1 
0  -1 
21  0 
17  3 
63  34 
-18  6 
40  1 
34  11 
32  39 
26  57 
-1  8 
49  123 
23  -13 
-15  0 
19  2 
27  -5 
59  -10 
25  17 
10  1 
37  11 
14  20 
-24  0 
80  -5 
-35  -52 
-14  7 
-12  -12 
-1  -9 
76  14 
-49  13 
71  3 
0  5 
-22  9 
-34  4 
-4  9 
19  29 
26  40 
-27  -20 
-6  33 
-18  11 
16  -24 
-42  -10 
30  25 
22  63 
20  18 
49  18 
12  5 
-12  12 
-9  68 
-23  48 
-20  14 
6  13 
40  56 
-18  17 
24  12 
4  5 
53  56 
-15  22 
7  16 
3  -44 
35  -10 
-33  20 
-15  -7 
-37  52 
-23  34 
4  7 
65  -66 
-26  5 
41  31 
-39  46 
41  -85 
67  -2 
42  32 
33  1 
-45  66 
12  11 
-40  23 
17  5 
-4  41 
-21  7 
22  -36 
51  -3 
-2  0 
16  -2 
18  2 
68  33 
-18  6 
41  6 
34  7 
33  40 
24  60 
-4  8 
49  127 
27  -15 
-14  2 
24  -3 
36  -6 
59  -7 
27  18 
7  2 
39  9 
13  21 
-24  1 
86  0 
-38  -53 
-15  6 
-7  -13 
-8  -9 
77  11 
-50  15 
72  2 
0  5 
-22  10 
-34  9 
-3  14 
18  29 
26  41 
-28  -21 
-5  35 
-22  13 
18  -22 
-38  -8 
28  28 
20  59 
20  18 
49  22 
8  9 
-8  5 
-9  70 
-25  46 
-18  15 
4  14 
40  55 
-27  25 
28  13 
4  5 
56  60 
-15  22 
8  17 
2  -44 
34  -10 
-33  20 
-11  0 
-33  53 
-24  32 
5  15 
65  -64 
-26  6 
41  31 
-38  46 
39  -81 
63  -4 
41  34 
33  2 
-46  65 
12  16 
-38  23 
16  4 
0  41 
-24  6 
22  -36 
53  -4 
-1  -2 
17  -3 
15  3 
67  36 
-20  3 
43  7 
33  7 
34  41 
21  58 
-3  11 
50  121 
27  -15 
-17  2 
21  -1 
35  -5 
59  -8 
30  14 
7  4 
37  12 
15  20 
-24  6 
85  -5 
-36  -50 
-16  4 
-9  -12 
-7  -9 
77  9 
-46  15 
73  5 
0  5 
-18  11 
-34  9 
-4  14 
19  27 
25  40 
-27  -20 
-8  36 
-28  11 
17  -17 
-36  -7 
30  27 
20  58 
21  23 
49  20 
12  8 
-11  3 
-12  71 
-21  41 
-17  16 
1  17 
44  55 
-26  24 
27  11 
4  8 
59  59 
-10  19 
12  17 
0  -43 
35  -10 
-31  18 
-11  2 
-33  52 
-21  29 
6  17 
65  -64 
-26  5 
42  32 
-36  45 
40  -80 
65  -3 
42  36 
32  2 
-44  63 
13  17 
-38  23 
18  4 
-2  41 
-25  6 
24  -37 
56  1 
0  -1 
14  -2 
15  7 
66  33 
-22  2 
41  6 
27  4 
33  40 
20  63 
-1  10 
49  118 
27  -15 
-17  2 
22  3 
36  -6 
57  -6 
33  17 
5  2 
37  11 
17  18 
-25  6 
85  -7 
-35  -52 
-16  5 
-8  -12 
-8  -9 
78  9 
-48  19 
71  7 
0  5 
-18  18 
-32  8 
-1  13 
16  28 
27  38 
-25  -20 
-8  36 
-30  13 
13  -24 
-43  -3 
29  28 
20  58 
19  19 
51  22 
14  10 
-14  0 
-12  72 
-21  42 
-23  19 
4  18 
44  54 
-26  25 
24  12 
2  7 
56  58 
-4  17 
12  25 
8  -43 
36  -8 
-27  26 
-10  -1 
-33  53 
-23  33 
8  13 
63  -64 
-31  3 
42  32 
-38  46 
40  -79 
69  1 
42  36 
33  2 
-46  66 
16  16 
-38  24 
17  5 
-3  43 
-29  8 
26  -34 
53  -5 
1  -3 
16  1 
15  3 
64  37 
-21  1 
42  1 
27  0 
33  40 
22  63 
-2  9 
49  118 
29  -11 
-17  2 
18  2 
39  -8 
58  -12 
32  19 
5  2 
39  9 
11  16 
-23  2 
84  -5 
-38  -54 
-12  7 
-8  -12 
-6  -9 
68  8 
-50  15 
67  10 
0  5 
-15  16 
-37  5 
4  14 
19  27 
27  35 
-24  -21 
-9  43 
-23  14 
11  -26 
-40  -6 
29  24 
20  56 
25  17 
49  23 
15  10 
-15  0 
-16  68 
-21  42 
-21  21 
4  18 
46  54 
-25  27 
25  13 
2  12 
57  58 
-1  19 
12  22 
7  -44 
38  -7 
-29  28 
-7  1 
-33  53 
-22  30 
4  10 
60  -65 
-29  2 
45  30 
-39  46 
38  -79 
66  0 
41  35 
33  2 
-43  69 
16  18 
-38  24 
17  1 
-6  38 
-30  10 
26  -31 
56  -6 
5  -5 
15  0 
18  -1 
66  37 
-19  -2 
41  3 
27  0 
33  40 
25  62 
-2  11 
49  120 
26  -14 
-17  2 
19  1 
37  -10 
59  -11 
32  19 
5  0 
38  10 
14  14 
-23  3 
85  -7 
-37  -53 
-8  5 
-10  -15 
-4  -8 
72  8 
-48  16 
71  7 
0  5 
-17  16 
-36  3 
8  11 
24  30 
27  36 
-26  -24 
-12  39 
-21  12 
6  -25 
-39  -6 
27  24 
21  55 
33  16 
50  21 
18  8 
-15  -3 
-16  67 
-22  42 
-21  22 
7  18 
51  51 
-22  24 
26  14 
4  12 
60  58 
0  21 
9  22 
10  -43 
33  -9 
-31  27 
-6  0 
-30  55 
-22  33 
2  9 
60  -65 
-31  1 
48  33 
-38  47 
36  -82 
66  1 
44  37 
34  4 
-41  67 
20  19 
-38  26 
17  -1 
-4  41 
-36  8 
26  -35 
57  -6 
8  -12 
22  1 
18  -1 
64  35 
-21  -1 
