Created:October-13-2022 
Coverage:28 
N:20 
NUM-IONS:112 
NSTEPS:15000 
WRITE-PERIODICITY:100 
epsilon:1.71 
24  15 
9  0 
16  14 
-5  12 
21  11 
13  8 
-5  3 
19  13 
3  26 
-15  23 
-8  26 
37  -1 
5  -3 
24  23 
9  14 
-25  27 
23  30 
42  8 
-13  16 
11  2 
15  18 
10  24 
31  28 
15  1 
22  11 
44  8 
-6  26 
3  21 
-11  21 
18  20 
1  -10 
18  -3 
-15  0 
28  -7 
19  7 
5  18 
42  -30 
-20  -6 
17  16 
14  -18 
6  21 
4  -1 
31  1 
-5  -3 
-3  -5 
7  12 
8  -11 
-2  42 
-8  9 
11  -13 
13  4 
34  -15 
-7  33 
5  -5 
10  29 
3  22 
17  4 
-8  8 
-21  44 
-26  4 
10  -13 
47  -2 
6  22 
-35  21 
17  30 
16  3 
29  4 
41  7 
27  -6 
10  15 
32  22 
17  33 
-10  6 
14  17 
15  9 
19  50 
28  41 
9  12 
-6  40 
2  16 
40  15 
23  19 
24  24 
42  -25 
54  9 
15  35 
2  -14 
26  7 
21  38 
-22  7 
34  -6 
-1  0 
-4  22 
-24  16 
-36  33 
2  -1 
6  14 
19  9 
9  17 
36  1 
39  2 
-3  1 
10  3 
21  39 
5  2 
25  -10 
20  13 
-20  -10 
9  8 
-13  28 
13  3 
7  30 
25  16 
4  1 
16  16 
2  15 
20  12 
15  9 
-6  2 
15  12 
5  25 
-17  26 
-11  24 
42  -1 
6  -4 
25  23 
14  13 
-30  27 
25  28 
38  2 
-13  14 
13  -1 
14  16 
5  18 
33  28 
15  -2 
23  13 
42  11 
-3  30 
3  19 
-13  18 
17  19 
0  -10 
19  -4 
-11  -1 
31  1 
21  5 
1  19 
44  -32 
-22  -8 
17  16 
12  -18 
5  22 
11  0 
35  1 
-7  -4 
-3  -5 
8  13 
7  -12 
2  47 
-5  14 
13  -16 
14  5 
34  -14 
-7  32 
2  -4 
11  31 
6  22 
15  4 
-10  12 
-18  46 
-26  0 
11  -8 
44  -4 
2  20 
-31  20 
14  28 
14  3 
34  4 
43  2 
26  -6 
8  14 
31  22 
16  33 
-7  5 
16  17 
19  9 
18  53 
30  41 
9  12 
-6  39 
-3  18 
42  12 
24  18 
24  27 
46  -25 
58  7 
15  37 
3  -15 
26  7 
23  37 
-21  7 
35  -5 
-2  0 
-5  23 
-26  15 
-36  32 
4  -1 
8  11 
19  10 
10  16 
38  -3 
41  -2 
-4  2 
11  4 
24  43 
7  0 
25  -7 
19  12 
-17  -12 
9  8 
-14  28 
11  7 
5  30 
27  18 
5  3 
14  17 
2  16 
22  10 
16  11 
-6  0 
14  14 
12  29 
-21  25 
-12  21 
43  -2 
4  -2 
25  22 
12  13 
-25  23 
26  30 
37  1 
-14  12 
12  -5 
15  14 
7  17 
35  29 
15  -13 
24  13 
42  7 
-3  30 
2  20 
-11  17 
21  20 
-1  -11 
22  -9 
-17  1 
32  -3 
21  4 
0  16 
41  -29 
-20  -9 
17  15 
14  -19 
5  18 
10  -4 
37  -1 
-7  -4 
-7  -7 
6  14 
2  -14 
5  48 
-4  13 
14  -16 
13  4 
26  -12 
-11  35 
-2  -1 
11  20 
5  21 
17  4 
-7  12 
-17  50 
-27  3 
11  -7 
45  -5 
2  19 
-26  23 
14  28 
11  7 
33  8 
43  3 
22  -5 
5  17 
29  21 
17  33 
-12  8 
17  16 
21  10 
18  53 
30  43 
14  15 
-6  39 
-2  20 
42  14 
21  16 
23  25 
47  -24 
59  7 
13  39 
3  -14 
27  7 
24  41 
-21  6 
34  -7 
-1  2 
-4  22 
-31  16 
-39  28 
5  -1 
7  8 
19  8 
15  17 
40  -6 
48  -2 
-1  1 
7  6 
23  42 
9  0 
23  -7 
19  10 
-19  -15 
4  8 
-11  28 
10  12 
5  30 
22  20 
7  0 
14  17 
3  15 
21  10 
20  14 
-9  4 
14  20 
11  31 
-17  25 
-9  19 
46  -5 
-2  0 
23  22 
11  8 
-27  25 
27  28 
40  2 
-16  11 
10  -3 
15  14 
7  16 
35  27 
11  -13 
25  13 
44  8 
-3  30 
2  19 
-11  17 
20  18 
-1  -10 
14  -7 
-21  1 
30  -8 
21  7 
-1  22 
41  -29 
-20  -9 
16  14 
17  -16 
6  14 
7  3 
40  -4 
-6  -1 
-6  -4 
5  17 
5  -17 
4  52 
-7  13 
12  -14 
10  4 
22  -13 
-3  36 
-3  -2 
11  21 
7  18 
15  3 
-5  12 
-17  53 
-30  7 
9  -14 
45  -5 
1  19 
-27  23 
15  29 
13  4 
34  8 
45  1 
22  -6 
2  24 
28  20 
17  33 
-16  2 
14  15 
20  13 
17  49 
29  44 
11  20 
-4  41 
-3  20 
39  16 
22  15 
22  26 
48  -26 
66  8 
17  41 
5  -12 
29  9 
23  41 
-21  7 
31  -8 
-3  -1 
-5  24 
-36  18 
-34  30 
3  -4 
6  6 
19  9 
15  18 
38  -7 
50  0 
-2  -1 
7  6 
26  42 
10  3 
24  -5 
22  11 
-21  -14 
7  5 
-12  31 
10  11 
1  32 
23  22 
8  -2 
14  20 
2  15 
20  10 
22  11 
-8  4 
14  23 
8  31 
-19  20 
-15  17 
45  -5 
-2  0 
24  22 
10  5 
-26  19 
26  28 
37  -1 
-11  14 
11  -3 
12  13 
10  15 
33  28 
13  -7 
24  12 
44  8 
-4  32 
6  19 
-11  17 
22  12 
3  -13 
9  -8 
-14  0 
25  -2 
21  8 
-2  22 
40  -26 
-15  -12 
18  13 
19  -15 
9  10 
10  1 
40  3 
-9  2 
-5  -3 
3  16 
6  -18 
7  52 
-7  18 
12  -15 
7  9 
21  -13 
-4  36 
0  -2 
9  20 
7  17 
13  3 
-6  15 
-19  50 
-31  6 
9  -12 
44  -7 
-1  18 
-27  24 
15  27 
14  4 
35  9 
47  1 
21  -4 
5  23 
27  16 
17  33 
-15  1 
10  10 
16  13 
14  49 
27  43 
8  21 
-5  45 
-7  22 
39  16 
20  17 
21  26 
48  -26 
66  16 
17  41 
2  -14 
33  6 
19  40 
-22  7 
35  -2 
0  0 
-6  27 
-36  21 
-34  30 
2  -1 
8  10 
19  10 
14  17 
34  -7 
47  0 
4  -1 
5  10 
25  45 
10  3 
27  -6 
22  7 
-17  -15 
10  7 
-11  29 
11  20 
0  31 
27  20 
10  1 
14  26 
6  14 
22  11 
21  11 
-8  4 
14  21 
5  28 
-13  23 
-12  21 
43  -3 
-3  0 
24  25 
8  3 
-26  20 
22  30 
36  -4 
-11  14 
13  -2 
12  13 
5  15 
35  26 
17  -7 
26  10 
45  10 
-4  31 
9  17 
-7  19 
18  10 
-1  -10 
8  -7 
-17  -1 
25  1 
22  6 
-3  24 
45  -27 
-20  -8 
15  15 
13  -13 
10  11 
14  -1 
44  2 
-7  3 
-4  2 
1  16 
4  -19 
10  57 
-7  16 
11  -18 
6  8 
21  -15 
-3  36 
2  -1 
8  19 
5  18 
15  -3 
-4  17 
-19  52 
-26  8 
9  -12 
43  -8 
-3  19 
-28  26 
17  30 
14  4 
34  9 
49  0 
20  -4 
5  22 
25  17 
18  34 
-16  -2 
15  12 
17  11 
9  52 
31  52 
9  21 
-2  47 
-5  27 
41  19 
19  16 
21  27 
47  -28 
62  16 
17  41 
3  -15 
30  6 
21  42 
-21  8 
33  0 
3  2 
-7  25 
-34  22 
-34  32 
2  0 
8  11 
19  9 
12  19 
33  -7 
48  -2 
4  -1 
7  8 
25  43 
16  1 
27  -4 
23  6 
-21  -20 
13  4 
-13  30 
11  27 
0  31 
27  18 
16  2 
14  25 
5  18 
24  12 
22  7 
-13  9 
9  26 
0  30 
-14  26 
-9  24 
35  3 
-7  6 
23  26 
9  4 
-23  21 
21  25 
36  -6 
-12  11 
11  2 
9  12 
7  14 
31  28 
22  -9 
23  7 
47  10 
-4  31 
14  19 
-4  17 
17  9 
5  -10 
8  -7 
-17  2 
24  -2 
19  5 
-2  23 
44  -31 
-11  -3 
22  12 
14  -14 
12  13 
15  -2 
41  -1 
-4  5 
-8  4 
5  15 
4  -19 
7  56 
-5  14 
6  -20 
8  9 
23  -15 
-3  35 
-1  -4 
12  22 
4  20 
16  -8 
-10  17 
-19  50 
-18  4 
11  -8 
39  -10 
-3  18 
-31  28 
17  30 
14  2 
34  9 
49  1 
22  -5 
5  21 
26  22 
18  33 
-15  -1 
16  13 
18  14 
6  47 
33  53 
14  23 
-1  46 
-10  25 
41  18 
19  15 
21  27 
45  -27 
66  16 
19  41 
2  -14 
30  7 
20  42 
-21  8 
35  -3 
2  2 
-9  26 
-35  22 
-39  26 
2  -4 
6  12 
20  12 
10  16 
41  -9 
47  0 
8  1 
12  5 
25  43 
13  4 
26  -6 
24  4 
-22  -23 
13  3 
-15  32 
11  27 
-1  29 
27  16 
13  -1 
11  27 
3  15 
23  13 
25  10 
-13  6 
12  24 
-1  36 
-11  21 
-7  22 
37  0 
-9  -2 
23  30 
5  1 
-22  23 
18  25 
38  -8 
-11  9 
10  1 
12  9 
4  16 
34  29 
24  -7 
24  8 
46  10 
-5  32 
15  23 
-6  19 
19  8 
6  -6 
8  -6 
-17  -1 
25  0 
22  6 
-3  24 
41  -30 
-11  -3 
22  9 
15  -15 
12  13 
14  0 
40  2 
-5  9 
-6  4 
5  15 
4  -21 
8  58 
-4  16 
9  -20 
13  8 
21  -14 
-1  39 
4  0 
11  20 
5  18 
15  -5 
-11  12 
-20  53 
-16  4 
7  -12 
39  -10 
1  19 
-32  31 
16  31 
11  2 
34  8 
45  -1 
22  -1 
2  21 
25  22 
19  35 
-16  1 
17  10 
18  14 
5  48 
35  58 
13  24 
1  47 
-12  23 
39  22 
17  13 
19  26 
45  -27 
63  17 
15  47 
2  -13 
31  12 
16  43 
-19  8 
35  -3 
-2  0 
-10  27 
-37  18 
-34  28 
-2  -1 
7  10 
16  12 
13  12 
40  -9 
48  -1 
7  0 
9  4 
26  42 
13  3 
22  -5 
23  6 
-24  -18 
14  6 
-22  33 
13  26 
-1  27 
30  17 
13  -4 
13  28 
4  15 
21  10 
26  11 
-16  0 
13  22 
-3  39 
-10  20 
-6  26 
33  -1 
-11  1 
27  36 
8  1 
-24  21 
21  26 
35  -7 
-13  10 
11  1 
14  4 
7  18 
38  27 
23  -7 
21  7 
48  3 
-6  28 
13  23 
-9  20 
19  8 
5  -10 
8  -7 
-18  -2 
25  -2 
23  5 
-3  24 
44  -28 
-10  -10 
21  11 
15  -15 
13  13 
15  0 
42  -4 
-3  11 
-10  5 
4  16 
4  -22 
8  59 
-4  16 
12  -18 
14  9 
24  -13 
-5  37 
4  -1 
11  22 
7  21 
11  -6 
-12  11 
-21  50 
-14  2 
4  -12 
43  -11 
2  20 
-33  32 
15  32 
17  1 
35  8 
49  0 
23  -1 
3  23 
24  24 
18  37 
-15  1 
17  9 
16  13 
4  49 
28  58 
10  27 
7  46 
-15  23 
38  20 
23  8 
16  26 
45  -27 
62  15 
15  47 
3  -13 
26  12 
15  43 
-19  8 
31  -3 
-1  2 
-10  23 
-38  19 
-33  28 
1  -2 
11  7 
15  15 
15  18 
40  -9 
49  -3 
7  0 
10  4 
23  41 
12  -1 
27  -3 
22  6 
-24  -20 
12  6 
-22  33 
13  25 
-1  27 
29  17 
13  -4 
10  28 
7  16 
18  13 
27  10 
-16  -2 
15  21 
-5  37 
-12  20 
-9  24 
31  -7 
-9  1 
25  35 
9  0 
-24  21 
17  24 
34  -1 
-10  12 
11  5 
12  5 
2  16 
39  25 
23  -7 
22  7 
46  5 
-7  28 
12  27 
-10  23 
19  10 
6  -7 
8  -7 
-22  -3 
25  -2 
23  4 
-1  21 
45  -27 
-10  -10 
24  9 
14  -16 
14  15 
14  0 
42  -6 
-3  13 
-10  7 
6  14 
-2  -20 
7  57 
-5  14 
16  -17 
14  9 
24  -7 
-3  39 
8  -1 
11  22 
4  20 
15  -2 
-12  11 
-16  51 
-13  1 
8  -13 
42  -9 
3  21 
-31  34 
15  29 
14  3 
35  8 
50  1 
22  -2 
0  24 
27  25 
25  41 
-14  2 
17  9 
14  16 
7  48 
32  62 
7  26 
9  43 
-15  23 
38  22 
25  17 
15  27 
45  -30 
66  15 
14  46 
3  -18 
29  12 
16  42 
-19  8 
32  -1 
0  2 
-10  24 
-38  15 
-33  29 
1  -1 
9  6 
12  13 
13  12 
41  -9 
54  -3 
8  -2 
8  3 
25  42 
13  3 
22  -1 
21  2 
-22  -21 
6  6 
-24  31 
12  29 
-1  27 
29  13 
13  -4 
13  26 
4  15 
17  13 
25  10 
-15  -2 
13  20 
-6  36 
-15  20 
-6  24 
31  -7 
-9  0 
25  33 
9  0 
-26  20 
18  27 
29  -3 
-9  14 
16  5 
12  2 
2  15 
41  30 
23  -10 
21  6 
43  6 
-9  28 
13  24 
-8  24 
20  12 
4  -8 
8  -11 
-21  -4 
25  -1 
21  8 
1  19 
44  -27 
-11  -8 
29  8 
15  -17 
15  18 
12  -4 
42  -4 
-5  12 
-8  6 
8  13 
-3  -19 
7  56 
-5  17 
13  -17 
13  5 
23  -7 
-7  39 
8  -1 
7  21 
9  23 
12  -3 
-12  11 
-18  51 
-14  1 
3  -11 
39  -13 
5  22 
-33  32 
15  27 
10  3 
33  8 
48  1 
22  -1 
4  29 
30  27 
24  41 
-17  2 
21  11 
16  16 
3  51 
31  59 
7  26 
10  45 
-19  27 
40  22 
25  15 
14  28 
46  -30 
65  16 
7  43 
4  -18 
30  11 
16  41 
-18  6 
31  1 
-1  2 
-9  27 
-37  15 
-28  29 
1  -4 
6  8 
12  13 
14  14 
38  -7 
57  -5 
5  -3 
9  2 
25  41 
16  2 
24  -4 
20  5 
-22  -20 
2  7 
-24  34 
11  30 
4  28 
23  13 
14  -3 
14  24 
3  17 
17  13 
27  9 
-16  1 
14  20 
-6  42 
-20  20 
-7  23 
31  -7 
-11  1 
25  33 
8  1 
-25  22 
19  28 
29  -3 
-5  17 
17  4 
7  6 
0  18 
45  35 
20  -8 
23  7 
42  6 
-8  26 
14  29 
-6  23 
24  8 
2  -4 
7  -12 
-21  -5 
25  -2 
23  9 
-1  18 
40  -29 
-13  -4 
28  9 
15  -19 
16  12 
13  -1 
39  -11 
-4  13 
-6  6 
10  9 
-1  -20 
6  61 
-5  14 
14  -15 
10  7 
22  -10 
-7  40 
9  0 
8  19 
12  23 
11  0 
-16  12 
-18  57 
-15  2 
1  -14 
42  -9 
2  18 
-34  30 
9  28 
12  2 
33  8 
50  3 
17  2 
5  28 
29  32 
20  39 
-17  2 
21  10 
15  18 
0  56 
32  59 
6  22 
11  51 
-16  27 
41  22 
28  18 
14  28 
45  -30 
62  14 
9  43 
7  -20 
32  13 
18  42 
-17  5 
31  2 
3  6 
-9  27 
-34  15 
-27  31 
-1  2 
6  6 
12  17 
15  9 
38  -7 
56  -4 
2  0 
10  4 
27  41 
15  3 
25  -3 
17  1 
-22  -20 
-1  7 
-27  36 
9  24 
10  26 
25  13 
18  -7 
15  24 
1  19 
17  13 
25  10 
-17  1 
17  21 
-9  44 
-16  18 
-8  24 
31  -8 
-10  -1 
23  33 
11  2 
-23  22 
19  28 
26  -3 
-5  18 
17  4 
12  8 
-3  19 
43  35 
21  -10 
21  8 
40  4 
-9  28 
13  36 
-5  23 
22  8 
3  -3 
7  -12 
-18  -10 
26  2 
28  3 
-1  18 
40  -29 
-16  -5 
30  6 
16  -18 
17  10 
12  -3 
39  -11 
-4  13 
-6  8 
8  9 
-1  -24 
4  63 
-3  16 
12  -14 
15  7 
21  -14 
-7  39 
10  -4 
5  15 
10  23 
11  1 
-18  11 
-16  59 
-15  3 
-2  -13 
44  -8 
4  21 
-33  30 
9  28 
14  1 
33  8 
45  1 
14  4 
6  28 
30  30 
18  39 
-13  6 
19  10 
15  17 
2  55 
30  57 
7  20 
11  50 
-12  18 
43  26 
27  16 
9  26 
44  -32 
62  16 
11  38 
9  -20 
32  9 
19  40 
-17  2 
30  5 
2  4 
-6  29 
-35  18 
-28  33 
2  6 
3  9 
14  20 
16  8 
38  -8 
56  -4 
1  -2 
9  3 
25  42 
14  3 
26  0 
13  2 
-22  -20 
-1  7 
-24  39 
7  25 
13  25 
26  14 
17  -7 
15  25 
2  15 
16  11 
24  8 
-19  5 
16  26 
-11  44 
-16  18 
-7  22 
32  -7 
-6  -2 
19  35 
11  1 
-21  20 
20  22 
26  -4 
-5  23 
17  4 
14  5 
-4  17 
46  32 
26  -12 
19  2 
40  0 
-9  26 
15  34 
-2  23 
23  6 
2  -1 
8  -9 
-16  -8 
24  4 
31  -5 
1  10 
38  -28 
-22  0 
32  6 
15  -19 
17  10 
13  -1 
39  -10 
-3  16 
-6  8 
11  8 
1  -24 
5  63 
-4  16 
14  -14 
15  6 
24  -13 
-8  35 
7  -5 
4  16 
8  23 
11  0 
-24  13 
-10  61 
-13  0 
-3  -12 
43  -7 
2  18 
-35  30 
11  27 
14  0 
34  9 
45  -2 
15  7 
6  30 
36  32 
19  36 
-14  7 
20  11 
15  18 
5  56 
29  56 
7  16 
9  52 
-16  20 
43  25 
29  17 
14  23 
45  -32 
62  14 
9  41 
8  -20 
31  12 
17  41 
-16  5 
34  1 
5  2 
-5  30 
-35  17 
-25  32 
2  7 
1  11 
13  20 
15  8 
37  -9 
55  -3 
3  2 
10  3 
25  41 
12  2 
26  2 
13  5 
-19  -22 
-1  8 
-24  42 
11  22 
10  24 
28  13 
16  -7 
14  24 
5  15 
14  8 
22  12 
-18  7 
14  29 
-7  48 
-13  20 
-8  26 
32  -3 
-6  -5 
21  36 
14  0 
-22  20 
23  22 
27  -4 
-7  20 
17  4 
13  4 
-4  16 
50  31 
29  -16 
19  1 
42  1 
-10  24 
13  36 
1  19 
19  7 
5  2 
7  -13 
-15  -7 
21  10 
36  -9 
3  6 
43  -30 
-19  -2 
33  7 
15  -17 
19  8 
15  -3 
42  -9 
-3  15 
-10  12 
9  6 
2  -24 
6  61 
-3  16 
10  -14 
11  7 
26  -16 
-8  35 
6  -4 
6  8 
9  21 
10  -3 
-23  13 
-11  59 
-12  1 
1  -9 
44  -9 
4  28 
-34  27 
12  29 
16  2 
36  8 
45  -3 
15  7 
6  30 
38  33 
20  36 
-13  6 
20  10 
17  18 
11  52 
30  50 
5  16 
3  43 
-14  26 
42  26 
26  14 
15  22 
45  -32 
64  15 
4  38 
9  -20 
28  11 
17  41 
-16  12 
32  2 
4  1 
-2  27 
-36  19 
-25  38 
4  7 
-1  10 
14  19 
16  12 
37  -9 
53  -1 
2  -1 
10  3 
25  39 
11  2 
27  -3 
10  7 
-17  -21 
-1  9 
-27  43 
11  21 
12  24 
25  16 
16  -4 
14  28 
5  13 
15  7 
27  14 
-18  7 
15  28 
-4  50 
-17  19 
-6  22 
31  -3 
-4  -9 
19  32 
14  -3 
-21  20 
26  22 
25  -3 
-9  19 
13  8 
13  3 
-5  18 
48  31 
29  -16 
19  2 
42  -2 
-9  24 
13  36 
1  18 
17  10 
3  2 
11  -13 
-20  -5 
17  12 
35  -6 
2  1 
46  -31 
-21  -4 
32  9 
13  -16 
16  8 
15  -5 
47  -10 
-3  15 
-13  15 
7  3 
0  -23 
9  61 
-3  16 
12  -16 
10  7 
27  -11 
-10  36 
2  -4 
6  8 
3  23 
9  -3 
-24  12 
-14  60 
-13  0 
3  -13 
44  -8 
4  29 
-35  28 
14  29 
7  -2 
35  9 
45  -2 
18  7 
12  33 
38  34 
21  30 
-13  6 
19  8 
18  19 
9  48 
23  49 
6  14 
6  47 
-14  25 
42  24 
25  15 
17  19 
41  -29 
62  19 
4  39 
9  -20 
26  10 
17  41 
-20  11 
31  0 
5  3 
-1  25 
-36  21 
-28  37 
4  8 
-2  13 
14  19 
11  11 
38  -8 
55  -3 
-1  -2 
10  4 
25  39 
12  2 
28  -1 
10  6 
-16  -24 
-1  9 
-26  41 
13  19 
12  26 
22  15 
16  -4 
14  28 
-1  16 
15  5 
27  14 
-15  5 
16  26 
-5  49 
-15  20 
-6  22 
30  -4 
-1  -10 
24  32 
13  0 
-24  19 
22  26 
24  -1 
-11  16 
10  11 
14  4 
-9  19 
46  31 
31  -20 
15  1 
44  1 
-13  23 
14  39 
-4  22 
10  10 
8  1 
11  -7 
-18  -9 
16  11 
32  -7 
0  2 
47  -34 
-20  -7 
31  7 
8  -11 
17  10 
14  -7 
45  -7 
-7  13 
-13  16 
11  4 
-5  -22 
7  61 
-3  16 
7  -10 
13  7 
29  -8 
-11  37 
1  -1 
8  11 
1  25 
13  -1 
-24  13 
-9  61 
-11  1 
1  -12 
41  -8 
6  30 
-33  29 
13  28 
8  -1 
34  6 
46  0 
22  7 
14  36 
37  33 
21  30 
-16  9 
18  7 
17  19 
9  48 
21  51 
5  15 
7  45 
-11  26 
43  26 
19  17 
16  17 
43  -35 
58  20 
5  42 
9  -20 
31  11 
14  41 
-20  12 
33  -4 
5  1 
1  27 
-35  23 
-29  42 
4  8 
3  10 
16  23 
13  11 
36  -8 
55  -3 
3  -1 
10  7 
25  38 
10  3 
28  3 
12  4 
-14  -26 
-1  9 
-25  43 
14  20 
10  25 
22  16 
16  -3 
10  27 
0  14 
14  8 
25  17 
-14  6 
19  28 
-5  47 
-17  22 
-7  23 
33  -4 
-1  -13 
22  34 
14  0 
-26  19 
24  23 
24  1 
-12  13 
9  12 
14  3 
-11  17 
51  33 
31  -18 
14  4 
48  0 
-10  23 
13  38 
-8  22 
7  8 
9  0 
15  -3 
-21  -8 
15  8 
33  -3 
-2  -2 
53  -36 
-26  -8 
32  4 
6  -12 
17  10 
17  -5 
40  -8 
-5  15 
-13  17 
9  3 
-5  -22 
8  61 
-3  16 
6  -10 
16  8 
26  -9 
-7  39 
-2  -3 
7  11 
1  30 
7  0 
-29  15 
-8  57 
-9  1 
4  -16 
39  -11 
5  33 
-30  30 
12  29 
11  -1 
33  8 
44  5 
25  8 
16  31 
36  34 
22  31 
-17  10 
18  3 
19  16 
9  46 
21  48 
2  15 
6  47 
-7  22 
43  26 
22  21 
15  20 
44  -32 
59  20 
5  43 
7  -17 
31  11 
15  45 
-22  13 
33  -8 
3  5 
1  25 
-35  22 
-28  39 
3  9 
-4  12 
17  21 
14  9 
33  -7 
60  -2 
4  -2 
11  10 
25  38 
11  3 
29  4 
10  6 
-14  -28 
0  11 
-29  45 
17  13 
12  26 
21  16 
22  -1 
12  24 
-2  14 
15  9 
22  16 
-14  6 
19  29 
-3  48 
-13  23 
-5  24 
34  -3 
-3  -16 
24  35 
13  3 
-26  21 
25  21 
26  0 
-13  16 
6  15 
17  1 
-13  18 
46  27 
30  -23 
19  8 
45  2 
-10  24 
14  39 
-6  22 
6  8 
10  1 
14  -2 
-20  -10 
14  10 
30  -4 
-3  -1 
55  -37 
-22  -8 
33  4 
8  -15 
16  10 
15  -2 
40  -9 
-6  15 
-15  17 
8  4 
-5  -23 
8  61 
-3  16 
6  -10 
15  7 
23  -7 
-11  37 
-1  -4 
8  11 
1  30 
9  0 
-26  14 
-8  58 
-14  2 
7  -14 
38  -13 
9  32 
-32  29 
14  28 
11  1 
35  5 
42  7 
27  7 
15  30 
37  33 
19  35 
-17  9 
18  0 
24  18 
8  47 
24  45 
5  13 
5  48 
-8  19 
41  28 
23  25 
14  24 
41  -33 
64  20 
8  39 
11  -18 
29  8 
14  45 
-16  12 
36  -7 
0  13 
2  26 
-38  20 
-33  40 
2  10 
-1  12 
16  22 
14  9 
34  -7 
61  -1 
5  3 
13  12 
25  38 
10  6 
30  3 
11  7 
-13  -31 
2  12 
-30  47 
18  13 
12  26 
22  16 
25  1 
7  23 
1  18 
15  8 
22  15 
-14  11 
19  29 
-6  45 
-11  24 
-4  26 
31  -3 
-5  -13 
23  35 
13  4 
-27  19 
24  18 
26  2 
-9  20 
7  16 
16  1 
-15  18 
45  28 
32  -25 
19  7 
47  1 
-14  28 
15  37 
-5  21 
7  8 
7  0 
13  -2 
-21  -10 
10  6 
28  -6 
-3  -2 
56  -38 
-17  -7 
31  3 
2  -13 
17  10 
15  -2 
40  -9 
-5  14 
-14  14 
2  8 
-4  -24 
11  61 
-3  16 
6  -10 
14  9 
24  -7 
-11  41 
-1  -5 
14  13 
3  31 
9  0 
-24  13 
-6  62 
-10  1 
8  -17 
37  -11 
6  32 
-32  29 
14  24 
7  -3 
31  7 
39  -2 
24  9 
13  32 
38  33 
22  34 
-19  11 
18  3 
23  17 
9  46 
23  42 
5  13 
5  50 
-8  19 
41  30 
21  28 
15  25 
43  -34 
65  17 
13  37 
14  -19 
29  8 
16  43 
-16  12 
39  -9 
0  13 
-1  26 
-40  22 
-35  42 
1  7 
-3  13 
13  23 
13  8 
32  -7 
61  -1 
5  3 
15  15 
25  40 
10  4 
30  3 
10  7 
-13  -30 
2  11 
-27  46 
18  14 
12  28 
22  14 
26  0 
4  21 
-1  16 
14  9 
22  16 
-15  15 
19  32 
-7  46 
-9  26 
-8  24 
30  -4 
-8  -8 
24  33 
13  5 
-26  18 
25  18 
29  0 
-9  21 
9  21 
17  1 
-17  19 
47  26 
32  -25 
19  7 
45  2 
-13  30 
15  37 
-4  22 
2  10 
9  4 
15  1 
-18  -9 
13  4 
29  -8 
-2  0 
58  -38 
-19  -8 
28  1 
2  -12 
13  8 
13  0 
40  -9 
-4  16 
-13  17 
3  3 
-3  -24 
13  63 
-3  15 
-1  -10 
14  8 
24  -8 
-10  42 
7  0 
6  7 
3  33 
10  3 
-25  16 
-5  65 
-11  -3 
8  -14 
37  -16 
6  34 
-34  31 
12  22 
8  -1 
31  7 
41  -1 
26  10 
14  36 
36  31 
22  35 
-20  13 
17  -1 
25  19 
10  47 
21  42 
5  17 
2  44 
-8  16 
42  26 
27  28 
14  25 
41  -34 
67  16 
13  39 
14  -17 
28  11 
14  44 
-20  14 
43  -9 
-7  12 
-1  28 
-42  23 
-36  45 
1  8 
-2  14 
12  26 
15  9 
32  -7 
65  1 
5  3 
13  16 
29  43 
10  6 
30  4 
11  4 
-13  -22 
-2  13 
-25  50 
17  13 
12  29 
22  16 
25  2 
9  19 
4  16 
15  8 
23  19 
-14  15 
20  38 
-1  49 
-8  24 
-5  24 
25  -3 
-4  -7 
24  28 
10  7 
-30  21 
24  19 
30  3 
-11  20 
11  18 
18  2 
-14  22 
49  28 
29  -28 
18  7 
47  0 
-19  31 
13  36 
-4  22 
3  11 
10  10 
15  3 
-17  -10 
15  5 
27  -10 
-2  0 
61  -41 
-18  -8 
27  -2 
3  -15 
12  9 
17  1 
39  -10 
-5  17 
-11  17 
4  2 
-5  -22 
14  63 
-3  16 
0  -10 
15  7 
26  -8 
-9  42 
11  3 
4  3 
3  33 
10  6 
-24  16 
-6  66 
-4  -6 
4  -13 
37  -16 
5  33 
-32  31 
12  22 
9  1 
27  6 
43  1 
26  13 
17  32 
39  32 
19  36 
-16  12 
17  -1 
24  21 
11  48 
26  47 
5  21 
-1  47 
-9  20 
40  24 
25  30 
13  28 
43  -34 
69  14 
14  40 
13  -20 
27  12 
14  41 
-19  12 
40  -9 
-5  14 
-1  28 
-38  27 
-33  47 
5  8 
-2  13 
13  24 
21  10 
32  -7 
63  2 
5  3 
13  19 
27  48 
14  4 
29  4 
12  6 
-12  -19 
-3  13 
-24  48 
16  12 
6  28 
20  14 
29  0 
6  14 
5  17 
13  8 
23  18 
-14  22 
26  46 
0  51 
-7  27 
-6  23 
23  -1 
-4  -7 
24  28 
13  3 
-32  19 
24  19 
30  4 
-15  22 
10  17 
18  0 
-13  20 
48  30 
31  -28 
16  5 
48  1 
-16  32 
12  37 
-6  26 
4  13 
12  13 
16  3 
-16  -9 
15  5 
25  -10 
2  -4 
53  -44 
-18  -6 
27  -4 
3  -14 
14  7 
17  1 
39  -15 
-5  17 
-12  16 
11  -2 
-6  -23 
16  62 
-5  21 
-2  -6 
16  8 
26  -9 
-11  37 
9  4 
7  6 
1  30 
12  6 
-23  16 
-6  69 
-8  -2 
2  -12 
37  -16 
8  34 
-32  31 
13  25 
1  5 
22  13 
43  2 
23  13 
14  36 
37  33 
18  38 
-17  10 
17  -1 
22  24 
5  48 
30  47 
9  21 
1  44 
-9  22 
38  27 
23  29 
16  26 
42  -34 
70  11 
16  41 
18  -21 
26  10 
14  44 
-19  11 
41  -8 
-7  19 
3  28 
-38  27 
-34  48 
6  9 
-4  11 
15  23 
22  11 
29  -12 
62  1 
4  1 
14  20 
27  50 
12  5 
32  4 
10  3 
-9  -19 
-5  15 
-25  47 
15  9 
7  34 
23  11 
31  1 
14  13 
3  16 
11  8 
26  22 
-15  23 
26  46 
-2  53 
-5  27 
-6  22 
29  -3 
-4  -9 
26  28 
15  1 
-30  20 
25  15 
29  6 
-13  20 
15  18 
14  -2 
-12  20 
48  26 
30  -30 
15  8 
49  1 
-18  36 
12  42 
-5  25 
4  12 
12  13 
23  5 
-18  -10 
14  4 
26  -10 
-1  -4 
55  -43 
-15  -1 
25  1 
2  -12 
13  4 
15  2 
39  -13 
-4  16 
-12  16 
8  -1 
-7  -24 
16  63 
-6  20 
-4  -7 
17  10 
25  -7 
-12  38 
10  4 
3  6 
-1  28 
11  7 
-23  15 
-5  69 
-9  2 
2  -13 
37  -16 
8  33 
-32  31 
12  24 
-2  7 
19  9 
44  2 
23  13 
11  38 
34  35 
17  36 
-21  10 
19  2 
21  19 
1  50 
27  46 
4  20 
4  48 
-10  27 
39  26 
22  31 
14  26 
43  -31 
74  8 
16  42 
17  -21 
27  10 
14  41 
-21  11 
36  -3 
-8  15 
1  28 
-35  28 
-31  48 
7  8 
-6  10 
16  28 
21  11 
31  -10 
63  3 
5  -2 
13  19 
27  49 
14  3 
30  3 
11  4 
-9  -20 
-6  9 
-31  52 
13  8 
8  34 
24  12 
31  -3 
15  17 
1  18 
11  8 
24  19 
-18  19 
27  47 
-2  54 
-5  29 
-7  24 
27  -4 
-3  -7 
25  28 
13  -4 
-33  20 
25  15 
32  6 
-15  21 
14  18 
15  -2 
-11  20 
51  23 
29  -28 
16  7 
51  1 
-21  38 
15  41 
-4  22 
2  16 
13  9 
23  6 
-20  -8 
15  6 
26  -10 
4  0 
56  -47 
-12  1 
20  3 
2  -15 
10  3 
14  0 
39  -12 
-4  17 
-18  15 
8  -7 
-11  -23 
14  64 
-7  20 
-3  -8 
17  9 
26  -8 
-19  36 
13  3 
2  0 
-1  29 
8  6 
-23  15 
-11  66 
-9  2 
4  -15 
37  -16 
7  34 
-33  28 
9  24 
-6  7 
19  10 
45  3 
23  13 
13  39 
36  32 
16  36 
-21  16 
17  -2 
21  19 
1  51 
28  51 
4  21 
5  53 
-6  25 
39  27 
25  30 
10  25 
42  -31 
72  8 
18  40 
19  -19 
33  8 
8  39 
-20  11 
37  -1 
-9  18 
1  24 
-39  27 
-31  48 
-1  6 
-6  9 
18  29 
22  11 
32  -7 
63  2 
5  -3 
12  19 
30  50 
14  6 
26  2 
6  8 
-12  -22 
-6  8 
-27  52 
16  6 
11  32 
24  14 
33  -3 
14  12 
0  22 
14  6 
24  19 
-17  22 
27  46 
-4  51 
-1  25 
-8  22 
25  -3 
-3  -4 
25  23 
13  -4 
-35  19 
25  15 
34  5 
-15  18 
14  20 
15  -3 
-9  20 
53  25 
29  -28 
14  8 
44  0 
-27  39 
12  44 
-6  23 
6  20 
10  7 
31  11 
-18  -9 
12  8 
26  -9 
4  -2 
56  -47 
-17  4 
14  -1 
1  -18 
9  4 
14  -3 
37  -11 
-2  17 
-14  14 
10  -4 
-11  -23 
16  63 
-6  24 
-2  -7 
17  10 
26  -5 
-20  31 
11  -1 
2  -1 
-1  30 
6  8 
-23  18 
-13  65 
-12  1 
1  -15 
37  -16 
11  32 
-31  28 
7  21 
-8  7 
26  10 
45  5 
24  12 
14  36 
35  32 
16  39 
-18  14 
16  2 
20  17 
3  49 
28  54 
4  21 
3  53 
-7  23 
41  30 
27  30 
10  23 
44  -33 
72  6 
18  43 
17  -19 
34  9 
9  41 
-20  15 
38  0 
-12  20 
3  28 
-37  25 
-28  49 
1  7 
-5  10 
19  29 
22  7 
35  -2 
65  2 
9  -1 
13  11 
29  51 
15  5 
26  2 
3  3 
-13  -24 
-5  9 
-22  54 
10  6 
10  38 
23  13 
37  -4 
12  13 
3  22 
15  6 
19  19 
-16  22 
25  52 
-4  51 
-7  26 
-5  18 
25  -3 
-4  -4 
27  20 
12  -3 
-36  21 
26  17 
31  2 
-17  19 
11  20 
15  -3 
-9  21 
49  26 
26  -29 
15  7 
37  -2 
-26  39 
13  44 
-6  22 
8  21 
11  7 
34  9 
-21  -10 
3  7 
29  -10 
4  -2 
56  -47 
-24  4 
13  -4 
4  -21 
9  3 
13  -1 
38  -8 
0  12 
-13  16 
11  -1 
-10  -20 
19  62 
-10  23 
0  -9 
15  10 
25  -5 
-19  31 
10  -4 
2  -5 
-1  29 
2  11 
-20  18 
-14  68 
-12  -1 
2  -14 
44  -15 
13  32 
-33  32 
5  23 
-4  8 
27  8 
40  2 
28  11 
17  39 
35  35 
18  40 
-16  15 
12  4 
19  20 
1  47 
30  55 
1  22 
5  53 
-7  28 
37  30 
27  27 
9  21 
42  -30 
72  6 
20  30 
17  -19 
34  6 
11  43 
-21  16 
39  -3 
-11  20 
2  27 
-39  24 
-31  52 
-4  7 
-9  8 
23  25 
22  4 
34  -5 
62  -2 
7  -2 
11  11 
23  52 
14  3 
25  -2 
5  1 
-17  -23 
-5  8 
-16  52 
10  7 
11  37 
24  12 
37  -4 
11  18 
4  21 
14  6 
24  18 
-13  20 
26  54 
-3  50 
-2  22 
-8  20 
30  1 
-3  -1 
28  18 
16  -4 
-34  22 
25  15 
32  2 
-20  20 
12  17 
11  -7 
-9  24 
50  26 
27  -30 
14  10 
37  -5 
-26  40 
13  43 
-7  24 
11  21 
11  7 
34  9 
-21  -10 
1  8 
33  -11 
5  -2 
56  -49 
-25  3 
15  -7 
2  -20 
9  4 
14  -3 
37  -7 
1  11 
-13  17 
12  -7 
-7  -24 
19  67 
-4  22 
0  -9 
12  8 
24  -5 
-13  28 
9  -3 
4  -9 
3  30 
4  8 
-20  19 
-16  69 
-9  2 
3  -13 
49  -20 
10  31 
-34  30 
3  26 
-5  9 
27  6 
39  2 
29  8 
18  37 
37  41 
18  40 
-13  16 
14  5 
21  19 
-1  48 
33  59 
3  25 
4  53 
-8  26 
42  34 
30  23 
8  19 
42  -34 
75  7 
19  36 
15  -19 
34  8 
12  44 
-18  15 
42  -1 
-9  20 
2  24 
-37  22 
-30  57 
-3  4 
-10  7 
21  22 
25  1 
33  -7 
65  -1 
7  -2 
8  11 
16  52 
14  4 
25  -3 
5  2 
-17  -25 
-4  6 
-19  50 
11  11 
9  32 
23  13 
37  -4 
13  16 
2  19 
15  8 
24  19 
-9  18 
27  58 
-3  50 
-4  22 
-1  25 
26  2 
0  -2 
29  19 
15  -4 
-33  20 
25  17 
28  0 
-21  21 
11  20 
10  -9 
-14  21 
51  23 
26  -30 
17  8 
37  -5 
-25  41 
12  42 
-7  22 
13  19 
10  4 
35  9 
-21  -11 
2  7 
33  -11 
3  1 
54  -45 
-26  7 
18  -7 
1  -21 
14  4 
15  -2 
38  -6 
1  12 
-15  19 
12  -3 
-6  -24 
14  62 
-2  23 
5  -7 
11  7 
22  -5 
-14  28 
12  -2 
-2  -8 
0  30 
1  8 
-25  17 
-14  67 
-6  -3 
2  -14 
48  -17 
7  28 
-35  30 
3  26 
-6  8 
28  9 
40  3 
30  3 
18  40 
39  42 
17  39 
-11  12 
14  6 
24  21 
0  47 
36  60 
1  25 
2  51 
-8  26 
45  35 
31  26 
9  20 
43  -37 
73  8 
19  35 
14  -21 
31  4 
10  52 
-20  14 
40  -7 
-7  18 
1  27 
-36  24 
-31  57 
-3  4 
-10  5 
23  25 
24  0 
27  -6 
65  1 
6  -6 
8  11 
12  53 
13  6 
23  2 
5  2 
-13  -24 
-7  5 
-16  50 
7  6 
11  30 
29  12 
36  -4 
14  16 
6  22 
17  10 
25  17 
-10  17 
28  60 
-5  52 
-3  19 
-1  27 
26  -6 
2  1 
28  23 
15  -2 
-35  21 
26  15 
32  -1 
-23  18 
11  20 
9  -12 
-16  19 
52  24 
27  -30 
15  9 
35  -7 
-27  42 
11  42 
-6  24 
11  21 
11  7 
32  10 
-20  -9 
1  4 
31  -9 
0  -1 
53  -41 
-27  8 
16  -7 
5  -22 
14  2 
17  -4 
36  -9 
-3  13 
-12  19 
12  -5 
-8  -27 
15  67 
-1  22 
2  -9 
10  12 
27  -4 
-12  29 
13  0 
-1  -10 
0  33 
2  9 
-25  17 
-19  67 
-6  -5 
2  -16 
51  -22 
7  26 
-35  30 
3  25 
-10  11 
27  7 
43  3 
33  5 
21  39 
40  42 
19  41 
-12  13 
15  3 
29  21 
-1  49 
38  60 
2  28 
-1  52 
-8  26 
39  36 
34  28 
7  20 
46  -39 
76  9 
24  38 
14  -20 
33  3 
13  53 
-14  16 
36  -8 
-7  17 
4  22 
-39  28 
-26  59 
-6  9 
-13  8 
22  26 
22  -1 
24  -5 
66  0 
12  -3 
8  11 
14  53 
14  6 
29  2 
7  5 
-11  -20 
-7  6 
-13  49 
6  6 
9  34 
29  12 
36  -4 
14  15 
6  22 
17  10 
29  21 
-11  17 
30  66 
-5  55 
-4  17 
-1  27 
24  -11 
5  2 
31  22 
19  2 
-32  21 
28  18 
32  -5 
-25  17 
9  23 
11  -12 
-16  18 
52  24 
26  -30 
15  9 
42  -9 
-26  44 
13  39 
-5  27 
13  23 
11  12 
30  7 
-20  -9 
2  5 
32  -11 
-1  -2 
51  -42 
-34  7 
17  -7 
6  -20 
20  2 
17  -4 
36  -8 
-2  13 
-8  17 
8  -6 
-5  -27 
14  66 
-6  21 
0  -7 
8  9 
22  -5 
-13  30 
14  0 
-1  -10 
1  31 
3  5 
-25  18 
-19  68 
-5  -4 
1  -18 
44  -28 
11  27 
-35  28 
1  27 
-8  6 
27  6 
46  5 
35  5 
24  40 
33  48 
22  39 
-14  14 
16  2 
31  21 
-1  49 
37  59 
1  30 
-3  61 
-9  25 
39  36 
30  25 
5  21 
44  -39 
77  8 
21  39 
13  -22 
36  0 
14  54 
-13  16 
36  -7 
-12  16 
5  23 
-37  23 
-27  56 
-9  11 
-21  12 
23  22 
22  -4 
24  -4 
64  -1 
11  0 
8  11 
13  53 
14  8 
27  5 
12  2 
-11  -21 
-7  4 
-15  50 
6  8 
3  33 
26  15 
36  1 
14  18 
3  19 
19  9 
29  23 
-11  17 
30  67 
-9  57 
1  19 
0  24 
24  -16 
2  4 
29  26 
17  -1 
-31  20 
29  19 
31  1 
-24  17 
12  24 
16  -12 
-14  19 
52  26 
27  -33 
16  11 
40  -10 
-27  44 
15  38 
-6  27 
16  22 
11  13 
28  9 
-19  -8 
3  6 
32  -12 
0  -2 
53  -41 
-35  8 
18  -6 
7  -19 
20  -4 
16  -4 
39  -10 
2  16 
-9  20 
6  -6 
-4  -27 
11  67 
-9  26 
1  -10 
3  10 
22  -5 
-13  30 
13  0 
1  -13 
-2  32 
3  5 
-32  13 
-20  62 
-6  -7 
6  -19 
43  -27 
13  26 
-38  27 
2  26 
-6  4 
26  8 
48  0 
33  2 
26  42 
34  49 
23  35 
-15  18 
16  3 
31  22 
1  48 
47  57 
9  28 
-1  62 
-5  23 
46  36 
29  24 
6  24 
41  -38 
75  8 
22  39 
9  -25 
37  0 
11  51 
-12  19 
37  -7 
-13  20 
1  24 
-37  21 
-29  58 
-8  13 
-22  13 
25  21 
19  -4 
24  -2 
63  2 
14  0 
5  9 
9  52 
15  9 
30  9 
12  2 
-11  -19 
-2  3 
-18  51 
6  10 
1  31 
28  19 
36  2 
11  22 
2  21 
19  9 
30  23 
-9  17 
30  67 
-5  58 
4  19 
-1  27 
23  -15 
5  2 
29  26 
18  0 
-23  21 
29  20 
30  1 
-27  18 
11  25 
15  -10 
-14  20 
54  25 
25  -32 
18  12 
40  -9 
-26  40 
18  39 
-6  28 
12  26 
12  13 
32  9 
-17  -9 
-1  1 
27  -11 
-1  -4 
54  -41 
-39  5 
16  -4 
6  -21 
22  -5 
17  -4 
39  -8 
8  18 
-9  20 
12  -3 
-3  -27 
11  67 
-11  24 
2  -8 
2  10 
26  -4 
-12  29 
14  -3 
1  -12 
-2  37 
7  8 
-33  14 
-20  58 
-6  -7 
4  -16 
44  -28 
9  29 
-39  27 
3  26 
-5  8 
28  14 
49  1 
32  4 
23  37 
36  51 
23  35 
-14  14 
15  3 
29  22 
-1  48 
50  59 
9  28 
2  56 
-10  24 
49  37 
33  24 
5  29 
42  -41 
74  4 
22  40 
6  -18 
37  -1 
12  52 
-16  18 
35  -8 
-15  17 
-3  30 
-37  22 
-27  59 
-6  11 
-24  12 
23  23 
19  -5 
28  1 
61  -1 
11  -1 
7  4 
9  52 
15  9 
32  11 
11  1 
-10  -20 
-3  5 
-18  51 
4  9 
5  30 
25  18 
36  2 
16  21 
6  20 
19  8 
29  24 
-13  18 
30  67 
-6  55 
2  21 
-1  25 
21  -13 
5  3 
29  26 
22  -1 
-23  21 
31  22 
32  -3 
-25  15 
12  24 
13  -14 
-15  21 
52  22 
27  -32 
16  13 
41  -12 
-27  44 
15  43 
-6  32 
15  24 
9  12 
34  8 
-18  -10 
-2  3 
31  -10 
-1  -4 
53  -41 
-38  6 
17  -5 
8  -19 
22  -4 
11  -7 
42  -13 
10  21 
-10  17 
15  -2 
-1  -28 
7  69 
-11  28 
-2  -7 
4  8 
24  -4 
-13  30 
14  -4 
0  -14 
5  37 
6  10 
-28  13 
-21  60 
-6  -7 
8  -17 
44  -28 
7  27 
-37  25 
3  29 
-5  5 
26  15 
50  5 
32  -1 
15  37 
35  49 
24  38 
-16  22 
15  8 
26  21 
-1  47 
48  59 
12  28 
1  56 
-10  26 
46  34 
36  24 
5  30 
41  -41 
74  4 
25  42 
6  -18 
36  -4 
10  56 
-16  20 
36  -9 
-17  17 
-3  30 
-36  21 
-26  57 
-2  12 
-19  11 
23  22 
22  -5 
27  3 
64  -1 
13  -4 
9  -3 
9  49 
15  10 
33  8 
11  0 
-11  -19 
0  4 
-21  49 
7  6 
5  28 
26  20 
38  0 
16  22 
7  20 
21  8 
30  24 
-16  15 
27  65 
-3  49 
-1  18 
-3  25 
25  -12 
2  5 
30  27 
21  -1 
-26  19 
33  23 
22  -5 
-31  15 
10  20 
16  -9 
-18  18 
52  22 
37  -27 
18  14 
42  -14 
-28  46 
15  41 
-11  32 
15  23 
7  14 
32  8 
-14  -12 
3  -3 
31  -8 
1  -10 
53  -44 
-40  7 
17  -10 
9  -18 
19  -4 
7  -4 
43  -14 
11  22 
-11  17 
11  0 
-1  -31 
6  71 
-9  30 
0  -10 
3  5 
23  -5 
-13  30 
15  -2 
5  -14 
4  38 
9  8 
-26  13 
-23  58 
-5  -8 
8  -17 
44  -29 
2  30 
-38  28 
1  33 
-10  3 
26  10 
50  6 
31  -3 
14  34 
32  49 
23  38 
-15  21 
13  8 
23  21 
2  41 
48  60 
11  27 
-1  62 
-13  28 
51  33 
35  26 
5  30 
41  -44 
75  -3 
25  43 
5  -18 
33  0 
7  55 
-13  21 
36  -7 
-18  19 
-7  34 
-32  21 
-26  60 
1  11 
-20  12 
23  22 
22  -4 
31  1 
65  0 
10  -3 
9  -7 
12  53 
14  9 
39  7 
9  0 
-11  -19 
1  4 
-21  48 
7  7 
7  26 
25  18 
37  -1 
13  24 
5  22 
24  9 
31  27 
-14  14 
27  65 
0  45 
1  21 
-3  24 
26  -10 
6  2 
35  27 
22  -2 
-24  19 
33  26 
21  -4 
-30  16 
15  14 
16  -8 
-21  16 
52  24 
37  -30 
19  9 
38  -17 
-31  43 
14  38 
-13  34 
10  25 
5  15 
33  8 
-16  -12 
2  -1 
35  -3 
3  -7 
54  -43 
-37  4 
19  -8 
14  -14 
27  -4 
7  -7 
42  -15 
13  23 
-9  21 
14  0 
1  -28 
9  77 
-10  27 
0  -7 
3  6 
25  -3 
-12  29 
16  -3 
4  -13 
5  39 
6  7 
-24  11 
-22  60 
-8  -11 
9  -16 
45  -28 
1  30 
-37  25 
-1  30 
-10  6 
25  8 
50  3 
28  -1 
16  36 
35  50 
21  38 
-16  23 
15  9 
26  21 
2  41 
48  56 
12  26 
0  51 
-13  28 
54  33 
39  25 
6  28 
40  -44 
78  -1 
25  43 
4  -20 
34  -1 
4  58 
-11  21 
36  -7 
-17  19 
-8  33 
-31  20 
-24  62 
2  10 
-16  12 
21  28 
22  -4 
31  2 
65  0 
13  -1 
8  -9 
17  53 
14  8 
39  8 
7  0 
-17  -18 
1  11 
-17  48 
10  9 
7  30 
24  18 
37  -1 
11  27 
5  22 
21  12 
35  28 
-13  19 
29  68 
3  46 
-2  22 
-3  24 
28  -9 
6  1 
33  25 
20  -2 
-27  23 
32  24 
22  -5 
-29  21 
15  15 
19  -8 
-22  19 
55  27 
37  -31 
19  8 
36  -18 
-30  43 
13  36 
-13  36 
11  26 
6  14 
34  9 
-14  -13 
1  -1 
34  -2 
3  -7 
54  -44 
-38  6 
17  -10 
14  -14 
25  1 
10  -3 
43  -15 
13  24 
-8  22 
14  0 
2  -28 
11  80 
-9  28 
-3  -7 
2  7 
25  -5 
-11  32 
14  -5 
1  -13 
8  41 
6  8 
-24  11 
-21  56 
-11  -3 
11  -10 
45  -27 
1  31 
-36  32 
-2  29 
-10  7 
33  12 
50  5 
30  1 
16  36 
35  50 
23  37 
-15  23 
10  10 
25  19 
0  37 
52  59 
17  21 
2  51 
-13  26 
53  31 
32  26 
9  31 
38  -47 
78  0 
21  42 
2  -21 
33  -1 
3  61 
-11  20 
36  -8 
-17  23 
-8  33 
-33  20 
-21  60 
-1  10 
-14  10 
25  28 
21  0 
35  3 
69  4 
11  -2 
7  -10 
20  51 
15  9 
41  4 
9  1 
-16  -20 
0  10 
-18  48 
13  8 
5  30 
26  16 
31  -1 
11  28 
6  20 
22  11 
35  30 
-13  15 
30  71 
6  44 
-1  22 
-1  27 
28  -8 
5  2 
34  29 
21  -10 
-22  18 
33  23 
20  -4 
-28  24 
15  18 
22  -10 
-22  20 
54  24 
34  -40 
18  7 
32  -18 
-33  44 
12  35 
-19  36 
9  24 
8  18 
35  8 
-12  -13 
5  -5 
37  -4 
3  -7 
53  -43 
-38  7 
16  -10 
13  -16 
26  6 
2  -5 
43  -15 
17  24 
-3  21 
11  0 
4  -32 
11  81 
-13  28 
-2  -7 
-1  8 
22  -6 
-13  34 
13  -1 
4  -11 
8  41 
7  6 
-25  7 
-20  55 
-6  3 
11  -8 
45  -27 
0  32 
-36  33 
-4  28 
-7  5 
36  13 
44  5 
30  -4 
17  35 
34  48 
22  38 
-15  21 
10  4 
30  21 
2  39 
50  50 
16  22 
3  51 
-10  27 
50  32 
33  26 
8  31 
37  -50 
79  -4 
19  38 
4  -19 
34  -3 
5  63 
-13  20 
31  -7 
-16  22 
-11  29 
-29  22 
-20  57 
-3  13 
-13  10 
26  28 
24  -1 
35  3 
70  3 
16  1 
7  -9 
20  51 
15  9 
48  5 
9  1 
-12  -17 
-1  10 
-15  48 
9  8 
6  30 
25  16 
34  0 
11  33 
5  18 
21  11 
34  29 
-13  17 
27  78 
8  40 
0  22 
-5  21 
25  -10 
6  2 
32  29 
20  -9 
-27  18 
35  17 
25  3 
-27  23 
18  18 
21  -13 
-21  18 
55  23 
33  -44 
19  8 
34  -17 
-33  47 
11  40 
-17  33 
7  26 
11  21 
35  9 
-11  -16 
1  1 
35  -2 
5  -7 
57  -47 
-35  1 
15  -10 
12  -16 
29  8 
5  -5 
41  -18 
19  25 
-6  22 
10  -6 
1  -32 
10  81 
-13  29 
-4  -8 
-1  7 
16  -9 
-13  36 
13  4 
1  -15 
10  43 
3  5 
-24  8 
-18  51 
-7  -1 
4  -15 
44  -27 
3  26 
-36  32 
-1  29 
-6  4 
40  12 
43  1 
29  -3 
16  36 
31  48 
22  36 
-14  21 
10  5 
28  23 
-1  41 
52  53 
17  19 
2  47 
-9  27 
47  34 
36  26 
9  32 
37  -51 
78  -3 
14  41 
2  -19 
34  -4 
7  60 
-12  18 
38  -7 
-14  20 
-7  28 
-28  22 
-18  60 
-2  14 
-13  10 
26  27 
25  -3 
39  -1 
72  6 
19  2 
6  -6 
19  52 
14  8 
44  8 
9  0 
-9  -18 
-1  10 
-14  50 
10  11 
6  28 
28  15 
33  0 
10  37 
4  21 
23  9 
35  30 
-12  19 
27  80 
9  44 
4  28 
-4  21 
25  -10 
8  1 
30  30 
20  -8 
-28  19 
34  17 
23  7 
-26  20 
23  17 
22  -13 
-18  16 
57  24 
33  -44 
20  4 
36  -17 
-32  50 
11  41 
-18  35 
6  31 
11  22 
36  13 
-10  -17 
-2  -3 
33  -1 
5  -7 
54  -45 
-35  2 
16  -13 
19  -14 
24  13 
4  -4 
38  -18 
22  26 
-7  24 
11  0 
1  -33 
8  88 
-8  26 
-1  -10 
-1  7 
17  -8 
-5  37 
14  8 
1  -12 
13  47 
3  2 
-25  8 
-14  48 
-9  -2 
7  -14 
43  -27 
3  25 
-34  30 
-1  29 
-6  2 
42  9 
44  -1 
27  -6 
15  35 
33  48 
23  35 
-14  22 
11  6 
30  26 
0  42 
55  52 
16  16 
6  47 
-12  23 
48  33 
34  24 
8  31 
35  -46 
78  -8 
14  41 
-1  -22 
29  -3 
7  58 
-11  20 
37  -10 
-15  23 
-5  27 
-27  26 
-19  50 
0  14 
-7  12 
22  32 
24  0 
39  -5 
71  8 
13  3 
5  -3 
20  51 
15  9 
46  6 
9  1 
-8  -18 
1  11 
-16  49 
13  13 
6  21 
30  12 
36  -8 
8  41 
2  16 
20  11 
35  34 
-16  20 
25  78 
11  44 
2  28 
-3  21 
26  -10 
7  0 
32  33 
22  -9 
-32  19 
33  16 
22  4 
-26  19 
27  17 
23  -15 
-17  15 
55  28 
31  -40 
22  7 
36  -18 
-35  50 
9  41 
-18  39 
6  32 
9  22 
37  15 
-11  -16 
-2  0 
31  1 
6  -6 
50  -44 
-34  2 
16  -17 
19  -13 
24  12 
5  -3 
39  -20 
25  23 
-6  23 
14  -4 
3  -34 
9  88 
-7  23 
2  -8 
-4  8 
13  -9 
-5  33 
15  9 
2  -15 
14  46 
4  -2 
-22  9 
-15  48 
-5  -2 
7  -13 
43  -27 
1  27 
-34  31 
-1  28 
-4  1 
39  6 
42  0 
31  -3 
13  39 
34  49 
23  37 
-21  22 
11  7 
26  28 
-3  39 
51  52 
17  16 
7  48 
-10  23 
51  38 
35  23 
8  31 
35  -43 
78  -7 
13  40 
-2  -21 
26  -5 
8  54 
-7  18 
37  -10 
-16  22 
-5  27 
-28  24 
-20  50 
-4  11 
-6  8 
21  39 
24  1 
39  -4 
73  12 
12  2 
2  -5 
21  50 
15  12 
44  7 
9  0 
-9  -18 
-1  10 
-17  49 
16  13 
3  22 
30  16 
36  -9 
10  43 
5  15 
20  11 
33  36 
-18  15 
23  81 
13  44 
7  27 
-4  21 
31  -7 
9  1 
32  33 
20  -10 
-31  20 
33  18 
19  6 
-26  20 
27  16 
23  -13 
-17  15 
53  32 
31  -42 
22  6 
31  -16 
-34  48 
2  44 
-19  39 
6  30 
8  24 
37  15 
-11  -14 
4  0 
31  2 
4  -1 
49  -43 
-34  1 
14  -16 
18  -13 
27  10 
4  1 
39  -20 
23  25 
-3  21 
16  -3 
1  -33 
7  88 
-7  25 
3  -7 
-8  6 
15  -2 
-8  41 
14  9 
3  -18 
11  47 
5  2 
-23  10 
-13  46 
-3  -1 
2  -10 
45  -27 
-2  22 
-35  30 
-5  32 
-5  3 
36  6 
45  3 
27  -6 
11  40 
37  48 
25  38 
-21  22 
6  7 
24  28 
-2  37 
51  51 
16  16 
9  52 
-11  24 
50  37 
39  29 
8  31 
39  -39 
79  -8 
16  42 
4  -25 
29  -6 
5  57 
-6  21 
38  -7 
-14  22 
-1  25 
-28  22 
-21  51 
-4  13 
-6  8 
23  39 
30  1 
39  -4 
77  13 
18  -2 
4  -13 
20  54 
14  16 
44  5 
5  -1 
-7  -17 
1  11 
-16  52 
17  16 
4  24 
29  17 
39  -10 
9  44 
7  20 
24  12 
34  33 
-18  14 
23  82 
14  45 
8  29 
-4  21 
29  -6 
12  4 
31  34 
19  -11 
-36  22 
33  19 
18  7 
-26  19 
25  15 
21  -9 
-13  16 
60  31 
29  -45 
22  11 
23  -15 
-36  48 
2  46 
-19  39 
7  28 
7  26 
36  17 
-10  -17 
8  -1 
34  2 
0  -4 
47  -42 
-32  1 
15  -17 
19  -15 
27  10 
5  2 
39  -19 
20  24 
-6  21 
12  2 
1  -32 
5  88 
-6  24 
6  -9 
-3  4 
13  -4 
-9  38 
13  8 
2  -21 
10  46 
5  3 
-25  7 
-19  45 
-2  -3 
1  -8 
45  -30 
-4  22 
-39  30 
-3  33 
-6  6 
32  6 
45  -1 
25  -4 
9  41 
39  47 
25  38 
-18  18 
11  10 
20  25 
1  38 
51  46 
15  18 
11  57 
-10  25 
47  34 
39  28 
8  31 
39  -38 
78  -8 
13  44 
2  -25 
32  -7 
6  55 
-3  21 
37  -4 
-16  21 
1  27 
-27  23 
-17  51 
-4  11 
-2  5 
22  36 
29  0 
40  -7 
78  13 
17  -1 
2  -15 
20  54 
15  15 
43  3 
5  1 
-9  -16 
4  11 
-17  53 
15  17 
3  21 
35  18 
41  -9 
9  44 
9  21 
25  17 
32  33 
-15  18 
24  83 
4  44 
8  29 
-6  24 
32  -11 
12  4 
26  34 
19  -11 
-34  22 
33  19 
18  7 
-27  23 
22  15 
24  -12 
-9  14 
61  30 
25  -45 
25  10 
22  -13 
-40  51 
3  45 
-21  36 
7  28 
5  33 
36  16 
-12  -19 
13  0 
33  2 
-1  -5 
48  -41 
-29  0 
16  -18 
21  -16 
22  6 
5  2 
38  -20 
17  22 
-5  21 
7  3 
2  -29 
9  88 
-6  26 
9  -8 
-3  4 
14  -4 
-7  36 
14  8 
4  -21 
11  46 
2  4 
-19  12 
-14  48 
-6  2 
-1  -10 
48  -29 
-10  17 
-39  27 
-4  31 
-7  6 
30  9 
46  1 
27  -4 
5  40 
39  48 
29  40 
-21  18 
11  15 
23  26 
-1  40 
53  48 
15  17 
14  58 
-9  22 
43  35 
39  27 
7  34 
41  -38 
78  -8 
22  45 
0  -27 
29  -3 
3  59 
-3  21 
37  -4 
-14  20 
1  28 
-30  24 
-16  52 
-3  10 
-5  8 
22  36 
32  2 
38  -7 
77  9 
20  -3 
1  -14 
22  52 
16  13 
45  1 
-2  -3 
-6  -11 
7  10 
-16  53 
11  13 
4  21 
33  13 
42  -5 
10  43 
13  24 
22  16 
32  33 
-11  21 
24  81 
12  49 
8  31 
-5  17 
26  -12 
13  3 
26  32 
19  -12 
-34  21 
32  17 
22  8 
-28  22 
20  14 
25  -10 
-7  18 
60  30 
25  -42 
25  8 
27  -14 
-39  50 
2  44 
-19  38 
7  28 
4  32 
36  16 
-11  -20 
11  0 
35  7 
0  -7 
49  -43 
-31  -8 
17  -16 
23  -15 
19  12 
2  -1 
38  -17 
15  23 
-3  19 
6  6 
1  -29 
9  88 
-6  25 
7  -8 
-4  2 
17  -5 
-7  36 
10  10 
2  -20 
10  44 
2  7 
-19  8 
-13  50 
-6  0 
-3  -11 
46  -29 
-4  21 
-37  26 
-5  30 
-1  7 
34  6 
45  3 
24  -2 
5  41 
39  50 
26  40 
-24  20 
11  18 
24  28 
-1  42 
53  48 
19  20 
13  59 
-13  25 
48  39 
34  24 
6  34 
41  -38 
78  -7 
24  47 
-3  -27 
30  -4 
0  60 
-8  24 
37  -4 
-13  20 
4  24 
-33  23 
-18  51 
-3  10 
-6  8 
28  38 
31  1 
36  -7 
76  8 
21  -1 
1  -13 
24  53 
15  12 
45  2 
0  -4 
-8  -14 
6  10 
-19  56 
10  12 
5  20 
33  12 
40  -6 
8  43 
12  22 
22  15 
36  32 
-6  22 
25  83 
9  44 
7  30 
-3  15 
25  -12 
13  2 
24  33 
19  -11 
-35  22 
31  11 
26  9 
-26  24 
20  11 
29  -12 
-6  16 
57  33 
25  -36 
22  11 
25  -15 
-38  52 
-1  47 
-21  38 
7  28 
2  34 
31  12 
-11  -19 
11  0 
34  8 
2  -14 
53  -41 
-29  -13 
17  -16 
21  -12 
16  11 
4  -2 
36  -18 
14  20 
-2  20 
7  6 
1  -29 
10  91 
-8  26 
10  -6 
-2  2 
17  -2 
-7  36 
5  10 
1  -24 
10  43 
1  2 
-16  8 
-14  50 
-5  -2 
-4  -10 
45  -27 
-3  21 
-39  27 
-5  29 
-1  8 
33  5 
48  1 
26  -6 
3  42 
37  51 
19  36 
-24  21 
5  16 
23  26 
-1  40 
53  48 
21  19 
14  59 
-14  26 
47  37 
34  26 
5  35 
39  -38 
78  -7 
22  50 
-4  -27 
29  -8 
-2  57 
-9  21 
37  -4 
-12  22 
4  25 
-31  20 
-21  50 
-6  9 
-4  6 
29  36 
34  1 
38  -8 
77  10 
22  -1 
0  -13 
23  53 
15  15 
46  2 
0  -1 
-3  -15 
6  11 
-20  50 
10  12 
5  17 
33  12 
43  -5 
10  44 
13  28 
22  15 
36  34 
-5  18 
28  81 
7  40 
6  28 
-3  16 
27  -15 
14  0 
26  30 
19  -11 
-36  19 
31  11 
27  4 
-29  22 
21  12 
23  -11 
-3  15 
62  32 
29  -39 
24  12 
23  -15 
-38  50 
-1  47 
-23  41 
4  27 
5  35 
31  20 
-12  -20 
14  3 
34  8 
4  -15 
53  -42 
-33  -17 
17  -16 
22  -15 
15  13 
4  0 
35  -17 
11  19 
0  22 
11  7 
1  -30 
10  90 
-10  26 
6  -9 
-2  3 
16  -3 
-7  36 
9  14 
-3  -21 
5  48 
3  2 
-13  10 
-19  47 
-5  -3 
-4  -7 
45  -27 
-2  22 
-39  25 
-5  28 
-2  7 
33  3 
45  -4 
28  -1 
5  42 
43  51 
18  40 
-24  21 
9  17 
24  21 
-1  41 
53  44 
22  16 
12  59 
-11  28 
45  38 
29  24 
4  36 
39  -38 
76  -9 
24  48 
-3  -27 
30  -8 
-7  59 
-10  21 
36  -4 
-14  22 
2  26 
-31  20 
-19  51 
-9  13 
-6  6 
28  33 
34  4 
42  -2 
77  10 
22  -1 
1  -12 
23  53 
14  14 
46  1 
1  -1 
-8  -16 
9  15 
-20  51 
11  12 
4  18 
36  13 
37  -1 
9  43 
14  29 
22  15 
34  38 
-7  19 
29  81 
4  39 
13  26 
-3  16 
25  -12 
14  -1 
28  31 
19  -12 
-36  22 
27  9 
21  8 
-30  25 
20  13 
27  -10 
-4  16 
62  31 
27  -40 
23  12 
24  -16 
-35  52 
-1  47 
-25  43 
1  25 
2  34 
30  21 
-12  -20 
11  1 
34  14 
0  -10 
53  -42 
-33  -19 
17  -16 
23  -9 
12  15 
4  1 
34  -15 
14  20 
-2  20 
14  8 
-1  -30 
12  86 
-13  25 
6  -10 
-3  1 
16  -3 
-4  31 
5  15 
-1  -22 
4  48 
3  2 
-6  6 
-19  47 
-5  -3 
-2  -7 
49  -26 
2  20 
-37  25 
-3  30 
-3  9 
34  4 
49  0 
27  -2 
5  43 
41  50 
19  39 
-24  22 
10  17 
25  19 
2  38 
52  44 
19  17 
13  56 
-7  28 
44  38 
33  22 
5  36 
38  -43 
74  -3 
22  44 
-3  -27 
27  -4 
-9  57 
-8  17 
35  -2 
-19  26 
2  27 
-31  19 
-20  58 
-10  12 
-6  3 
26  34 
35  7 
41  -1 
81  11 
22  -1 
2  -14 
27  51 
13  11 
46  0 
1  -4 
2  -19 
9  17 
-21  55 
12  13 
3  17 
33  13 
38  0 
5  45 
11  30 
24  15 
35  41 
-8  15 
30  81 
7  40 
14  24 
-4  16 
25  -10 
14  1 
28  31 
19  -12 
-36  21 
29  8 
21  8 
-30  23 
22  11 
27  -16 
-5  18 
67  32 
28  -42 
23  10 
26  -18 
-35  53 
-1  46 
-27  43 
3  25 
2  35 
32  26 
-11  -19 
12  -1 
33  20 
-1  -10 
54  -40 
-33  -19 
19  -15 
24  -8 
9  14 
3  3 
32  -16 
16  22 
1  19 
16  11 
-1  -31 
9  84 
-14  28 
0  -9 
-2  -2 
17  1 
-4  33 
5  18 
-1  -24 
9  49 
5  0 
-6  5 
-16  48 
-6  -3 
-3  -4 
45  -19 
8  23 
-39  27 
-3  29 
-3  10 
33  5 
48  0 
25  -4 
6  44 
43  51 
19  42 
-23  24 
10  11 
29  20 
-1  41 
55  43 
24  19 
13  58 
-10  24 
45  43 
34  26 
5  35 
39  -43 
72  -3 
25  48 
-3  -27 
25  -3 
-11  56 
-14  14 
34  -2 
-19  25 
1  30 
-29  23 
-23  59 
-11  12 
-2  2 
26  35 
37  8 
38  -1 
82  5 
18  -3 
2  -13 
27  49 
12  13 
42  -4 
-2  -7 
5  -18 
10  17 
-17  61 
11  13 
2  19 
34  13 
42  -1 
9  43 
7  32 
20  18 
31  47 
-5  18 
32  82 
9  40 
14  23 
-6  24 
24  -13 
16  6 
27  34 
19  -11 
-36  20 
31  6 
23  7 
-33  26 
21  11 
30  -13 
-5  13 
68  31 
28  -41 
23  9 
25  -17 
-35  53 
-2  42 
-30  46 
2  26 
3  33 
29  24 
-12  -19 
15  -3 
31  20 
-1  -10 
51  -39 
-34  -18 
19  -12 
24  -7 
5  10 
4  4 
34  -18 
14  18 
3  17 
16  11 
0  -27 
10  83 
-13  27 
0  -9 
-1  -4 
14  0 
-4  32 
4  19 
2  -24 
12  53 
6  0 
1  6 
-15  49 
-7  -4 
-3  -4 
46  -19 
11  24 
-37  25 
-6  28 
-5  9 
35  8 
45  1 
25  -3 
5  48 
44  52 
19  41 
-23  24 
11  13 
32  19 
-4  36 
53  44 
25  20 
21  50 
-8  29 
44  45 
33  28 
9  37 
44  -38 
71  -3 
26  48 
-2  -28 
24  -2 
-13  56 
-13  9 
31  -2 
-16  28 
-1  31 
-29  22 
-22  57 
-11  12 
-4  2 
29  34 
32  6 
42  -2 
81  8 
20  -8 
3  -10 
27  48 
17  13 
45  -4 
-2  -7 
4  -19 
11  19 
-19  59 
14  9 
2  20 
40  13 
40  -2 
6  47 
5  30 
18  20 
32  44 
-7  19 
31  82 
8  39 
14  26 
-9  24 
24  -10 
17  4 
27  37 
19  -12 
-37  26 
33  0 
24  9 
-33  26 
19  16 
35  -10 
-6  16 
68  31 
25  -39 
22  10 
26  -19 
-35  53 
1  42 
-30  47 
1  31 
3  33 
30  24 
-11  -19 
17  -4 
31  20 
-1  -11 
51  -39 
-37  -18 
19  -13 
25  -5 
6  8 
3  7 
37  -22 
14  17 
4  13 
14  13 
0  -29 
12  89 
-13  30 
1  -10 
-1  -3 
16  -4 
-4  35 
2  19 
4  -24 
7  60 
1  -1 
2  6 
-12  54 
-7  -4 
-3  -5 
46  -18 
13  24 
-38  28 
-4  31 
-4  8 
37  5 
47  5 
27  -6 
7  48 
44  52 
20  43 
-22  23 
11  10 
35  18 
-5  37 
54  44 
24  15 
19  52 
-6  28 
44  41 
37  30 
12  37 
45  -38 
69  -6 
26  46 
-1  -30 
24  -2 
-16  59 
-13  16 
29  -3 
-16  28 
-3  33 
-31  20 
-23  61 
-11  12 
-4  2 
32  33 
33  3 
42  -4 
81  5 
18  -7 
1  -12 
29  48 
13  12 
45  -2 
-4  -7 
7  -22 
7  23 
-17  55 
15  3 
3  19 
39  15 
38  1 
6  50 
7  30 
21  19 
33  43 
-6  19 
31  82 
11  38 
11  24 
-11  28 
20  -9 
14  8 
27  35 
19  -12 
-38  24 
34  0 
25  5 
-36  25 
22  15 
35  -13 
-4  13 
65  33 
25  -39 
21  11 
24  -21 
-38  54 
-1  42 
-27  45 
-1  30 
3  33 
29  24 
-15  -17 
16  -4 
32  22 
-4  -9 
49  -39 
-36  -19 
18  -13 
25  -4 
4  11 
2  7 
37  -21 
11  21 
4  15 
13  18 
1  -30 
9  86 
-18  31 
0  -8 
2  -4 
15  -3 
-3  33 
2  19 
6  -25 
8  61 
3  2 
4  8 
-12  54 
-11  -3 
-1  -4 
45  -22 
14  23 
-37  30 
-5  30 
-8  4 
39  7 
47  4 
25  -8 
8  49 
44  52 
19  41 
-22  22 
8  11 
34  22 
-5  38 
48  43 
24  18 
16  54 
-7  24 
43  43 
32  33 
7  37 
45  -38 
68  -7 
26  48 
-1  -31 
23  -3 
-17  61 
-13  16 
30  -4 
-17  31 
0  34 
-31  20 
-24  62 
-9  13 
-3  1 
32  28 
36  1 
40  -2 
82  5 
15  -11 
2  -14 
30  47 
11  14 
43  -1 
-4  -8 
11  -20 
-1  26 
-15  55 
14  4 
0  16 
40  13 
39  1 
0  50 
-1  32 
23  21 
33  44 
-6  23 
31  81 
7  41 
15  24 
-15  28 
18  -8 
11  7 
26  32 
19  -11 
-38  26 
35  -3 
34  5 
-37  25 
23  17 
33  -12 
-4  11 
65  33 
25  -39 
21  10 
28  -20 
-35  55 
3  39 
-27  46 
-1  30 
3  33 
32  26 
-15  -17 
17  -4 
34  22 
-5  -11 
49  -39 
-39  -18 
20  -22 
27  -3 
1  11 
2  7 
41  -21 
5  22 
6  14 
11  19 
0  -33 
6  86 
-16  32 
-3  -7 
1  -7 
13  -4 
0  31 
4  20 
5  -23 
6  62 
2  4 
8  11 
-16  53 
-9  0 
-1  -4 
46  -19 
16  23 
-36  28 
-3  30 
-8  4 
39  7 
49  4 
26  -13 
6  50 
45  52 
15  38 
-21  22 
9  12 
34  24 
-8  37 
47  46 
25  20 
16  53 
-7  22 
44  45 
29  28 
9  40 
44  -41 
70  -5 
27  48 
-3  -32 
28  -7 
-17  62 
-12  19 
25  -4 
-16  29 
4  30 
-32  21 
-24  62 
-15  10 
-3  1 
34  28 
35  3 
41  -2 
81  8 
15  -13 
3  -14 
30  47 
9  17 
44  -2 
-7  -8 
11  -18 
4  27 
-15  58 
19  6 
-2  17 
42  11 
41  -1 
0  53 
-2  37 
24  21 
34  39 
-4  23 
32  86 
3  41 
14  24 
-13  30 
18  -7 
10  3 
26  30 
19  -10 
-38  27 
31  -8 
31  7 
-37  25 
22  15 
35  -13 
-8  9 
66  31 
25  -41 
18  12 
26  -18 
-38  52 
1  38 
-29  48 
0  31 
3  33 
38  25 
-15  -17 
16  -3 
31  15 
-9  -14 
44  -40 
-38  -14 
21  -18 
27  -3 
1  10 
7  6 
38  -20 
5  22 
7  18 
13  19 
3  -31 
4  88 
-18  30 
-3  -7 
1  -9 
13  -4 
0  32 
4  22 
5  -25 
7  61 
3  6 
7  12 
-15  53 
-12  1 
-1  -2 
47  -20 
17  21 
-37  27 
-4  31 
-7  3 
39  9 
52  2 
24  -15 
5  50 
44  53 
14  37 
-22  23 
9  12 
32  24 
-12  31 
51  51 
25  21 
17  50 
-7  22 
48  49 
32  33 
11  41 
42  -40 
68  -1 
24  47 
-3  -31 
28  -7 
-19  68 
-11  19 
26  -6 
-16  31 
3  31 
-30  25 
-23  59 
-14  8 
-2  -2 
34  25 
34  0 
39  -4 
78  7 
14  -12 
-3  -16 
28  43 
9  17 
45  -2 
-3  -4 
11  -18 
7  29 
-16  58 
19  7 
2  16 
43  12 
42  -2 
-2  54 
-3  39 
24  18 
31  38 
-9  22 
33  86 
-1  42 
16  21 
-17  28 
17  -7 
7  6 
21  25 
19  -4 
-36  29 
30  -4 
32  8 
-34  27 
26  14 
36  -9 
-6  9 
68  31 
25  -42 
22  8 
20  -21 
-40  50 
4  41 
-30  47 
-1  30 
0  31 
30  25 
-15  -19 
14  -7 
25  17 
-10  -16 
53  -36 
-39  -13 
20  -18 
25  -4 
4  11 
3  5 
37  -19 
3  27 
8  16 
14  16 
8  -31 
4  88 
-19  31 
-3  -4 
2  -10 
14  -1 
1  32 
6  22 
2  -24 
6  60 
2  4 
6  11 
-16  53 
-16  2 
0  -2 
52  -24 
13  23 
-36  24 
-4  34 
-7  8 
39  9 
48  -1 
26  -12 
7  50 
43  53 
16  36 
-22  19 
11  7 
31  21 
-9  32 
53  54 
20  24 
18  47 
-5  23 
48  48 
32  33 
13  39 
43  -38 
67  0 
23  46 
-4  -27 
27  -6 
-18  67 
-14  21 
25  -5 
-19  28 
4  32 
-24  22 
-18  55 
-12  7 
-2  0 
34  24 
29  1 
41  -1 
79  0 
15  -11 
-3  -16 
35  41 
11  17 
46  -10 
-7  -4 
8  -19 
5  28 
-18  59 
19  7 
1  18 
39  16 
40  -2 
1  51 
-4  43 
18  17 
28  39 
-11  17 
35  85 
-6  39 
13  24 
-16  25 
17  -6 
6  8 
23  26 
20  -1 
-36  32 
30  -4 
35  12 
-32  23 
26  10 
37  -11 
-6  9 
67  32 
25  -38 
19  8 
17  -21 
-40  54 
4  38 
-31  46 
-1  29 
-3  33 
27  23 
-13  -20 
8  -11 
22  11 
-11  -16 
52  -34 
-37  -18 
19  -18 
28  -3 
0  11 
2  7 
32  -12 
3  25 
10  6 
16  16 
7  -32 
3  90 
-19  30 
-7  -7 
4  -11 
14  0 
-1  30 
6  22 
2  -25 
6  53 
10  4 
3  13 
-15  53 
-14  6 
5  1 
54  -22 
10  25 
-39  26 
-3  36 
-6  8 
37  10 
45  -3 
27  -15 
7  50 
41  52 
15  37 
-23  18 
15  7 
31  22 
-8  29 
48  54 
23  29 
19  47 
-6  24 
49  48 
30  30 
16  42 
42  -41 
68  1 
21  47 
-4  -27 
25  -5 
-18  66 
-15  23 
25  -2 
-19  28 
3  31 
-18  25 
-20  52 
-13  9 
-3  1 
34  22 
29  3 
47  1 
80  2 
12  -7 
-4  -14 
31  39 
11  21 
48  -9 
-7  -4 
8  -20 
5  28 
-19  59 
18  7 
3  15 
42  19 
39  -4 
2  51 
-7  42 
23  22 
27  36 
-16  16 
37  84 
-7  39 
13  26 
-18  26 
18  -6 
7  7 
26  29 
17  -2 
-37  33 
31  -2 
37  13 
-33  18 
26  11 
36  -8 
1  10 
64  31 
26  -40 
16  5 
16  -18 
-40  53 
3  37 
-36  48 
-1  29 
-4  33 
27  25 
-14  -18 
11  -7 
25  8 
-12  -19 
59  -30 
-35  -18 
19  -18 
22  -5 
-2  12 
1  7 
29  -9 
3  25 
13  8 
16  16 
3  -39 
5  90 
-17  27 
-7  -8 
4  -8 
9  4 
0  31 
7  21 
4  -27 
7  52 
10  5 
0  12 
-14  52 
-16  4 
3  3 
55  -23 
12  24 
-41  25 
-3  35 
-5  7 
37  10 
45  -3 
27  -14 
6  50 
43  46 
14  39 
-24  18 
14  9 
35  23 
-9  30 
49  52 
19  26 
19  48 
-4  27 
46  48 
30  31 
17  42 
44  -41 
67  0 
21  48 
-7  -24 
30  -8 
-18  65 
-15  23 
20  -4 
-18  24 
4  27 
-18  27 
-19  51 
-10  7 
-9  2 
34  20 
31  1 
50  3 
84  1 
13  -2 
-6  -14 
33  40 
11  20 
48  -9 
-5  -4 
10  -21 
7  30 
-15  58 
19  7 
7  17 
41  16 
39  -4 
0  50 
-7  44 
26  20 
25  37 
-14  19 
37  84 
-8  38 
12  26 
-18  27 
16  -8 
10  7 
27  24 
18  0 
-31  32 
31  1 
36  16 
-31  20 
25  10 
38  -6 
0  11 
62  28 
28  -41 
10  4 
17  -19 
-35  55 
1  38 
-37  50 
1  32 
-7  32 
31  22 
-15  -19 
12  -7 
24  8 
-12  -19 
54  -27 
-36  -18 
23  -17 
22  -5 
-2  13 
-1  5 
31  -10 
6  28 
15  9 
14  15 
6  -38 
9  88 
-18  31 
-3  -7 
2  -2 
12  4 
-1  32 
4  19 
5  -27 
4  56 
15  8 
4  12 
-16  51 
-15  2 
4  4 
54  -22 
9  23 
-41  27 
-3  39 
-5  7 
37  9 
44  -2 
27  -14 
7  52 
41  47 
12  42 
-26  19 
14  8 
36  22 
-9  27 
54  49 
19  28 
19  50 
-6  26 
43  45 
30  23 
13  42 
45  -42 
70  1 
21  45 
-7  -24 
28  -6 
-19  64 
-15  23 
22  -1 
-17  26 
4  27 
-21  22 
-19  51 
-12  3 
-5  3 
35  17 
32  8 
52  10 
85  -1 
13  -2 
-7  -12 
27  43 
13  26 
48  -9 
-4  1 
9  -23 
13  27 
-13  61 
18  7 
6  14 
44  19 
41  -9 
0  52 
-4  42 
24  18 
26  35 
-13  20 
37  84 
-6  36 
13  26 
-18  27 
16  -10 
9  4 
31  22 
17  -1 
-31  32 
31  0 
36  16 
-34  21 
26  8 
42  -8 
2  11 
63  26 
31  -39 
11  10 
17  -19 
-36  56 
-5  41 
-33  48 
4  32 
-3  33 
27  16 
-18  -24 
14  -11 
28  3 
-12  -21 
55  -23 
-39  -16 
22  -15 
19  -4 
-4  11 
-3  10 
30  -5 
6  31 
15  9 
12  13 
5  -38 
9  83 
-21  35 
0  -6 
0  -3 
10  3 
1  32 
5  16 
3  -27 
2  55 
14  8 
5  13 
-16  55 
-20  -2 
5  3 
53  -24 
13  23 
-36  31 
-4  39 
-5  5 
36  9 
44  2 
25  -12 
5  50 
43  45 
8  41 
-27  19 
13  8 
34  19 
-7  24 
60  50 
18  27 
20  51 
-10  27 
41  47 
32  24 
14  43 
41  -41 
69  -3 
21  46 
-4  -23 
32  -12 
-18  66 
-17  22 
25  1 
-19  25 
7  27 
-25  23 
-19  50 
-11  1 
-6  7 
33  18 
29  8 
48  9 
85  -1 
12  -5 
-6  -14 
30  45 
14  25 
52  -15 
-5  -2 
6  -26 
12  26 
-16  61 
24  8 
5  15 
45  18 
37  -7 
-2  53 
-3  41 
24  19 
26  33 
-13  20 
41  86 
-6  37 
12  26 
-15  29 
17  -11 
10  6 
33  23 
13  -1 
-31  32 
31  4 
37  15 
-37  23 
24  4 
42  -8 
2  11 
65  28 
31  -38 
8  11 
18  -20 
-35  55 
-7  42 
-32  49 
4  32 
-4  33 
29  14 
-13  -24 
16  -9 
28  -1 
-10  -20 
56  -24 
-48  -18 
22  -16 
17  -1 
-3  16 
-3  10 
27  -3 
5  33 
16  8 
15  15 
4  -39 
8  78 
-20  33 
1  -10 
-2  -1 
10  10 
5  30 
6  14 
3  -27 
4  55 
19  9 
1  12 
-18  55 
-21  -4 
6  4 
53  -24 
13  20 
-34  30 
-4  41 
-7  4 
35  8 
42  -1 
27  -14 
11  47 
39  42 
9  40 
-24  17 
12  8 
35  17 
-5  27 
61  51 
18  27 
19  50 
-9  28 
41  47 
36  22 
11  37 
41  -41 
70  -3 
26  42 
-8  -27 
30  -9 
-17  66 
-18  18 
25  1 
-17  25 
7  30 
-26  24 
-20  51 
-11  1 
-3  8 
32  20 
31  11 
46  12 
82  1 
10  -5 
-6  -11 
34  45 
15  23 
50  -13 
-7  -2 
6  -24 
13  28 
-17  62 
24  8 
-1  18 
45  16 
38  -6 
-2  53 
-1  40 
23  23 
24  32 
-17  19 
42  91 
-11  43 
12  24 
-13  26 
15  -15 
9  4 
34  24 
13  0 
-31  32 
37  1 
37  16 
-39  18 
23  2 
46  -12 
2  6 
62  24 
31  -38 
9  8 
14  -19 
-35  53 
-6  40 
-32  51 
0  31 
-8  29 
31  13 
-12  -26 
15  -10 
28  1 
-9  -20 
57  -27 
-48  -23 
21  -12 
17  -1 
-7  18 
-1  8 
25  -5 
4  31 
19  5 
13  19 
5  -39 
11  81 
-20  32 
2  -10 
-4  -4 
9  13 
5  30 
4  15 
3  -27 
5  57 
19  9 
1  10 
-17  55 
-18  -5 
10  3 
50  -23 
11  18 
-34  31 
-4  37 
-6  5 
36  5 
41  -1 
27  -17 
13  46 
38  42 
8  39 
-25  17 
11  6 
36  23 
-6  26 
64  48 
17  30 
24  54 
-8  33 
48  45 
33  23 
16  33 
44  -41 
74  -4 
25  42 
-5  -32 
36  -9 
-17  64 
-22  20 
29  1 
-18  28 
6  32 
-26  19 
-19  52 
-12  -4 
-6  8 
32  22 
31  12 
46  10 
81  5 
9  -3 
-5  -13 
27  50 
13  28 
52  -14 
-7  -4 
7  -24 
15  29 
-16  61 
23  9 
-1  16 
46  14 
42  -14 
-3  53 
-1  40 
25  22 
24  29 
-16  19 
40  92 
-13  40 
12  24 
-13  26 
15  -17 
8  7 
34  21 
12  -2 
-29  34 
36  1 
37  16 
-35  18 
19  7 
43  -12 
3  7 
69  28 
31  -39 
12  13 
14  -14 
-36  53 
-3  39 
-32  51 
2  31 
-8  29 
31  10 
-16  -32 
10  -10 
30  -3 
-9  -21 
56  -27 
-50  -24 
21  -13 
18  0 
-3  18 
-1  8 
25  -5 
7  35 
18  7 
12  17 
6  -38 
11  80 
-21  33 
0  -9 
-8  -4 
8  9 
6  32 
5  17 
3  -27 
3  62 
21  10 
3  11 
-15  56 
-16  -4 
7  3 
47  -22 
5  21 
-33  30 
-4  36 
-7  5 
37  4 
39  -4 
22  -16 
12  48 
37  41 
8  41 
-28  19 
10  7 
32  26 
-10  23 
66  48 
17  30 
22  55 
-5  37 
45  50 
36  22 
16  32 
44  -45 
78  -7 
23  46 
-5  -32 
36  -9 
-19  68 
-19  19 
24  1 
-18  21 
5  33 
-26  20 
-21  52 
-12  0 
-7  8 
31  22 
33  13 
47  5 
82  7 
9  -3 
-7  -17 
29  52 
15  27 
49  -19 
-5  -6 
7  -24 
15  29 
-15  63 
24  11 
-1  15 
52  15 
39  -18 
-5  55 
0  38 
27  21 
19  33 
-14  22 
39  97 
-18  41 
11  28 
-13  28 
15  -17 
11  10 
31  20 
6  -4 
-26  35 
34  4 
37  15 
-35  15 
18  2 
44  -8 
3  5 
72  26 
25  -39 
9  17 
11  -18 
-37  53 
-1  38 
-30  52 
1  28 
-9  32 
31  7 
-16  -32 
14  -7 
32  -3 
-10  -19 
56  -27 
-50  -30 
21  -16 
21  6 
-4  16 
-1  9 
25  -3 
6  33 
19  8 
15  22 
4  -39 
12  84 
-18  27 
-1  -10 
-5  -2 
3  7 
6  28 
9  15 
6  -26 
4  63 
17  13 
3  10 
-11  61 
-18  -5 
10  7 
49  -18 
3  21 
-34  32 
-3  36 
-7  6 
37  4 
42  -4 
24  -15 
15  46 
36  43 
8  39 
-26  19 
9  6 
26  27 
-10  24 
68  45 
16  31 
21  59 
-1  41 
47  52 
32  22 
18  33 
43  -44 
80  -10 
21  47 
-6  -32 
37  -10 
-17  66 
-16  20 
22  -1 
-16  19 
5  32 
-24  17 
-19  51 
-12  1 
-5  9 
31  21 
36  7 
53  4 
82  6 
13  -1 
-6  -14 
28  51 
16  26 
49  -20 
-7  -2 
4  -22 
17  28 
-15  63 
22  11 
-1  16 
49  17 
37  -22 
-3  53 
6  34 
30  23 
18  33 
-15  23 
42  99 
-21  42 
13  26 
-15  30 
15  -17 
11  6 
31  22 
3  -5 
-31  32 
34  5 
36  16 
-34  15 
14  6 
44  -11 
2  4 
74  23 
21  -33 
10  17 
14  -16 
-38  55 
-3  35 
-31  54 
2  26 
-14  30 
29  4 
-13  -32 
10  -9 
34  0 
-9  -16 
56  -28 
-51  -32 
21  -16 
19  8 
-2  14 
-1  9 
21  -1 
4  33 
19  10 
18  20 
-3  -41 
13  84 
-18  30 
2  -9 
-7  -1 
4  7 
1  28 
13  16 
11  -19 
2  61 
17  10 
2  12 
-13  56 
-18  -6 
11  8 
47  -17 
4  21 
-29  31 
-4  37 
-10  4 
35  5 
42  -4 
27  -13 
22  47 
36  42 
9  40 
-23  22 
10  6 
25  28 
-12  23 
66  48 
16  31 
26  60 
-3  41 
47  50 
35  27 
21  32 
39  -44 
80  -9 
22  48 
-5  -31 
40  -10 
-17  65 
-12  19 
26  1 
-17  18 
3  33 
-25  18 
-20  56 
-14  2 
-5  12 
33  22 
40  14 
59  6 
84  8 
11  -2 
-9  -8 
24  52 
14  29 
45  -23 
-7  -7 
4  -21 
14  28 
-15  59 
21  10 
-1  15 
49  19 
38  -20 
0  51 
7  36 
33  22 
18  32 
-14  22 
42  99 
-21  36 
10  27 
-12  29 
15  -19 
11  8 
30  25 
3  -5 
-32  31 
33  4 
35  18 
-37  16 
15  3 
40  -7 
2  4 
77  24 
21  -38 
14  20 
13  -17 
-38  55 
-4  36 
-34  52 
5  23 
-17  26 
29  6 
-13  -33 
10  -9 
36  2 
-9  -16 
58  -27 
-51  -32 
19  -19 
19  8 
-4  12 
-1  2 
21  -1 
3  33 
19  5 
19  20 
-1  -41 
14  86 
-13  30 
6  -10 
-6  -2 
1  8 
0  27 
16  13 
9  -20 
1  65 
13  8 
-1  9 
-14  54 
-19  -10 
12  8 
52  -18 
7  21 
-29  41 
-3  35 
-13  5 
31  7 
44  -1 
30  -10 
22  46 
32  44 
9  41 
-22  23 
13  6 
27  28 
-10  23 
66  47 
16  31 
28  61 
-2  42 
47  52 
35  30 
19  30 
40  -42 
84  -9 
22  47 
-3  -30 
43  -9 
-17  67 
-12  18 
23  2 
-16  18 
3  30 
-25  12 
-18  58 
-16  -5 
-2  14 
34  25 
37  13 
62  5 
85  8 
17  1 
-9  -10 
24  52 
16  27 
45  -22 
-7  -7 
10  -23 
15  29 
-13  60 
21  11 
2  16 
46  20 
38  -20 
0  52 
6  36 
37  21 
17  30 
-15  22 
37  100 
-20  35 
11  25 
-16  28 
12  -21 
15  9 
33  32 
7  -4 
-32  31 
36  3 
36  21 
-37  17 
16  2 
36  -9 
3  5 
77  24 
23  -34 
9  16 
13  -17 
-34  55 
-7  40 
-33  50 
5  23 
-16  22 
30  7 
-14  -32 
15  -13 
32  4 
-10  -17 
59  -27 
-51  -32 
20  -20 
19  8 
-2  14 
2  0 
22  -2 
5  33 
21  7 
24  21 
-3  -41 
13  84 
-18  30 
7  -12 
-5  -6 
1  8 
1  24 
13  13 
8  -19 
4  64 
14  9 
-1  10 
-15  50 
-19  -10 
15  8 
51  -14 
5  20 
-28  38 
-4  36 
-11  2 
35  5 
48  -1 
30  -10 
23  42 
35  43 
12  42 
-26  25 
13  6 
25  28 
-11  23 
66  46 
15  32 
29  57 
1  42 
44  52 
34  28 
20  31 
40  -42 
84  -9 
22  48 
-3  -31 
40  -7 
-18  66 
-14  14 
21  -1 
-17  15 
3  29 
-23  13 
-18  59 
-18  -9 
0  14 
34  26 
36  12 
63  7 
80  10 
19  2 
-7  -12 
25  54 
18  27 
44  -21 
-8  -7 
5  -25 
16  28 
-11  60 
19  7 
-1  11 
49  21 
38  -20 
4  52 
6  40 
39  20 
14  29 
-16  19 
35  95 
-21  37 
9  26 
-17  27 
17  -24 
13  8 
30  30 
6  -4 
-33  27 
34  0 
36  17 
-35  13 
15  -3 
37  -8 
2  8 
77  24 
23  -35 
6  14 
11  -16 
-40  60 
-9  41 
-29  52 
0  22 
-14  22 
31  7 
-15  -30 
14  -14 
29  4 
-10  -17 
59  -24 
-51  -30 
18  -21 
19  6 
-3  13 
4  -2 
27  0 
5  35 
21  6 
23  22 
-4  -44 
12  77 
-19  30 
7  -14 
-7  -1 
2  5 
1  24 
14  13 
8  -21 
1  67 
15  7 
-1  8 
-16  55 
-16  -11 
14  2 
51  -14 
4  22 
-29  40 
-5  38 
-10  5 
39  2 
48  -2 
27  -10 
23  46 
34  44 
11  37 
-28  26 
12  4 
27  28 
-12  21 
67  45 
15  33 
29  57 
-2  42 
41  52 
34  28 
19  32 
37  -42 
86  -12 
25  48 
-9  -38 
38  -7 
-18  70 
-14  15 
22  -2 
-13  16 
0  34 
-22  12 
-17  57 
-21  -11 
2  16 
41  25 
36  13 
65  5 
79  7 
17  1 
-9  -12 
23  53 
17  30 
39  -22 
-10  -13 
2  -25 
15  29 
-11  59 
21  8 
2  11 
49  19 
37  -19 
4  52 
5  43 
42  19 
14  29 
-17  15 
35  98 
-16  38 
7  27 
-16  28 
16  -24 
14  8 
31  27 
11  -10 
-36  25 
35  3 
35  17 
-31  8 
15  -4 
33  -4 
0  11 
73  23 
22  -34 
9  12 
13  -16 
-40  63 
-11  41 
-38  50 
1  16 
-15  22 
31  0 
-19  -29 
16  -18 
29  3 
-13  -15 
60  -22 
-44  -28 
20  -24 
19  8 
-2  13 
9  0 
25  -4 
7  36 
21  5 
24  24 
-6  -43 
9  77 
-18  36 
7  -14 
-8  -3 
6  8 
-1  22 
14  16 
7  -20 
5  68 
17  9 
1  8 
-15  61 
-18  -12 
14  3 
50  -13 
-1  20 
-31  44 
-7  39 
-6  4 
42  0 
45  -5 
28  -9 
22  47 
35  40 
10  37 
-28  26 
14  -2 
27  29 
-14  22 
72  44 
16  33 
30  56 
-2  42 
35  47 
35  29 
17  33 
37  -41 
91  -15 
27  48 
-5  -39 
42  -9 
-19  70 
-15  13 
22  1 
-16  16 
-1  36 
-23  15 
-15  58 
-21  -11 
1  19 
46  26 
36  11 
63  3 
75  8 
16  1 
-7  -12 
23  53 
17  30 
40  -28 
-3  -16 
2  -26 
14  33 
-9  61 
21  2 
3  9 
51  22 
38  -20 
5  53 
4  43 
45  17 
16  26 
-14  15 
34  101 
-15  42 
6  25 
-18  32 
15  -22 
10  7 
28  31 
7  -16 
-41  22 
36  1 
33  16 
-33  10 
15  -5 
37  -4 
2  9 
73  24 
25  -35 
9  8 
14  -18 
-41  67 
-16  40 
-39  48 
-1  15 
-16  24 
34  0 
-17  -29 
22  -16 
33  5 
-12  -17 
62  -21 
-39  -28 
16  -24 
19  8 
-2  14 
8  1 
22  -5 
11  40 
15  3 
23  26 
-6  -41 
9  77 
-13  34 
9  -6 
-13  0 
8  5 
-5  27 
15  14 
4  -22 
5  68 
19  10 
1  4 
-13  56 
-21  -11 
12  2 
49  -16 
-2  23 
-33  43 
-7  39 
-5  10 
44  1 
49  0 
34  -12 
21  45 
39  41 
10  37 
-23  21 
12  -3 
25  30 
-15  21 
71  44 
16  31 
30  51 
-5  45 
32  44 
35  29 
17  32 
37  -41 
92  -14 
26  50 
-6  -36 
44  -12 
-19  70 
-9  11 
21  -1 
-15  15 
-1  37 
-25  17 
-14  60 
-20  -9 
0  17 
43  25 
36  13 
65  3 
71  15 
16  2 
-10  -15 
24  52 
17  30 
37  -27 
-3  -16 
2  -24 
12  33 
-11  59 
22  0 
2  6 
51  21 
41  -18 
5  53 
3  45 
44  18 
12  26 
-15  18 
33  99 
-16  41 
6  30 
-21  32 
9  -20 
9  6 
27  32 
13  -12 
-42  16 
31  2 
33  16 
-37  7 
15  -5 
36  -3 
7  5 
75  21 
27  -32 
10  11 
17  -18 
-37  64 
-17  41 
-38  47 
0  17 
-10  27 
35  -3 
-14  -29 
22  -14 
35  8 
-12  -22 
63  -21 
-40  -28 
17  -21 
21  7 
-4  16 
7  0 
23  -3 
11  40 
14  4 
19  25 
-10  -36 
8  71 
-14  35 
5  -5 
-16  -1 
6  8 
-10  25 
9  17 
4  -18 
7  70 
18  13 
3  6 
-14  54 
-21  -12 
7  -6 
50  -17 
-1  22 
-32  40 
-8  37 
-9  7 
46  0 
49  1 
35  -13 
19  47 
39  36 
10  34 
-24  21 
10  -3 
27  26 
-12  21 
79  46 
16  31 
22  55 
-7  44 
35  43 
35  29 
18  32 
39  -42 
94  -11 
25  50 
-8  -36 
41  -10 
-21  70 
-11  8 
19  0 
-15  17 
1  39 
-26  20 
-17  62 
-20  -9 
1  18 
45  23 
35  13 
66  2 
76  13 
17  1 
-11  -17 
23  53 
14  28 
37  -29 
-3  -16 
6  -24 
14  33 
-6  59 
22  -1 
4  7 
51  15 
37  -21 
6  52 
9  48 
48  21 
10  25 
-13  14 
34  103 
-17  45 
7  30 
-21  29 
10  -19 
13  7 
27  28 
12  -11 
-43  16 
32  6 
33  24 
-34  10 
14  -5 
36  1 
7  6 
77  21 
26  -32 
10  11 
19  -18 
-34  62 
-17  42 
-35  48 
1  19 
-10  27 
33  0 
-15  -27 
21  -12 
35  10 
-16  -18 
60  -20 
-43  -27 
16  -18 
20  2 
-4  16 
5  1 
18  -1 
13  39 
9  4 
21  27 
-9  -39 
3  71 
-13  32 
2  -4 
-20  -7 
7  5 
-1  26 
9  17 
4  -19 
9  70 
15  15 
2  6 
-14  54 
-21  -12 
13  -8 
47  -20 
3  26 
-32  34 
-11  36 
-7  8 
45  3 
49  0 
31  -13 
19  47 
39  36 
9  39 
-27  23 
14  -1 
29  26 
-9  20 
78  47 
15  38 
22  54 
-6  41 
32  45 
34  29 
18  34 
40  -44 
94  -12 
25  50 
-8  -36 
43  -10 
-19  70 
-10  8 
17  -2 
-12  19 
-2  37 
-25  23 
-17  64 
-18  -9 
0  11 
45  18 
35  17 
63  3 
75  9 
11  2 
-10  -17 
23  53 
15  27 
37  -30 
-3  -16 
5  -25 
9  33 
-6  57 
21  -2 
7  7 
48  20 
37  -19 
5  50 
8  48 
46  26 
7  26 
-13  15 
30  107 
-21  46 
8  29 
-20  31 
8  -19 
15  9 
22  26 
13  -9 
-43  16 
33  2 
36  26 
-33  7 
15  -3 
36  1 
5  8 
80  23 
23  -33 
11  11 
20  -18 
-35  57 
-15  42 
-38  47 
3  19 
-12  31 
33  -1 
-18  -30 
23  -14 
35  10 
-15  -17 
59  -24 
-45  -22 
16  -18 
23  5 
-5  14 
7  1 
18  2 
11  38 
12  4 
22  28 
-7  -37 
4  72 
-10  31 
2  -4 
-15  -7 
6  8 
1  27 
10  12 
2  -25 
9  72 
16  11 
-2  12 
-15  55 
-21  -10 
13  -8 
44  -20 
1  26 
-31  34 
-16  35 
-11  6 
45  1 
47  -4 
32  -14 
19  47 
39  35 
11  40 
-31  24 
14  0 
29  28 
-9  21 
79  48 
17  39 
22  54 
-7  44 
38  45 
34  28 
14  33 
44  -42 
93  -14 
26  51 
-10  -34 
36  -7 
-19  72 
-6  4 
18  0 
-11  17 
8  38 
-26  22 
-19  65 
-22  -7 
3  13 
44  21 
35  21 
62  0 
74  9 
13  0 
-13  -20 
25  52 
17  30 
39  -31 
-3  -15 
6  -26 
6  30 
-8  62 
19  -8 
2  4 
43  17 
34  -15 
6  51 
9  48 
47  26 
9  21 
-12  21 
30  110 
-21  48 
10  27 
-19  31 
7  -20 
11  7 
26  22 
16  -12 
-43  15 
39  7 
32  25 
-39  7 
16  -2 
34  4 
7  10 
80  22 
23  -36 
11  12 
21  -21 
-38  55 
-13  41 
-40  47 
5  15 
-12  31 
34  3 
-21  -28 
21  -14 
33  8 
-16  -22 
59  -24 
-47  -22 
17  -17 
27  5 
-3  10 
2  -2 
14  2 
16  37 
11  4 
22  26 
-6  -34 
2  70 
-10  26 
1  -3 
-14  -10 
5  8 
2  32 
15  9 
2  -26 
8  79 
16  13 
-1  15 
-15  61 
-18  -9 
12  -7 
36  -20 
1  28 
-31  34 
-16  32 
-10  3 
44  1 
45  -2 
31  -14 
15  47 
37  38 
9  37 
-30  15 
15  -3 
30  32 
-9  21 
79  49 
17  41 
23  53 
-8  44 
36  47 
34  29 
7  29 
46  -44 
97  -16 
24  55 
-9  -30 
34  -7 
-19  72 
-7  4 
23  1 
-9  17 
5  39 
-24  22 
-21  62 
-25  -5 
5  13 
47  23 
32  19 
62  -4 
72  8 
12  2 
-15  -17 
27  48 
20  36 
39  -30 
-9  -12 
6  -28 
4  31 
-11  64 
17  -7 
3  7 
40  16 
38  -13 
6  52 
9  48 
41  25 
7  18 
-11  20 
28  110 
-21  49 
11  27 
-20  31 
9  -16 
7  10 
28  19 
16  -12 
-44  16 
39  7 
34  26 
-41  0 
13  -1 
32  4 
6  10 
83  22 
21  -36 
12  13 
22  -21 
-39  58 
-16  41 
-41  50 
2  16 
-12  31 
36  1 
-22  -27 
21  -13 
32  8 
-16  -21 
59  -24 
-43  -18 
18  -18 
27  5 
-5  12 
3  5 
13  4 
15  38 
10  3 
22  31 
-3  -35 
-4  71 
-8  29 
-1  -3 
-19  -4 
6  8 
3  26 
15  9 
2  -25 
7  77 
17  13 
0  18 
-12  61 
-18  -10 
11  1 
38  -17 
1  28 
-30  30 
-15  33 
-11  3 
45  3 
45  -5 
30  -13 
15  47 
38  40 
4  38 
-36  12 
16  -3 
31  30 
-8  22 
81  50 
25  41 
24  53 
-4  43 
34  38 
35  28 
8  33 
47  -44 
97  -16 
26  55 
-12  -26 
35  -10 
-19  71 
-2  5 
26  2 
-11  17 
-1  42 
-23  19 
-18  68 
-24  -8 
3  13 
49  21 
31  20 
59  -5 
69  6 
13  3 
-13  -14 
27  47 
22  47 
40  -27 
-7  -12 
5  -30 
4  28 
-12  62 
21  -8 
3  10 
40  16 
39  -13 
7  50 
14  48 
37  21 
8  18 
-12  19 
27  109 
-22  47 
12  30 
-20  31 
15  -13 
5  8 
26  21 
19  -12 
-43  16 
39  6 
37  24 
-40  -5 
13  -1 
31  10 
9  10 
85  22 
26  -38 
10  11 
23  -21 
-35  61 
-11  40 
-41  50 
-1  22 
-8  26 
36  5 
-22  -28 
22  -13 
31  7 
-17  -23 
62  -21 
-42  -20 
13  -24 
29  3 
-5  9 
4  8 
14  5 
15  35 
10  1 
22  30 
-6  -34 
-2  73 
-6  37 
2  -4 
-21  -4 
10  5 
10  26 
17  9 
4  -24 
7  80 
17  13 
-2  19 
-15  60 
-18  -14 
15  1 
38  -17 
2  32 
-31  32 
-15  33 
-12  2 
44  1 
45  -3 
32  -12 
14  44 
37  38 
4  39 
-36  7 
14  -2 
31  32 
-7  23 
83  50 
25  43 
24  53 
-4  42 
32  38 
30  27 
11  31 
46  -45 
95  -17 
26  54 
-13  -32 
32  -7 
-21  75 
-4  6 
23  6 
-9  21 
0  38 
-23  19 
-17  71 
-21  -8 
3  13 
48  21 
31  22 
59  -7 
72  4 
14  0 
-19  -12 
26  48 
21  44 
41  -30 
-5  -12 
7  -28 
6  27 
-6  59 
22  -9 
6  9 
44  18 
44  -11 
5  50 
17  49 
38  20 
9  17 
-14  20 
26  108 
-18  44 
13  32 
-18  31 
16  -7 
-1  5 
28  23 
19  -13 
-43  16 
38  3 
39  22 
-40  -10 
13  3 
28  9 
8  11 
91  20 
24  -38 
10  8 
24  -19 
-34  62 
-9  37 
-41  50 
-3  21 
-8  26 
32  2 
-25  -26 
22  -15 
31  8 
-21  -24 
60  -24 
-38  -21 
13  -24 
29  4 
-11  8 
-1  11 
15  9 
15  38 
13  0 
26  31 
-6  -36 
-1  72 
-4  39 
2  -4 
-15  -4 
10  1 
10  27 
19  8 
10  -23 
8  81 
15  15 
2  21 
-13  65 
-20  -9 
16  -4 
35  -17 
1  32 
-30  36 
-16  32 
-10  3 
45  3 
45  -2 
34  -6 
17  50 
33  42 
5  39 
-37  5 
12  -1 
27  29 
-5  22 
83  50 
25  42 
28  54 
-6  40 
27  36 
30  26 
9  32 
45  -43 
96  -15 
30  51 
-14  -34 
32  -7 
-21  75 
2  6 
21  2 
-9  23 
3  38 
-23  19 
-14  69 
-19  -7 
5  13 
45  20 
34  19 
58  -7 
74  6 
16  1 
-16  -12 
25  48 
23  46 
41  -33 
-4  -12 
7  -28 
6  27 
-9  61 
21  -10 
3  13 
45  23 
40  -9 
5  48 
17  50 
35  18 
9  15 
-16  24 
23  107 
-18  45 
14  32 
-16  32 
16  -9 
0  6 
25  22 
20  -17 
-41  16 
39  2 
37  21 
-38  -10 
16  2 
27  10 
6  12 
88  20 
23  -38 
11  1 
25  -19 
-33  61 
-12  33 
-42  54 
-3  19 
-6  28 
31  2 
-23  -22 
21  -12 
27  7 
-20  -22 
61  -24 
-39  -21 
16  -24 
30  3 
-9  12 
2  11 
15  10 
12  39 
14  -1 
26  31 
-7  -36 
-2  73 
-9  40 
0  -4 
-18  -4 
8  -2 
11  27 
20  7 
11  -22 
5  76 
16  12 
3  21 
-11  64 
-21  -5 
12  -5 
33  -17 
0  32 
-28  38 
-15  30 
-7  6 
44  1 
45  -5 
35  -8 
15  49 
39  45 
4  39 
-37  6 
18  0 
27  28 
-6  22 
84  55 
28  41 
25  52 
-8  36 
28  39 
32  26 
9  32 
46  -46 
97  -16 
32  50 
-13  -34 
32  -7 
-19  70 
2  4 
20  5 
-4  26 
1  42 
-18  19 
-14  70 
-15  -3 
2  12 
45  18 
34  20 
57  -7 
76  5 
15  3 
-19  -13 
23  51 
24  48 
42  -34 
-10  -12 
9  -32 
8  31 
-11  61 
19  -10 
3  13 
43  23 
40  -8 
7  45 
16  48 
37  15 
10  10 
-18  30 
22  104 
-17  45 
14  34 
-17  31 
15  -5 
4  8 
24  22 
19  -15 
-39  18 
38  3 
29  24 
-41  -11 
19  6 
26  10 
4  11 
84  21 
25  -38 
11  -1 
24  -20 
-30  62 
-12  34 
-40  51 
4  18 
-5  32 
31  2 
-24  -18 
26  -14 
27  8 
-21  -21 
58  -23 
-35  -19 
13  -19 
34  4 
-15  18 
2  11 
12  13 
13  36 
14  1 
27  30 
-2  -35 
-1  72 
-9  41 
0  -7 
-14  -5 
9  -3 
10  27 
19  7 
8  -27 
6  76 
17  13 
-1  22 
-9  60 
-21  -5 
11  -5 
33  -16 
1  30 
-23  39 
-12  23 
-5  3 
41  -1 
47  -4 
38  -7 
11  48 
35  46 
4  45 
-35  8 
24  -1 
29  26 
-6  26 
87  57 
28  41 
30  51 
-7  39 
29  39 
32  26 
8  39 
46  -46 
97  -19 
34  48 
-13  -33 
32  -11 
-21  68 
2  7 
15  7 
-3  24 
0  42 
-19  16 
-14  72 
-17  -3 
5  13 
46  19 
33  23 
58  -6 
76  5 
15  5 
-20  -17 
24  52 
21  47 
46  -32 
-9  -13 
10  -37 
16  33 
-13  58 
17  -10 
3  13 
46  20 
42  -12 
8  46 
15  49 
35  17 
9  10 
-20  33 
25  101 
-18  47 
17  36 
-17  26 
14  -6 
1  5 
25  20 
19  -12 
-38  19 
34  4 
29  24 
-41  -9 
21  8 
26  10 
10  3 
83  22 
25  -37 
11  -1 
24  -22 
-31  60 
-11  34 
-39  51 
-1  18 
-6  33 
31  2 
-24  -18 
27  -14 
26  9 
-20  -23 
59  -25 
-37  -17 
7  -28 
27  10 
-15  13 
4  11 
9  12 
13  36 
14  0 
29  28 
3  -35 
3  71 
-8  42 
-1  -4 
-14  -6 
14  -4 
10  25 
24  12 
6  -29 
5  79 
16  13 
1  27 
-4  61 
-20  -9 
11  -8 
31  -19 
-1  22 
-26  39 
-13  23 
-11  1 
37  -1 
43  -3 
37  -8 
13  48 
30  44 
7  48 
-37  9 
27  0 
30  27 
-6  26 
84  59 
30  42 
31  53 
-5  43 
25  42 
32  26 
7  37 
42  -45 
92  -16 
34  49 
-15  -32 
30  -9 
-18  70 
2  6 
17  4 
-5  26 
-3  41 
-20  16 
-12  72 
-18  -4 
7  16 
48  21 
33  23 
60  -6 
79  9 
13  4 
-19  -21 
23  50 
21  44 
46  -32 
-6  -12 
11  -33 
16  31 
-15  57 
17  -10 
2  11 
45  21 
41  -13 
14  46 
11  50 
31  18 
9  8 
-21  36 
23  103 
-19  48 
16  38 
-19  25 
13  -1 
3  10 
31  21 
16  -13 
-36  19 
33  3 
29  24 
-42  -14 
19  9 
25  10 
7  3 
84  22 
26  -38 
9  -4 
25  -18 
-31  60 
-8  35 
-40  50 
-2  20 
-7  32 
29  3 
-26  -16 
26  -13 
31  7 
-25  -17 
60  -24 
-35  -15 
8  -29 
27  10 
-16  12 
5  8 
11  11 
13  40 
14  2 
34  23 
2  -34 
4  73 
-10  47 
2  -5 
-15  -3 
13  -4 
11  24 
23  13 
5  -27 
3  81 
16  11 
2  24 
-5  65 
-23  -7 
9  -8 
31  -18 
-1  20 
-23  41 
-16  28 
-12  1 
37  -1 
47  -6 
36  -7 
14  48 
30  46 
10  49 
-39  10 
28  3 
28  29 
-7  28 
84  58 
32  42 
31  53 
-2  42 
20  38 
32  26 
5  38 
42  -46 
96  -12 
33  45 
-16  -31 
32  -7 
-20  74 
2  10 
17  4 
-5  27 
-1  41 
-22  13 
-9  80 
-17  -3 
3  15 
47  20 
33  26 
60  -7 
77  10 
9  9 
-18  -21 
27  46 
23  45 
44  -35 
-6  -11 
12  -31 
15  29 
-15  55 
19  -12 
1  11 
51  21 
43  -14 
13  46 
8  51 
27  16 
10  5 
-18  36 
24  102 
-18  44 
17  36 
-17  25 
19  -2 
1  8 
28  19 
15  -13 
-37  18 
33  -4 
26  26 
-41  -13 
21  11 
25  10 
9  4 
87  26 
25  -40 
9  0 
25  -17 
-34  62 
-4  36 
-41  50 
-2  19 
-6  35 
30  3 
-24  -17 
30  -16 
32  2 
-21  -18 
64  -25 
-30  -14 
11  -30 
30  10 
-15  8 
7  8 
11  13 
15  41 
13  -1 
36  22 
1  -33 
2  71 
-10  47 
5  -4 
-16  -2 
11  -2 
13  28 
23  13 
4  -28 
3  82 
20  11 
3  27 
-6  64 
-23  -7 
15  -3 
27  -20 
-2  20 
-21  35 
-13  27 
-12  1 
37  -1 
45  -5 
36  -7 
14  53 
31  46 
11  47 
-37  8 
28  -2 
32  28 
-6  28 
85  61 
31  40 
28  49 
0  38 
21  39 
37  25 
5  38 
44  -49 
95  -11 
37  41 
-14  -32 
32  -7 
-21  76 
3  11 
17  4 
-6  26 
-2  42 
-27  14 
-5  78 
-15  -1 
5  17 
46  19 
38  29 
60  -10 
76  8 
12  9 
-20  -24 
33  44 
21  42 
44  -39 
-6  -11 
11  -32 
15  30 
-14  54 
22  -13 
-4  11 
56  21 
47  -14 
10  47 
6  50 
26  16 
12  4 
-17  37 
25  101 
-18  48 
17  36 
-18  26 
17  1 
5  8 
32  22 
15  -13 
-39  19 
36  -8 
24  24 
-44  -7 
22  11 
28  9 
15  1 
87  28 
23  -37 
11  2 
25  -22 
-35  62 
-3  38 
-41  47 
-2  20 
-12  41 
30  5 
-25  -17 
33  -16 
34  0 
-21  -18 
67  -24 
-33  -15 
9  -28 
33  13 
-16  8 
6  14 
12  8 
17  39 
13  -1 
31  20 
2  -33 
0  72 
-9  46 
4  -7 
-18  -1 
13  -2 
11  28 
23  13 
5  -27 
2  81 
21  10 
6  32 
-6  64 
-23  -5 
14  -2 
25  -17 
2  16 
-22  34 
-17  25 
-13  0 
36  -4 
42  -5 
37  -7 
17  50 
29  44 
13  42 
-40  14 
31  -1 
30  31 
-7  28 
84  61 
28  40 
23  44 
1  36 
18  39 
33  23 
8  39 
44  -48 
95  -10 
39  40 
-15  -30 
32  -7 
-21  76 
1  11 
17  2 
-8  26 
-4  42 
-22  13 
-9  78 
-18  0 
5  17 
46  22 
40  31 
63  -9 
76  6 
17  12 
-15  -25 
30  43 
22  44 
40  -42 
-6  -12 
9  -32 
15  29 
-13  50 
21  -12 
-4  11 
60  18 
48  -10 
10  45 
4  53 
33  18 
10  4 
-15  35 
26  96 
-14  46 
16  36 
-18  27 
16  1 
7  8 
35  23 
15  -12 
-36  19 
34  -11 
26  27 
-47  -4 
22  10 
29  8 
13  4 
86  30 
22  -42 
11  0 
24  -22 
-37  62 
-6  38 
-41  48 
4  22 
-15  38 
30  6 
-26  -20 
34  -16 
35  1 
-18  -15 
68  -29 
-35  -18 
10  -30 
29  12 
-15  8 
10  17 
12  9 
16  39 
11  2 
31  21 
2  -32 
2  71 
-14  49 
3  -10 
-18  -4 
10  -1 
13  26 
23  13 
4  -28 
-2  83 
20  10 
10  31 
-9  64 
-25  -3 
17  -4 
24  -17 
6  15 
-23  33 
-19  28 
-11  0 
33  -1 
46  -6 
39  -10 
17  49 
29  44 
12  46 
-34  17 
29  1 
31  28 
-5  25 
83  61 
24  41 
21  46 
-1  40 
19  41 
34  28 
7  40 
41  -50 
97  -10 
42  35 
-15  -30 
32  -7 
-19  79 
3  11 
19  2 
-10  27 
-8  42 
-19  11 
-8  75 
-18  0 
9  17 
46  22 
41  32 
66  -12 
73  8 
14  15 
-15  -23 
31  47 
21  47 
38  -40 
-6  -14 
13  -28 
15  29 
-14  53 
24  -12 
-7  13 
59  19 
54  -11 
9  44 
0  52 
34  21 
12  4 
-18  36 
25  93 
-11  42 
13  39 
-18  31 
13  2 
6  7 
37  21 
15  -12 
-36  19 
36  -14 
27  26 
-42  -7 
19  10 
27  10 
14  2 
90  31 
22  -41 
9  1 
28  -20 
-37  63 
-5  35 
-41  47 
4  24 
-16  41 
30  7 
-29  -23 
34  -17 
35  3 
-17  -14 
68  -30 
-35  -17 
10  -24 
35  12 
-16  8 
11  19 
11  8 
13  38 
11  1 
27  21 
5  -32 
0  70 
-13  48 
1  -15 
-21  -4 
14  0 
14  25 
23  13 
6  -30 
1  79 
17  4 
11  33 
-7  63 
-27  -4 
15  -3 
25  -21 
2  15 
-24  31 
-19  27 
-11  0 
33  -7 
45  -4 
39  -12 
11  46 
31  43 
11  44 
-34  22 
26  0 
29  28 
-7  24 
83  62 
25  35 
21  44 
-2  37 
20  42 
35  25 
7  40 
36  -48 
97  -11 
40  36 
-19  -29 
34  -4 
-22  80 
0  11 
19  2 
-10  26 
-9  42 
-21  9 
-10  77 
-18  1 
9  17 
44  18 
38  32 
66  -12 
73  8 
17  13 
-15  -22 
31  47 
22  47 
42  -40 
-6  -14 
16  -27 
15  29 
-16  52 
22  -14 
-6  15 
64  20 
54  -16 
10  43 
0  47 
33  19 
12  4 
-18  35 
25  93 
-13  46 
16  37 
-21  27 
11  1 
9  6 
33  23 
14  -11 
-32  21 
36  -12 
27  27 
-41  -10 
21  11 
26  10 
17  1 
90  32 
20  -41 
9  0 
27  -24 
-39  64 
-4  33 
-40  46 
4  22 
-16  38 
31  4 
-26  -20 
33  -20 
32  6 
-19  -15 
68  -31 
-35  -18 
9  -28 
38  13 
-15  8 
5  16 
11  7 
16  42 
8  -1 
25  21 
5  -31 
2  67 
-13  50 
6  -12 
-20  -2 
17  -4 
11  22 
23  15 
5  -30 
3  82 
16  4 
10  30 
-11  64 
-29  0 
9  -3 
25  -20 
4  16 
-27  32 
-19  28 
-11  -1 
32  -5 
46  -6 
39  -11 
15  45 
29  41 
10  47 
-36  21 
27  0 
29  28 
-3  24 
82  59 
24  35 
23  45 
-1  36 
19  41 
32  22 
10  40 
41  -50 
96  -9 
38  39 
-20  -29 
34  1 
-18  76 
4  12 
18  0 
-9  26 
-13  35 
-22  12 
-9  79 
-19  2 
8  14 
46  22 
40  34 
67  -12 
71  11 
16  12 
-15  -22 
30  46 
28  45 
41  -41 
-5  -17 
17  -27 
15  28 
-17  53 
14  -14 
-6  13 
65  18 
54  -17 
9  42 
2  46 
29  17 
15  7 
-18  35 
23  95 
-11  48 
17  35 
-21  28 
8  1 
7  0 
34  25 
17  -10 
-34  22 
33  -14 
27  27 
-41  -10 
21  11 
26  10 
12  4 
89  32 
17  -41 
8  -1 
24  -25 
-34  67 
-6  29 
-38  47 
3  22 
-16  38 
33  4 
-26  -20 
35  -22 
31  7 
-17  -15 
64  -27 
-34  -19 
5  -30 
37  13 
-16  8 
6  17 
14  8 
16  43 
14  -1 
24  21 
7  -28 
3  66 
-13  46 
7  -12 
-18  0 
14  -5 
7  24 
21  19 
5  -32 
5  83 
15  3 
12  33 
-10  63 
-25  -3 
11  2 
25  -20 
10  17 
-29  37 
-19  28 
-11  1 
34  -2 
48  -6 
39  -15 
17  44 
26  40 
7  45 
-38  19 
27  1 
26  28 
-6  26 
82  58 
23  37 
21  47 
2  36 
22  41 
32  22 
13  39 
44  -51 
96  -9 
39  42 
-17  -27 
37  0 
-23  78 
2  11 
25  -3 
-9  24 
-13  36 
-24  12 
-8  77 
-22  2 
6  14 
45  22 
38  32 
71  -14 
71  8 
12  18 
-15  -26 
32  46 
30  44 
41  -44 
-4  -18 
15  -28 
16  28 
-17  50 
13  -12 
-5  9 
64  19 
53  -17 
5  43 
3  47 
26  20 
15  7 
-21  33 
27  98 
-10  48 
18  34 
-21  27 
9  4 
5  1 
36  23 
16  -8 
-32  21 
33  -14 
26  28 
-41  -10 
19  9 
27  10 
12  4 
85  35 
18  -38 
9  0 
28  -20 
-33  65 
-3  29 
-36  48 
2  20 
-17  39 
32  2 
-26  -19 
33  -24 
33  8 
-15  -18 
61  -33 
-34  -18 
5  -30 
38  13 
-20  10 
5  17 
15  9 
14  42 
14  -1 
23  22 
4  -28 
9  63 
-13  48 
1  -9 
-18  -4 
13  -1 
10  27 
22  19 
6  -33 
4  81 
15  3 
15  32 
-10  65 
-25  -3 
12  -1 
25  -22 
5  12 
-32  34 
-17  26 
-11  1 
31  -7 
49  -8 
39  -14 
17  44 
22  46 
10  44 
-37  25 
26  1 
25  28 
-5  26 
81  59 
22  34 
24  49 
0  38 
21  40 
31  21 
10  36 
48  -49 
96  -9 
36  42 
-17  -27 
34  4 
-23  78 
3  15 
24  -2 
-7  24 
-13  37 
-23  13 
-9  78 
-21  1 
9  13 
51  24 
37  30 
71  -13 
72  9 
10  17 
-14  -24 
34  45 
31  40 
40  -49 
-6  -20 
16  -27 
14  29 
-15  53 
15  -12 
-4  9 
63  19 
54  -15 
6  42 
4  53 
28  18 
15  9 
-19  31 
29  101 
-11  48 
18  33 
-24  26 
12  4 
8  1 
36  22 
17  -7 
-36  20 
34  -11 
27  28 
-41  -10 
19  8 
29  12 
13  4 
85  36 
14  -37 
11  0 
29  -20 
-34  68 
-1  29 
-39  48 
4  21 
-20  42 
34  2 
-23  -19 
31  -28 
31  7 
-12  -20 
61  -33 
-37  -18 
6  -28 
39  12 
-20  14 
7  17 
14  8 
15  43 
15  -3 
22  24 
5  -27 
11  64 
-14  50 
4  -12 
-21  -4 
15  -2 
12  28 
25  21 
7  -33 
7  81 
14  0 
16  33 
-12  63 
-24  -8 
10  0 
25  -23 
5  10 
-32  32 
-17  26 
-15  -1 
27  -10 
50  -10 
39  -13 
23  47 
22  47 
10  41 
-38  26 
27  0 
25  28 
-6  26 
81  59 
22  36 
23  45 
2  39 
19  42 
30  22 
11  39 
47  -46 
96  -9 
34  44 
-21  -27 
37  4 
-20  84 
5  15 
24  -1 
-5  25 
-13  36 
-28  13 
-9  77 
-22  0 
10  12 
50  23 
37  30 
70  -13 
73  8 
11  13 
-12  -29 
27  46 
31  41 
43  -47 
-7  -24 
21  -30 
13  26 
-17  50 
15  -14 
-6  7 
65  16 
54  -17 
5  43 
4  52 
29  20 
15  9 
-16  28 
31  100 
-10  47 
17  32 
-26  25 
10  3 
5  -1 
31  25 
16  -7 
-36  18 
37  -10 
21  30 
-41  -10 
19  6 
29  12 
16  2 
87  38 
15  -37 
14  0 
29  -25 
-33  63 
1  28 
-37  45 
2  21 
-16  44 
34  -1 
-23  -21 
34  -23 
29  8 
-12  -22 
63  -34 
-37  -17 
5  -27 
36  11 
-18  11 
7  16 
15  7 
14  44 
16  -3 
21  27 
7  -28 
19  65 
-15  48 
1  -9 
-18  -4 
18  0 
11  31 
26  22 
7  -32 
7  81 
13  -1 
13  36 
-12  59 
-26  -12 
10  -8 
26  -26 
0  13 
-34  30 
-18  27 
-19  -1 
32  -11 
53  -16 
39  -13 
22  46 
22  44 
11  38 
-41  28 
22  -1 
25  30 
-11  24 
81  62 
22  35 
24  41 
4  39 
19  42 
32  22 
14  33 
48  -46 
93  -8 
37  36 
-22  -27 
37  4 
-17  82 
5  17 
24  -5 
-9  27 
-15  35 
-26  14 
-8  77 
-20  0 
12  4 
49  21 
37  29 
71  -12 
76  6 
12  15 
-14  -28 
25  42 
31  41 
43  -47 
-5  -22 
20  -28 
13  28 
-16  51 
16  -12 
-8  6 
65  16 
53  -16 
6  42 
7  56 
28  21 
13  8 
-11  28 
31  102 
-10  45 
17  36 
-29  26 
9  -1 
5  -1 
29  24 
16  -7 
-34  21 
38  -7 
20  30 
-40  -9 
21  8 
30  8 
12  2 
91  33 
14  -36 
14  -2 
31  -23 
-31  60 
7  28 
-37  46 
3  22 
-14  48 
34  -1 
-22  -21 
35  -23 
27  10 
-16  -28 
64  -32 
-38  -16 
3  -27 
36  11 
-18  10 
6  15 
14  9 
12  46 
13  -2 
16  22 
6  -30 
15  68 
-13  47 
3  -13 
-18  0 
21  -1 
13  32 
27  21 
5  -30 
7  80 
11  7 
11  39 
-13  57 
-27  -15 
9  -8 
25  -25 
0  12 
-32  29 
-17  30 
-17  1 
27  -6 
54  -19 
47  -14 
23  45 
24  41 
9  37 
-41  26 
22  -1 
24  29 
-11  23 
82  66 
19  36 
25  43 
5  41 
19  42 
30  23 
15  32 
48  -47 
90  -10 
35  34 
-22  -26 
37  3 
-16  79 
4  18 
27  -2 
-10  32 
-9  38 
-28  13 
-7  76 
-17  -4 
10  7 
48  19 
37  30 
72  -11 
73  6 
13  19 
-11  -26 
25  42 
31  40 
43  -52 
-6  -20 
19  -30 
13  31 
-19  50 
15  -11 
-11  6 
66  15 
52  -18 
7  40 
5  58 
30  16 
11  6 
-14  28 
31  103 
-5  47 
17  36 
-33  35 
7  -3 
4  0 
29  26 
18  -6 
-32  14 
42  -8 
19  35 
-43  -7 
22  6 
26  6 
14  2 
89  39 
12  -34 
16  -4 
32  -21 
-30  55 
-2  30 
-39  42 
1  27 
-13  48 
28  3 
-18  -21 
33  -21 
33  13 
-16  -29 
64  -31 
-34  -10 
4  -28 
37  10 
-21  9 
2  16 
12  8 
12  44 
15  -2 
13  24 
11  -27 
15  68 
-15  48 
4  -12 
-19  -1 
24  -1 
19  36 
26  20 
0  -29 
7  78 
13  8 
8  41 
-9  60 
-25  -14 
8  -9 
26  -23 
-7  11 
-27  26 
-18  35 
-17  2 
25  -3 
59  -22 
49  -8 
22  44 
21  40 
9  37 
-39  26 
23  -3 
19  27 
-15  21 
82  67 
18  40 
20  38 
6  42 
19  39 
31  22 
15  29 
45  -47 
90  -9 
36  33 
-20  -25 
43  1 
-19  76 
2  18 
24  -5 
-13  36 
-7  38 
-28  13 
-5  77 
-20  -4 
10  7 
44  21 
33  23 
74  -12 
74  5 
14  17 
-14  -26 
25  42 
31  41 
41  -52 
-6  -21 
17  -36 
15  32 
-21  45 
14  -11 
-11  3 
63  15 
52  -18 
9  40 
7  60 
34  20 
12  8 
-13  30 
32  106 
-6  41 
14  35 
-35  35 
8  -2 
5  -1 
30  25 
17  -7 
-33  16 
41  -10 
19  36 
-38  -8 
24  5 
27  4 
14  2 
90  43 
15  -35 
13  -1 
32  -21 
-29  59 
-1  29 
-35  41 
-1  27 
-12  45 
29  2 
-14  -20 
31  -20 
31  12 
-16  -31 
62  -29 
-33  -11 
5  -30 
37  10 
-22  7 
2  16 
15  7 
9  43 
15  -2 
14  24 
9  -32 
15  69 
-17  49 
2  -14 
-19  -1 
24  -1 
20  34 
25  22 
3  -27 
10  82 
12  9 
2  39 
-11  61 
-24  -18 
6  -9 
25  -22 
-7  8 
-26  33 
-17  37 
-17  2 
23  -4 
62  -22 
49  -8 
22  45 
25  40 
10  37 
-33  34 
22  -5 
19  28 
-17  26 
81  67 
16  41 
21  37 
5  43 
20  42 
31  22 
14  29 
45  -47 
91  -10 
36  33 
-21  -28 
39  0 
-19  71 
8  21 
24  -5 
-14  35 
-9  38 
-25  12 
-4  72 
-23  -1 
9  4 
51  21 
32  24 
81  -17 
71  4 
10  11 
-15  -23 
22  44 
33  40 
42  -52 
-5  -23 
17  -36 
12  33 
-16  48 
16  -12 
-12  -1 
62  14 
53  -14 
13  38 
9  61 
34  17 
13  4 
-13  26 
31  107 
-5  41 
13  36 
-31  37 
5  -2 
6  2 
32  22 
19  -9 
-33  18 
42  -9 
20  36 
-40  -6 
25  0 
30  4 
15  3 
89  52 
13  -32 
17  -1 
33  -21 
-32  62 
0  31 
-37  43 
-2  27 
-15  48 
31  1 
-15  -18 
32  -23 
30  11 
-14  -28 
60  -28 
-30  -13 
7  -33 
35  10 
-25  5 
3  15 
16  8 
10  43 
20  -1 
14  24 
9  -32 
15  69 
-14  51 
2  -12 
-17  -2 
26  1 
24  32 
25  23 
4  -29 
11  79 
14  6 
-1  40 
-11  64 
-21  -18 
7  -12 
24  -22 
-8  8 
-22  33 
-21  36 
-12  -1 
25  -5 
64  -21 
51  -8 
19  45 
28  41 
8  31 
-37  33 
25  -3 
19  30 
-17  26 
82  70 
16  42 
21  39 
-3  44 
23  39 
34  21 
14  29 
41  -48 
86  -10 
36  32 
-24  -29 
39  1 
-20  70 
2  26 
28  -7 
-5  38 
-4  36 
-23  16 
-7  73 
-18  -4 
8  3 
47  16 
38  23 
81  -18 
74  0 
6  14 
-11  -20 
13  43 
35  37 
40  -52 
-3  -25 
16  -34 
11  33 
-14  48 
14  -13 
-17  -3 
64  11 
54  -16 
11  40 
3  61 
37  16 
12  4 
-10  27 
31  108 
-10  38 
15  38 
-31  37 
3  -1 
5  -1 
34  26 
20  -7 
-33  16 
42  -10 
21  39 
-43  -10 
27  1 
32  2 
13  4 
89  54 
15  -33 
9  -8 
34  -21 
-29  61 
-1  30 
-33  45 
-2  27 
-13  50 
33  2 
-12  -19 
31  -23 
33  12 
-7  -27 
58  -27 
-29  -13 
8  -29 
34  8 
-27  3 
2  16 
14  5 
11  44 
18  0 
13  19 
12  -32 
17  69 
-14  50 
4  -8 
-18  -1 
25  -3 
23  33 
25  22 
5  -24 
9  80 
19  7 
-4  42 
-11  64 
-25  -23 
5  -12 
24  -21 
-8  9 
-18  31 
-21  36 
-16  0 
23  -5 
62  -19 
51  -9 
19  48 
27  40 
5  30 
-34  28 
28  -2 
19  29 
-19  27 
80  71 
16  46 
17  39 
-3  44 
20  36 
35  23 
13  28 
39  -48 
86  -14 
37  31 
-24  -27 
39  -2 
-19  70 
1  28 
24  -2 
-6  40 
-6  35 
-23  15 
-8  73 
-26  3 
9  3 
44  16 
39  20 
77  -19 
73  -2 
8  19 
-11  -21 
19  42 
30  36 
34  -51 
-4  -29 
13  -35 
10  31 
-17  46 
10  -14 
-18  -2 
63  13 
51  -23 
13  40 
8  59 
40  18 
11  2 
-11  28 
33  106 
-9  40 
18  39 
-29  33 
9  1 
8  0 
30  27 
19  -8 
-36  15 
45  -12 
19  36 
-44  -7 
30  5 
32  2 
10  11 
88  53 
17  -30 
10  -8 
37  -21 
-30  64 
1  32 
-34  47 
-1  27 
-13  46 
34  1 
-15  -20 
33  -21 
32  13 
-7  -27 
57  -27 
-31  -14 
9  -30 
35  4 
-26  -1 
2  16 
16  8 
14  43 
16  -4 
12  15 
14  -32 
23  71 
-14  52 
5  -7 
-15  -2 
24  -4 
24  32 
24  22 
7  -26 
9  80 
19  8 
1  47 
-10  63 
-25  -19 
2  -15 
24  -21 
-12  11 
-19  31 
-20  33 
-14  2 
26  -7 
63  -19 
51  -9 
21  48 
25  37 
4  29 
-34  30 
27  -4 
20  31 
-18  26 
82  71 
11  47 
19  41 
-4  43 
17  38 
36  22 
21  30 
38  -47 
81  -15 
36  31 
-24  -28 
43  2 
-13  68 
4  31 
24  -2 
-5  38 
-6  34 
-22  14 
-6  73 
-27  3 
9  3 
41  18 
42  19 
77  -19 
74  -5 
8  21 
-9  -19 
23  45 
27  31 
35  -50 
-6  -31 
13  -36 
9  32 
-17  46 
12  -16 
-19  -1 
64  12 
53  -21 
14  39 
10  61 
40  17 
12  2 
-11  28 
30  104 
-12  41 
19  36 
-29  41 
11  0 
4  1 
33  28 
17  -7 
-43  18 
42  -13 
17  41 
-41  -8 
30  6 
27  6 
10  12 
88  59 
19  -32 
11  -10 
39  -14 
-28  66 
3  30 
-36  48 
-2  27 
-14  46 
33  -2 
-14  -19 
32  -23 
30  11 
-7  -27 
58  -27 
-31  -17 
11  -33 
34  9 
-27  0 
2  16 
14  4 
13  43 
15  -5 
13  16 
10  -33 
24  67 
-11  52 
3  -7 
-18  -5 
26  -6 
27  34 
25  21 
9  -26 
12  78 
19  10 
3  45 
-10  63 
-24  -18 
4  -16 
25  -18 
-13  10 
-20  33 
-21  35 
-15  3 
27  -12 
60  -18 
46  -10 
21  48 
25  38 
2  26 
-33  32 
25  -5 
22  30 
-17  24 
80  72 
9  53 
22  41 
-6  42 
18  37 
35  18 
21  31 
35  -51 
81  -13 
37  30 
-28  -27 
41  -1 
-14  68 
4  29 
24  -2 
-4  36 
-3  36 
-20  11 
-6  76 
-28  4 
9  4 
42  14 
41  16 
83  -17 
76  -9 
8  20 
-9  -21 
16  45 
25  30 
34  -54 
-4  -32 
15  -35 
6  35 
-18  49 
16  -14 
-19  -2 
64  12 
51  -19 
10  37 
11  62 
42  18 
14  2 
-11  28 
24  105 
-15  40 
20  38 
-30  45 
9  4 
3  -1 
34  28 
18  -7 
-43  21 
43  -14 
16  41 
-39  -10 
35  9 
26  6 
10  10 
89  60 
19  -30 
11  -3 
33  -17 
-29  66 
7  32 
-34  48 
-1  28 
-16  48 
33  -1 
-13  -22 
29  -19 
31  7 
-4  -29 
60  -28 
-38  -16 
11  -32 
37  13 
-26  0 
5  17 
13  0 
13  45 
11  -2 
16  17 
7  -30 
22  67 
-16  55 
5  -7 
-15  -2 
29  -3 
27  36 
23  22 
6  -21 
12  82 
21  11 
2  45 
-10  63 
-25  -17 
5  -18 
25  -19 
-12  7 
-17  33 
-21  36 
-16  -1 
28  -18 
59  -18 
43  -10 
23  49 
23  37 
-1  29 
-32  31 
22  -5 
24  27 
-23  24 
79  72 
9  52 
24  41 
-6  44 
17  39 
36  16 
23  31 
33  -52 
82  -14 
34  29 
-28  -23 
44  -2 
-13  66 
5  28 
26  2 
-3  36 
-3  35 
-18  11 
-5  77 
-27  4 
13  6 
42  16 
38  19 
83  -17 
80  -9 
8  21 
-9  -20 
12  46 
26  30 
35  -55 
-8  -31 
15  -33 
7  34 
-13  48 
14  -14 
-22  0 
63  15 
51  -22 
12  35 
8  63 
41  19 
10  1 
-10  25 
20  103 
-16  43 
15  37 
-29  45 
14  4 
-1  -2 
35  29 
13  -8 
-47  23 
43  -17 
15  38 
-38  -10 
35  7 
27  6 
12  13 
85  62 
23  -34 
9  -3 
36  -18 
-29  66 
6  34 
-31  46 
-1  28 
-11  50 
29  -5 
-15  -19 
33  -21 
33  8 
-8  -32 
60  -30 
-41  -11 
9  -37 
37  13 
-26  1 
6  17 
14  -4 
17  48 
10  -4 
19  21 
6  -27 
19  67 
-15  55 
6  -8 
-16  -1 
33  -2 
27  34 
28  21 
6  -25 
13  84 
20  14 
2  47 
-10  67 
-25  -17 
6  -18 
22  -20 
-17  5 
-15  33 
-19  31 
-15  -3 
29  -20 
57  -19 
47  -10 
24  52 
22  35 
0  32 
-33  32 
22  -6 
22  31 
-26  20 
76  74 
8  51 
31  40 
-7  46 
19  36 
36  16 
26  28 
31  -50 
81  -12 
34  28 
-27  -24 
46  1 
-13  64 
7  27 
25  -1 
-5  34 
-3  36 
-21  10 
-3  80 
-28  4 
17  4 
44  16 
43  27 
84  -22 
78  -7 
7  16 
-9  -19 
11  47 
27  28 
34  -54 
-11  -28 
16  -32 
10  30 
-16  51 
12  -14 
-18  -1 
61  16 
55  -25 
9  34 
11  62 
40  23 
8  -1 
-7  23 
21  108 
-17  45 
15  37 
-23  44 
14  5 
0  0 
31  33 
17  -4 
-46  23 
47  -19 
17  38 
-43  -7 
35  7 
29  1 
13  13 
84  58 
22  -35 
10  -4 
36  -18 
-29  67 
7  32 
-30  44 
-1  27 
-13  47 
26  -3 
-15  -20 
34  -20 
34  7 
-6  -32 
63  -29 
-39  -8 
10  -37 
36  12 
-27  2 
8  16 
11  0 
17  49 
11  1 
19  21 
3  -33 
19  70 
-18  56 
7  -12 
-15  -5 
34  1 
33  39 
29  20 
5  -24 
12  82 
24  13 
3  46 
-8  70 
-22  -18 
3  -21 
23  -18 
-15  3 
-15  33 
-18  31 
-9  -1 
27  -20 
54  -21 
46  -10 
24  52 
22  35 
2  30 
-35  38 
18  0 
26  28 
-26  17 
76  71 
6  52 
30  45 
-7  45 
21  38 
35  14 
29  23 
28  -49 
82  -13 
35  29 
-27  -24 
45  1 
-12  61 
7  26 
25  2 
-5  38 
-2  34 
-19  11 
-3  81 
-24  3 
15  8 
39  19 
41  27 
84  -20 
82  -8 
6  22 
-5  -15 
13  48 
27  30 
34  -56 
-9  -29 
17  -38 
10  30 
-21  56 
16  -14 
-19  -1 
