Created:October-13-2022 
Coverage:27 
N:20 
NUM-IONS:108 
NSTEPS:15000 
WRITE-PERIODICITY:100 
epsilon:1.71 
12  2 
22  13 
20  10 
33  -21 
2  23 
9  18 
14  10 
8  -2 
45  13 
2  2 
50  -15 
0  2 
17  25 
30  27 
-34  -4 
-4  0 
-6  29 
-6  -8 
-21  15 
30  -22 
18  8 
-34  19 
-12  -21 
34  -12 
-8  -6 
6  -27 
13  2 
11  19 
15  7 
36  18 
31  2 
20  -8 
0  3 
31  40 
18  24 
31  28 
10  3 
-9  -27 
23  13 
36  -15 
-14  -28 
37  -6 
-1  34 
-23  -17 
0  4 
19  27 
38  15 
28  53 
5  14 
3  -1 
10  36 
-13  18 
23  26 
-3  39 
24  3 
35  -8 
2  0 
13  9 
-6  -17 
8  5 
0  8 
-22  17 
16  31 
14  -4 
-1  28 
-18  19 
8  20 
34  40 
-23  -11 
1  2 
4  -9 
-17  0 
14  -9 
21  7 
31  37 
7  6 
7  5 
-4  -3 
-5  11 
9  11 
27  2 
47  -6 
16  1 
7  28 
29  -8 
1  36 
24  18 
-1  30 
-5  15 
19  -18 
49  39 
7  17 
12  -5 
-1  -20 
9  15 
-6  38 
-3  -16 
-5  30 
20  18 
22  12 
-5  2 
-14  -15 
8  14 
-3  10 
18  19 
6  8 
5  7 
-3  56 
11  0 
20  14 
19  10 
36  -22 
2  24 
12  17 
17  13 
8  -2 
45  13 
0  2 
51  -14 
-1  3 
18  27 
30  27 
-37  -6 
-7  0 
-4  35 
-5  -5 
-19  13 
30  -22 
14  11 
-34  22 
-11  -21 
35  -13 
-12  -6 
3  -29 
13  2 
12  18 
14  8 
35  17 
31  1 
21  -6 
0  4 
30  40 
15  31 
31  28 
8  1 
-6  -26 
20  12 
37  -14 
-19  -28 
38  -7 
4  36 
-25  -20 
1  1 
15  25 
37  16 
28  53 
11  12 
4  2 
7  26 
-18  12 
19  24 
-3  39 
27  3 
35  -6 
4  3 
9  11 
-6  -20 
10  5 
-2  9 
-18  17 
23  33 
16  -3 
2  25 
-19  22 
6  19 
37  44 
-24  -9 
0  1 
7  -8 
-17  -1 
17  -9 
22  10 
28  37 
7  8 
8  9 
-6  -4 
-4  13 
11  13 
26  3 
47  -6 
13  -1 
6  27 
33  -14 
-2  37 
24  14 
-1  34 
-3  15 
20  -10 
50  36 
8  19 
11  -4 
-4  -15 
12  14 
-6  38 
-3  -17 
-2  32 
16  14 
22  13 
-5  -2 
-14  -15 
6  15 
-5  6 
15  22 
6  8 
5  7 
-6  55 
13  0 
14  11 
17  12 
37  -23 
-2  27 
11  20 
19  14 
7  -3 
42  12 
-3  4 
46  -15 
2  3 
17  28 
28  26 
-38  0 
-7  -1 
-5  39 
-4  -2 
-15  14 
28  -22 
15  6 
-33  23 
-10  -22 
38  -14 
-12  -7 
4  -29 
16  3 
12  14 
14  8 
34  16 
33  2 
20  0 
1  3 
31  41 
13  32 
32  27 
5  3 
-11  -23 
21  13 
37  -17 
-21  -30 
40  -10 
7  35 
-20  -22 
4  3 
18  19 
36  15 
27  54 
11  16 
2  -1 
11  28 
-19  10 
13  26 
1  32 
26  -1 
35  -6 
4  1 
12  9 
-6  -20 
9  5 
-5  7 
-16  18 
23  35 
15  -3 
3  26 
-24  26 
10  15 
39  42 
-25  -5 
1  -4 
6  -7 
-18  2 
17  -10 
17  11 
23  34 
10  14 
9  11 
-3  -5 
-3  9 
10  12 
26  3 
47  -8 
8  -6 
8  30 
35  -16 
-2  38 
22  13 
-5  31 
1  15 
19  -12 
49  41 
7  18 
11  -7 
-7  -11 
11  12 
-6  38 
-3  -21 
6  32 
17  16 
23  13 
-4  1 
-10  -11 
8  19 
-5  5 
15  22 
2  11 
7  8 
-9  54 
16  0 
18  8 
17  16 
38  -20 
-4  32 
11  20 
16  11 
2  -3 
44  11 
1  4 
47  -14 
4  3 
15  31 
28  27 
-39  -1 
-6  0 
1  41 
-1  -1 
-15  13 
27  -26 
24  7 
-33  23 
-12  -22 
37  -11 
-12  -7 
3  -34 
19  8 
11  14 
15  6 
35  17 
33  2 
22  2 
-1  2 
31  42 
15  32 
34  27 
4  9 
-12  -21 
23  13 
38  -19 
-19  -28 
41  -13 
7  39 
-19  -24 
4  5 
18  17 
36  18 
26  53 
11  13 
5  -3 
11  28 
-20  8 
15  27 
3  34 
27  1 
33  -10 
3  -1 
13  9 
-6  -17 
9  9 
-7  6 
-17  24 
31  36 
14  -2 
1  23 
-20  23 
10  12 
40  45 
-25  -6 
3  -3 
5  0 
-18  5 
19  -10 
18  13 
21  33 
14  15 
11  12 
-4  -5 
-3  10 
9  11 
25  3 
45  -10 
8  -6 
8  26 
37  -17 
-5  35 
21  14 
-3  31 
4  14 
22  -7 
49  41 
9  15 
12  -1 
-10  -9 
7  8 
-7  39 
-3  -21 
6  28 
12  14 
24  17 
-4  1 
-6  -12 
8  17 
-7  5 
15  21 
1  10 
5  6 
-11  52 
15  2 
17  10 
17  19 
36  -15 
-6  32 
11  19 
11  10 
7  -5 
45  14 
2  5 
46  -15 
3  1 
15  32 
29  28 
-37  -3 
-7  2 
0  41 
-3  1 
-14  14 
28  -26 
18  6 
-32  18 
-7  -21 
35  -14 
-11  -7 
3  -34 
18  9 
12  17 
13  4 
37  16 
31  1 
23  -1 
-4  1 
31  40 
15  31 
37  23 
1  10 
-12  -21 
24  12 
44  -17 
-23  -29 
40  -16 
7  38 
-18  -21 
-3  14 
20  16 
36  18 
26  50 
10  13 
3  -4 
16  31 
-20  9 
13  26 
2  32 
22  0 
33  -11 
2  2 
14  11 
-4  -17 
8  6 
-3  5 
-20  23 
30  37 
19  -6 
1  16 
-21  22 
10  12 
40  42 
-28  -6 
2  -4 
-2  2 
-18  3 
19  -5 
24  14 
21  34 
10  18 
11  13 
-1  -10 
-8  9 
8  9 
26  3 
45  -7 
7  -6 
4  25 
41  -19 
-4  35 
20  10 
-2  33 
3  14 
25  -10 
44  41 
6  19 
12  -2 
-10  -11 
9  11 
-6  40 
-2  -17 
7  28 
11  14 
24  18 
-3  4 
-5  -13 
7  16 
-6  7 
15  19 
-3  9 
5  7 
-13  57 
15  5 
23  11 
18  18 
37  -14 
-9  35 
12  17 
6  8 
11  -4 
43  12 
3  6 
46  -17 
11  0 
14  29 
28  27 
-32  -3 
-7  2 
-4  41 
-2  4 
-15  10 
35  -26 
20  8 
-32  21 
-3  -21 
35  -14 
-12  -7 
4  -35 
19  10 
15  15 
15  8 
35  10 
32  2 
22  0 
-6  0 
31  41 
18  27 
37  23 
4  11 
-13  -22 
23  14 
46  -15 
-26  -29 
39  -18 
8  40 
-18  -21 
-4  11 
18  17 
40  10 
25  51 
8  14 
6  -5 
14  28 
-23  8 
13  24 
6  31 
22  3 
33  -8 
3  2 
13  9 
-2  -20 
1  16 
0  3 
-13  21 
28  39 
21  -10 
4  14 
-16  22 
11  14 
42  42 
-26  -5 
-3  -4 
3  0 
-21  4 
23  -3 
26  12 
25  29 
8  18 
12  14 
-5  -1 
-12  9 
9  8 
26  -1 
42  -7 
5  -4 
3  24 
41  -19 
-9  32 
22  7 
-1  32 
3  18 
22  -9 
48  42 
9  21 
9  -5 
-11  -11 
9  11 
-5  42 
0  -19 
6  27 
10  12 
24  18 
-3  4 
-4  -15 
9  18 
-7  6 
9  17 
-3  10 
5  7 
-13  57 
17  4 
22  13 
16  20 
40  -10 
-11  31 
11  14 
7  7 
13  -1 
44  11 
2  6 
44  -17 
11  0 
17  36 
31  28 
-30  -3 
-7  2 
-6  40 
-1  3 
-15  11 
34  -24 
18  13 
-30  25 
3  -18 
35  -12 
-12  -7 
2  -38 
20  8 
12  15 
22  7 
33  10 
32  2 
22  0 
-9  -1 
31  41 
15  26 
40  26 
2  12 
-10  -22 
25  13 
47  -11 
-25  -29 
40  -19 
7  41 
-18  -21 
-5  12 
17  19 
41  14 
19  56 
8  14 
7  -4 
16  28 
-26  8 
13  26 
5  30 
22  3 
30  -8 
0  2 
13  9 
2  -23 
2  16 
-3  3 
-13  17 
28  40 
23  -5 
6  15 
-12  23 
14  15 
38  44 
-25  -5 
-2  -13 
6  3 
-26  3 
24  -2 
27  14 
26  30 
6  19 
16  17 
-5  -3 
-10  7 
7  8 
29  -3 
44  -6 
1  -4 
5  23 
40  -17 
-8  28 
25  4 
3  36 
1  17 
25  -6 
49  43 
3  19 
11  -4 
-11  -12 
8  9 
-7  41 
-1  -18 
6  25 
6  11 
25  20 
-4  5 
-7  -15 
7  18 
-5  7 
9  21 
1  13 
5  6 
-9  52 
18  4 
24  18 
16  21 
36  -5 
-13  29 
11  12 
9  10 
15  0 
45  11 
2  5 
42  -13 
13  -1 
18  39 
31  28 
-31  -3 
-5  2 
-6  40 
2  2 
-17  14 
34  -24 
22  11 
-34  28 
5  -17 
32  -11 
-10  -8 
4  -37 
18  13 
10  16 
24  11 
34  8 
31  1 
22  -1 
-9  -1 
31  40 
15  26 
37  23 
6  14 
-13  -22 
22  16 
47  -15 
-30  -33 
40  -19 
10  37 
-17  -19 
-2  7 
17  19 
41  15 
16  58 
9  15 
7  -6 
20  28 
-23  10 
13  26 
6  30 
20  3 
25  -11 
1  -3 
17  9 
2  -20 
0  13 
-4  0 
-12  18 
33  38 
21  -4 
7  12 
-13  17 
15  15 
41  41 
-25  -6 
-1  -13 
2  4 
-26  3 
23  -1 
28  14 
28  26 
8  13 
14  18 
-1  -3 
-12  7 
7  8 
29  -2 
43  -9 
-1  -5 
6  23 
41  -18 
-10  25 
22  3 
5  30 
-2  17 
25  -7 
48  37 
6  19 
11  -6 
-11  -12 
8  3 
-7  40 
0  -22 
5  24 
3  13 
24  22 
-4  5 
-6  -14 
5  17 
-4  11 
5  20 
2  12 
5  7 
-11  52 
17  3 
24  18 
16  20 
39  -3 
-12  26 
7  18 
10  10 
21  -2 
41  17 
4  5 
40  -12 
14  -3 
16  35 
31  28 
-35  -7 
-5  2 
-7  40 
0  6 
-14  14 
34  -24 
19  10 
-32  28 
2  -21 
35  -10 
-9  -6 
4  -38 
17  15 
12  15 
26  15 
38  12 
31  2 
23  -1 
-9  1 
29  41 
13  24 
38  18 
8  14 
-10  -22 
17  14 
46  -15 
-30  -33 
41  -13 
15  35 
-20  -17 
1  3 
17  19 
34  11 
16  58 
5  16 
6  -4 
18  33 
-20  10 
13  25 
7  25 
15  -1 
23  -8 
0  -1 
11  12 
7  -23 
0  13 
-5  0 
-18  22 
34  34 
25  -3 
5  10 
-13  21 
15  11 
40  45 
-25  -6 
-3  -10 
-1  2 
-26  3 
24  -6 
30  17 
30  25 
19  13 
14  18 
-3  -4 
-16  3 
7  6 
29  -9 
40  -9 
1  -4 
9  18 
42  -17 
-10  26 
18  3 
6  31 
-2  17 
33  -11 
48  38 
7  16 
12  -6 
-11  -10 
8  1 
-7  39 
0  -20 
8  23 
1  13 
25  21 
-3  4 
-9  -14 
9  17 
-1  7 
2  20 
3  14 
7  8 
-12  53 
17  4 
21  21 
13  19 
37  -10 
-14  28 
10  16 
9  12 
24  -5 
40  12 
3  7 
40  -12 
14  -2 
12  34 
33  26 
-34  -9 
-7  4 
-8  42 
1  7 
-14  16 
34  -25 
20  10 
-33  25 
1  -24 
34  -9 
-10  -10 
2  -35 
20  16 
10  18 
25  16 
34  8 
30  7 
24  -2 
-9  1 
31  40 
20  25 
37  26 
8  13 
-9  -24 
21  17 
48  -14 
-29  -34 
42  -18 
14  36 
-20  -19 
2  3 
18  17 
36  11 
16  60 
3  14 
10  -8 
21  30 
-20  9 
13  27 
8  27 
13  2 
23  -7 
0  -2 
8  8 
9  -25 
5  11 
-5  -1 
-15  23 
31  33 
26  -7 
0  13 
-8  18 
16  18 
36  45 
-26  -8 
-2  -7 
0  0 
-25  2 
25  -7 
29  21 
29  26 
18  9 
15  15 
-3  -6 
-16  3 
6  5 
27  -8 
41  -6 
2  -2 
8  19 
37  -19 
-10  25 
16  1 
5  30 
-4  15 
33  -12 
47  40 
8  18 
11  -6 
-5  -10 
3  1 
-6  40 
0  -16 
6  23 
0  11 
27  17 
-7  5 
-10  -11 
12  17 
-3  9 
3  19 
2  12 
7  8 
-13  58 
16  3 
17  19 
13  20 
37  -10 
-15  27 
9  19 
8  8 
25  0 
37  14 
-1  4 
40  -10 
15  -1 
11  32 
35  31 
-36  -9 
-7  5 
-11  41 
3  6 
-16  14 
31  -19 
19  10 
-34  28 
0  -22 
38  -12 
-8  -7 
2  -35 
19  17 
10  16 
24  17 
35  6 
30  7 
21  -4 
-8  2 
31  42 
20  24 
33  26 
8  13 
-7  -22 
24  18 
50  -15 
-29  -32 
40  -15 
14  36 
-15  -17 
-2  4 
18  19 
34  11 
15  62 
-1  14 
6  -14 
20  29 
-20  8 
12  29 
7  23 
13  2 
22  -2 
1  2 
7  8 
9  -29 
2  12 
-7  -1 
-15  24 
35  27 
23  -5 
1  13 
-14  19 
14  18 
33  48 
-30  -10 
-1  -5 
0  2 
-23  5 
23  -7 
28  23 
29  25 
12  14 
15  14 
-3  -4 
-15  1 
6  4 
26  -9 
38  -8 
2  -1 
8  18 
36  -20 
-13  18 
14  1 
2  26 
-4  18 
32  -10 
47  37 
11  16 
11  -6 
0  -9 
-2  -4 
-6  40 
-1  -18 
6  23 
-2  9 
28  14 
-3  4 
-10  -8 
10  20 
-4  8 
0  23 
-2  13 
9  9 
-13  54 
17  3 
21  21 
12  17 
35  -14 
-14  28 
5  22 
11  12 
26  3 
39  15 
0  3 
41  -7 
14  0 
11  35 
35  30 
-38  -8 
-6  8 
-12  39 
2  6 
-14  13 
29  -19 
20  10 
-32  27 
0  -24 
32  -11 
-7  -11 
6  -35 
20  17 
8  18 
22  18 
35  7 
30  7 
17  -4 
-9  1 
33  42 
23  21 
34  26 
7  14 
-7  -21 
26  17 
50  -15 
-29  -32 
40  -20 
14  36 
-16  -17 
-3  8 
21  16 
35  15 
19  62 
-5  14 
9  -15 
21  32 
-19  7 
16  23 
6  20 
15  0 
25  -3 
-5  2 
6  7 
11  -30 
5  10 
-9  -1 
-16  21 
37  25 
23  -5 
1  14 
-12  22 
16  17 
29  52 
-27  -10 
-2  -6 
1  2 
-26  3 
19  -6 
29  19 
22  25 
11  14 
10  17 
-3  -6 
-15  3 
7  5 
25  -9 
43  -7 
2  -1 
8  13 
38  -18 
-10  18 
14  -2 
2  23 
-4  20 
34  -9 
44  34 
11  16 
6  -4 
-1  -10 
4  -2 
-4  38 
0  -18 
7  22 
-2  9 
31  13 
-3  -1 
-10  -4 
5  20 
-10  6 
0  21 
-2  12 
7  8 
-13  58 
18  4 
19  24 
12  15 
35  -13 
-12  27 
4  25 
11  13 
25  2 
40  26 
0  2 
35  -8 
15  -1 
11  35 
34  31 
-40  -9 
-5  11 
-14  36 
4  3 
-14  10 
28  -21 
18  8 
-38  23 
-2  -23 
34  -11 
-7  -11 
8  -31 
20  20 
9  16 
25  10 
34  6 
27  6 
17  -1 
-9  2 
33  42 
22  11 
35  26 
10  12 
-7  -21 
28  13 
50  -13 
-30  -31 
44  -22 
15  34 
-16  -19 
-3  5 
21  17 
36  16 
21  61 
-7  12 
5  -9 
25  38 
-18  5 
17  23 
2  20 
14  3 
23  -6 
-6  0 
5  6 
9  -32 
2  13 
-9  0 
-17  19 
36  20 
23  -8 
3  11 
-17  22 
18  19 
31  52 
-31  -5 
2  -4 
0  5 
-27  6 
21  -4 
30  20 
19  23 
13  15 
8  18 
-3  -4 
-18  2 
6  5 
22  -8 
44  -9 
8  -6 
11  16 
35  -18 
-11  20 
15  -3 
9  21 
0  21 
37  -10 
45  33 
10  18 
6  -9 
1  -7 
8  0 
-4  38 
-1  -18 
11  21 
1  10 
38  15 
2  -1 
-13  -2 
7  19 
-6  8 
1  18 
-4  12 
7  12 
-13  57 
20  2 
21  23 
8  13 
33  -14 
-12  30 
1  27 
11  13 
22  2 
42  24 
0  -2 
31  -8 
13  -1 
8  41 
35  28 
-41  -10 
0  8 
-13  38 
4  3 
-16  11 
30  -24 
20  9 
-40  24 
-2  -20 
35  -13 
-6  -13 
8  -37 
19  15 
11  16 
25  4 
35  5 
30  11 
19  -2 
-7  2 
31  42 
23  17 
35  32 
12  18 
-6  -19 
28  14 
50  -15 
-28  -26 
44  -22 
16  38 
-17  -20 
-1  8 
19  17 
35  15 
22  60 
-7  14 
6  -7 
26  39 
-15  7 
17  26 
0  20 
16  5 
21  -4 
-6  3 
8  7 
7  -34 
3  13 
-9  0 
-13  20 
33  20 
25  -10 
0  13 
-15  23 
23  14 
30  52 
-33  -6 
5  -7 
0  1 
-31  10 
17  -10 
30  18 
19  24 
14  20 
8  18 
-1  -6 
-19  2 
6  5 
20  -10 
44  -6 
5  -6 
15  17 
35  -18 
-14  23 
15  -1 
10  17 
5  20 
33  -11 
47  31 
9  15 
5  -3 
1  -10 
9  1 
-6  38 
-4  -17 
11  21 
2  13 
38  13 
2  -1 
-13  -3 
11  19 
-5  6 
7  16 
-6  11 
5  11 
-14  55 
22  3 
23  24 
8  13 
33  -15 
-14  25 
2  27 
6  17 
20  3 
43  26 
-3  -1 
31  -6 
10  -3 
9  41 
35  31 
-36  -9 
1  7 
-13  38 
1  2 
-13  9 
28  -26 
20  8 
-38  22 
-2  -18 
34  -10 
-1  -6 
6  -36 
23  13 
10  15 
25  3 
35  3 
29  8 
19  0 
-5  0 
27  41 
19  19 
37  30 
11  12 
-3  -17 
29  15 
50  -13 
-26  -28 
42  -23 
16  38 
-18  -20 
-3  4 
23  17 
35  15 
23  60 
-5  14 
9  -9 
26  39 
-12  8 
17  26 
-2  18 
19  2 
20  1 
-6  3 
10  12 
6  -32 
1  14 
-12  -2 
-13  19 
33  19 
25  -8 
-2  17 
-16  23 
22  13 
30  54 
-33  -4 
3  -6 
1  1 
-33  8 
13  -11 
24  19 
19  24 
14  18 
4  14 
0  -10 
-18  4 
10  5 
19  -10 
42  -6 
0  -1 
21  16 
35  -18 
-13  23 
14  0 
8  19 
0  20 
29  -10 
53  30 
11  13 
0  -7 
1  -7 
11  0 
-5  37 
-2  -16 
11  21 
1  12 
37  15 
3  -5 
-14  -5 
6  16 
-7  6 
7  17 
-4  11 
5  13 
-16  58 
20  3 
25  27 
11  16 
33  -15 
-14  25 
3  26 
1  19 
18  2 
42  25 
0  -2 
31  -8 
7  -1 
9  41 
36  31 
-38  -7 
3  5 
-16  42 
5  3 
-13  8 
27  -23 
17  -1 
-41  22 
-6  -15 
35  -14 
-2  -7 
5  -36 
24  12 
11  13 
23  7 
35  7 
28  7 
15  0 
-6  -3 
28  43 
19  18 
40  26 
13  9 
-6  -14 
30  12 
51  -12 
-25  -25 
40  -27 
16  38 
-20  -20 
-4  5 
22  20 
35  14 
23  59 
-9  14 
8  -10 
22  42 
-12  6 
15  28 
-2  15 
17  4 
20  -1 
-6  3 
8  13 
7  -35 
3  14 
-13  2 
-11  18 
31  21 
25  -10 
-1  20 
-14  23 
28  9 
29  51 
-32  -6 
8  -1 
1  2 
-34  7 
14  -13 
24  23 
20  25 
14  18 
2  12 
0  -12 
-16  1 
10  7 
20  -10 
41  -6 
2  -1 
21  17 
36  -19 
-12  20 
14  0 
8  18 
-4  20 
30  -12 
54  31 
10  11 
4  -9 
3  -5 
7  -6 
-5  37 
-1  -16 
12  19 
0  11 
34  8 
4  -6 
-16  -2 
6  16 
-7  6 
7  18 
-6  12 
5  11 
-17  60 
25  4 
25  27 
13  19 
30  -13 
-14  25 
3  26 
1  23 
20  -4 
44  25 
1  1 
37  -10 
8  1 
9  45 
41  33 
-43  -7 
2  5 
-17  41 
2  4 
-11  11 
26  -21 
18  -1 
-41  23 
-5  -12 
36  -18 
-3  -4 
3  -33 
14  11 
9  21 
20  8 
31  10 
29  8 
17  -1 
-4  -8 
28  40 
22  19 
40  29 
16  11 
-2  -16 
35  14 
50  -10 
-26  -24 
40  -30 
19  37 
-20  -17 
-5  7 
23  19 
35  15 
24  56 
-6  14 
11  -7 
22  43 
-10  12 
13  29 
-5  20 
16  3 
20  -2 
-7  6 
8  13 
8  -33 
4  11 
-14  3 
-10  18 
28  19 
27  -11 
-3  24 
-15  23 
25  10 
26  48 
-33  -6 
11  -6 
0  1 
-35  9 
10  -15 
23  20 
17  26 
14  18 
1  17 
-1  -10 
-16  -2 
11  6 
21  -9 
42  0 
3  2 
23  14 
40  -20 
-13  18 
15  -1 
8  22 
0  22 
32  -6 
55  30 
14  15 
4  -6 
5  -7 
7  -8 
-4  38 
-5  -14 
12  22 
3  13 
38  13 
7  -5 
-19  -4 
7  17 
-7  10 
8  17 
-4  14 
1  12 
-19  62 
26  3 
25  27 
13  19 
30  -13 
-12  29 
3  27 
1  23 
17  -4 
42  25 
3  -3 
35  -12 
7  3 
6  48 
42  33 
-48  -5 
5  3 
-17  46 
8  1 
-11  11 
28  -21 
17  -1 
-39  22 
-3  -17 
34  -17 
-6  -6 
-2  -33 
11  12 
8  20 
15  6 
29  8 
28  8 
18  4 
-5  -9 
33  42 
26  15 
40  28 
14  11 
-1  -17 
36  18 
49  -19 
-25  -23 
43  -27 
22  32 
-18  -17 
-6  7 
24  25 
40  18 
26  51 
-6  15 
14  -2 
18  48 
-10  11 
15  22 
-4  20 
17  4 
19  -2 
-6  8 
8  10 
12  -26 
6  14 
-14  5 
-14  19 
30  16 
28  -13 
-2  25 
-14  20 
25  10 
25  46 
-33  -6 
10  -2 
1  1 
-36  11 
11  -12 
22  20 
15  23 
15  18 
1  16 
1  -10 
-16  -2 
13  9 
20  -8 
43  -1 
4  -1 
25  13 
36  -19 
-9  20 
14  0 
11  21 
0  23 
30  -8 
55  32 
19  16 
0  -6 
7  -13 
2  -14 
-2  39 
-7  -16 
13  26 
2  9 
35  7 
7  -2 
-25  0 
8  18 
-9  13 
5  11 
-5  10 
4  14 
-20  61 
27  0 
25  20 
13  19 
30  -15 
-10  29 
8  26 
0  26 
17  -6 
41  22 
7  -2 
32  -12 
9  1 
6  48 
43  35 
-42  -5 
5  3 
-18  45 
4  5 
-8  9 
32  -26 
17  -1 
-40  23 
-4  -15 
32  -15 
-3  -10 
0  -28 
8  13 
8  21 
15  8 
27  8 
30  11 
19  4 
-8  -7 
33  42 
27  14 
42  23 
16  11 
-3  -16 
36  18 
50  -22 
-25  -25 
44  -28 
23  33 
-20  -16 
-6  6 
22  22 
41  21 
25  50 
-1  15 
12  -1 
15  51 
-7  9 
15  22 
-6  20 
21  7 
18  -3 
-7  5 
9  5 
11  -26 
3  11 
-14  3 
-9  16 
32  18 
27  -11 
-4  23 
-16  23 
24  9 
26  45 
-33  -3 
11  2 
2  -1 
-36  11 
11  -12 
24  18 
14  23 
14  16 
1  16 
5  -9 
-18  -5 
11  13 
18  -7 
46  -1 
2  0 
23  14 
42  -13 
-6  18 
16  0 
11  21 
4  21 
29  -9 
61  34 
20  20 
2  -6 
14  -12 
3  -16 
-3  38 
-3  -17 
13  24 
3  6 
34  11 
8  -2 
-22  8 
10  16 
-11  18 
2  12 
-11  15 
5  13 
-20  62 
26  3 
29  23 
7  18 
30  -13 
-11  31 
6  25 
-3  24 
20  -6 
42  24 
8  -1 
28  -14 
8  -2 
7  48 
39  34 
-42  -8 
4  2 
-15  47 
3  6 
-4  10 
35  -25 
17  -1 
-38  25 
-2  -14 
35  -13 
3  -7 
0  -27 
14  12 
9  21 
14  11 
29  10 
30  12 
21  1 
-6  -10 
33  42 
27  14 
39  22 
18  18 
-4  -19 
37  15 
54  -26 
-25  -26 
41  -24 
25  33 
-18  -17 
-4  12 
27  21 
41  22 
25  51 
2  16 
9  -2 
15  51 
-5  6 
17  23 
-8  17 
21  3 
21  -9 
-6  7 
8  8 
11  -28 
4  17 
-16  3 
-12  13 
31  16 
29  -12 
-3  26 
-15  20 
27  5 
24  45 
-30  -3 
11  1 
0  2 
-38  12 
11  -12 
22  17 
14  20 
16  17 
-1  17 
0  -2 
-22  -1 
11  15 
19  -10 
46  -1 
4  -2 
25  14 
39  -12 
-6  18 
16  0 
7  17 
3  22 
29  -8 
61  34 
18  28 
4  -5 
14  -11 
2  -18 
-4  38 
-1  -17 
13  26 
5  6 
37  10 
7  0 
-24  9 
12  14 
-9  20 
4  14 
-11  15 
5  10 
-22  62 
22  3 
30  27 
11  13 
28  -14 
-12  29 
5  24 
-5  27 
20  -8 
42  26 
-2  2 
27  -12 
7  3 
5  47 
40  30 
-43  -4 
4  3 
-13  47 
1  3 
-4  12 
34  -24 
17  -1 
-40  27 
-3  -16 
37  -14 
5  -2 
2  -27 
17  10 
9  21 
13  9 
30  5 
38  11 
20  -1 
-6  -11 
33  42 
27  17 
37  22 
21  14 
-5  -21 
44  14 
52  -26 
-25  -29 
38  -22 
26  32 
-15  -20 
-11  11 
25  23 
37  23 
23  47 
7  14 
15  -5 
15  54 
-6  6 
19  22 
-8  18 
16  5 
20  -7 
-7  6 
9  8 
10  -28 
2  16 
-13  1 
-12  13 
30  18 
26  -12 
1  22 
-18  20 
28  7 
24  47 
-32  -3 
11  1 
0  1 
-39  13 
11  -12 
24  18 
13  20 
14  18 
-1  17 
0  0 
-24  0 
11  14 
19  -10 
48  -1 
7  -2 
26  13 
39  -13 
-6  20 
15  -2 
9  18 
2  19 
31  -8 
61  32 
23  26 
6  -3 
14  -10 
2  -18 
-4  38 
2  -15 
12  27 
5  6 
39  4 
3  -1 
-28  9 
11  16 
-9  20 
3  14 
-11  15 
5  11 
-26  63 
23  6 
30  26 
11  13 
26  -15 
-12  28 
9  22 
-5  27 
19  -6 
42  26 
-7  0 
28  -10 
8  6 
3  47 
44  32 
-45  -6 
-2  2 
-18  42 
0  5 
-5  11 
34  -26 
17  4 
-41  30 
-4  -15 
37  -11 
6  -8 
1  -27 
20  9 
5  24 
14  11 
30  5 
38  17 
20  0 
-5  -10 
33  42 
23  15 
34  20 
19  17 
-4  -16 
42  12 
52  -27 
-26  -28 
37  -17 
26  30 
-14  -21 
-10  12 
26  23 
39  22 
17  50 
3  12 
12  -6 
14  56 
-7  6 
22  23 
-12  19 
19  4 
18  -7 
-7  10 
9  11 
10  -29 
1  17 
-17  -1 
-12  13 
32  17 
26  -12 
0  22 
-17  21 
27  8 
24  51 
-31  -5 
11  -1 
0  3 
-39  14 
11  -12 
23  14 
17  16 
16  18 
3  17 
0  -2 
-24  0 
8  14 
20  -10 
47  -3 
7  -6 
22  11 
38  -13 
-9  16 
15  2 
9  21 
0  21 
33  -11 
64  34 
22  27 
5  -6 
15  -12 
5  -21 
-7  34 
2  -15 
7  25 
1  7 
41  2 
2  -1 
-28  9 
10  14 
-3  19 
3  13 
-13  18 
9  8 
-26  63 
22  6 
30  27 
10  9 
27  -12 
-14  30 
5  16 
-7  26 
22  -8 
45  23 
-3  -1 
29  -15 
11  6 
2  47 
43  31 
-41  -5 
-4  0 
-19  42 
3  6 
-3  9 
31  -26 
20  4 
-42  30 
-3  -14 
36  -9 
3  -13 
-5  -33 
18  7 
1  23 
15  11 
30  5 
38  19 
20  -2 
-6  -8 
29  39 
21  16 
33  19 
21  10 
-2  -11 
44  9 
53  -26 
-31  -29 
33  -19 
26  33 
-12  -22 
-8  14 
28  28 
39  24 
17  50 
6  16 
16  -2 
14  56 
-7  9 
20  23 
-10  18 
19  2 
18  -7 
-6  9 
8  11 
11  -27 
5  18 
-15  0 
-5  10 
32  16 
25  -10 
1  21 
-18  20 
29  8 
26  51 
-33  -6 
8  -1 
0  2 
-39  14 
12  -13 
21  13 
19  20 
14  20 
3  19 
2  -1 
-23  4 
8  13 
22  -7 
47  -2 
7  -3 
25  13 
38  -16 
-12  14 
12  2 
9  21 
0  20 
35  -14 
65  34 
26  28 
7  -5 
14  -12 
2  -17 
-5  35 
2  -15 
5  27 
0  8 
41  -3 
4  3 
-30  11 
11  16 
-3  23 
-1  14 
-13  19 
5  11 
-24  65 
22  8 
30  25 
15  7 
28  -13 
-18  32 
2  16 
-7  26 
20  -10 
45  23 
0  1 
28  -15 
9  10 
1  47 
39  37 
-42  -7 
-5  -1 
-17  39 
2  6 
0  13 
31  -24 
19  4 
-40  24 
-3  -15 
34  -8 
3  -13 
-3  -30 
20  9 
-1  23 
16  11 
27  0 
40  20 
22  0 
-5  -5 
25  41 
18  17 
38  22 
17  14 
-5  -6 
47  6 
56  -22 
-29  -28 
32  -18 
28  34 
-14  -21 
-8  14 
31  28 
42  22 
21  54 
7  18 
17  -1 
16  57 
-10  12 
22  24 
-10  17 
20  2 
16  -6 
-7  9 
7  8 
10  -30 
2  19 
-11  1 
-6  7 
34  20 
25  -9 
-3  23 
-16  18 
29  11 
25  50 
-37  -5 
9  5 
-4  3 
-39  13 
10  -13 
22  10 
18  18 
13  19 
5  13 
8  3 
-29  7 
11  14 
27  -6 
46  -4 
5  0 
26  12 
36  -20 
-13  17 
9  -2 
5  16 
1  21 
35  -9 
64  35 
26  28 
3  -6 
15  -14 
2  -17 
-4  35 
0  -17 
3  25 
-1  10 
39  -1 
6  3 
-29  13 
9  16 
-6  23 
-6  16 
-16  23 
4  12 
-25  62 
23  6 
29  25 
13  5 
26  -12 
-16  32 
0  19 
-7  24 
18  -7 
44  23 
0  2 
26  -8 
9  12 
4  51 
39  37 
-44  -9 
-4  -3 
-18  40 
2  3 
1  10 
31  -27 
20  3 
-38  22 
0  -15 
37  -10 
5  -13 
3  -33 
18  8 
-6  23 
14  7 
28  -3 
40  20 
24  -1 
-1  -5 
29  34 
18  19 
34  18 
20  18 
0  -12 
46  5 
56  -22 
-28  -31 
32  -18 
28  33 
-12  -19 
-8  14 
35  26 
45  17 
21  54 
6  16 
17  -1 
15  51 
-11  8 
19  24 
-13  14 
20  4 
18  -3 
-6  9 
6  7 
14  -29 
4  18 
-11  1 
-6  8 
34  20 
23  -7 
-3  26 
-18  17 
35  12 
19  50 
-33  -5 
11  8 
-3  3 
-39  13 
10  -15 
22  13 
21  18 
13  20 
2  12 
3  2 
-30  7 
15  14 
33  -11 
50  -2 
3  -1 
20  13 
33  -21 
-13  17 
8  -2 
9  15 
2  19 
35  -10 
68  31 
27  28 
2  -4 
14  -14 
1  -18 
-1  34 
1  -19 
5  23 
0  10 
39  3 
6  3 
-29  16 
10  17 
-7  22 
-3  16 
-16  22 
5  13 
-24  63 
23  6 
30  27 
13  7 
26  -12 
-16  31 
1  16 
-5  25 
18  -7 
49  23 
0  6 
20  -10 
12  17 
6  53 
39  37 
-43  -10 
-3  -5 
-18  40 
-3  5 
-3  16 
28  -26 
18  -1 
-36  25 
2  -13 
38  -12 
5  -10 
4  -37 
13  11 
-7  22 
15  10 
28  -2 
40  20 
24  -2 
-5  -9 
32  32 
16  18 
34  18 
18  17 
0  -12 
48  8 
54  -25 
-29  -26 
31  -19 
28  33 
-14  -21 
-9  13 
36  23 
47  17 
21  53 
7  18 
16  4 
16  51 
-11  11 
16  20 
-16  14 
20  1 
22  -4 
-7  12 
10  12 
13  -25 
3  17 
-15  1 
-6  8 
34  20 
22  -8 
0  23 
-20  18 
31  12 
19  50 
-33  -6 
10  6 
-5  6 
-35  11 
9  -15 
24  12 
20  17 
12  22 
3  14 
5  3 
-29  2 
15  15 
33  -10 
50  -2 
3  -1 
20  12 
31  -21 
-11  18 
8  -1 
9  15 
2  19 
33  -14 
67  25 
30  31 
2  -7 
10  -15 
-1  -16 
2  35 
3  -20 
7  28 
0  9 
38  7 
6  3 
-28  15 
11  20 
-3  24 
-9  16 
-18  23 
5  13 
-24  65 
22  5 
28  23 
12  9 
25  -13 
-14  31 
-1  15 
-6  26 
18  -7 
48  30 
0  1 
19  -10 
12  18 
8  53 
42  39 
-47  -11 
4  -6 
-15  43 
-5  6 
-4  15 
24  -25 
19  -2 
-33  22 
2  -14 
37  -11 
4  -9 
6  -37 
14  11 
-7  22 
17  10 
25  -6 
41  22 
26  1 
-10  -3 
35  35 
20  19 
36  17 
17  16 
6  -12 
48  6 
59  -26 
-26  -32 
31  -20 
28  34 
-16  -17 
-11  17 
36  25 
47  20 
20  53 
2  17 
18  4 
16  51 
-7  12 
16  20 
-17  13 
17  4 
27  -8 
-7  10 
7  8 
15  -26 
8  18 
-12  -1 
-7  5 
36  18 
22  -7 
0  23 
-19  16 
29  11 
20  50 
-33  -1 
11  8 
-3  12 
-34  12 
15  -13 
24  12 
23  19 
12  22 
1  12 
9  1 
-30  -1 
14  18 
34  -8 
50  -2 
8  2 
20  12 
34  -21 
-12  20 
11  -4 
11  14 
1  18 
33  -12 
68  27 
29  28 
2  -10 
10  -13 
2  -17 
2  40 
3  -14 
7  29 
0  8 
39  12 
7  -2 
-28  14 
11  17 
-5  19 
-13  17 
-20  25 
7  14 
-22  68 
24  7 
29  21 
11  10 
22  -15 
-15  31 
-2  12 
-3  23 
21  -7 
47  25 
0  -2 
20  -10 
13  19 
7  54 
44  41 
-50  -8 
5  -10 
-18  44 
-7  6 
-8  17 
25  -21 
18  -3 
-33  23 
2  -14 
37  -10 
6  -10 
7  -40 
11  14 
-7  22 
14  6 
25  -6 
40  21 
23  5 
-8  -5 
35  32 
19  14 
35  19 
16  14 
6  -12 
50  5 
56  -29 
-30  -33 
31  -21 
29  32 
-16  -17 
-12  17 
36  25 
46  19 
18  53 
-2  18 
20  0 
15  48 
-11  11 
14  23 
-18  7 
17  4 
23  -7 
-5  10 
10  9 
16  -22 
9  18 
-13  -2 
-7  4 
36  12 
24  -9 
-3  19 
-19  16 
35  15 
20  53 
-40  3 
14  11 
-3  16 
-38  12 
15  -13 
22  13 
26  15 
11  21 
1  14 
5  3 
-26  -2 
16  21 
34  -10 
51  -4 
6  3 
23  8 
32  -22 
-12  18 
9  -5 
12  14 
5  15 
30  -14 
65  27 
27  27 
3  -13 
6  -15 
2  -18 
3  39 
3  -14 
16  30 
-3  6 
42  8 
5  -4 
-25  14 
8  13 
-5  22 
-19  17 
-21  22 
4  14 
-25  66 
25  6 
29  21 
5  10 
22  -16 
-20  28 
-3  10 
-3  24 
22  -7 
47  26 
-2  -1 
20  -11 
13  19 
8  54 
40  41 
-51  -5 
4  -9 
-20  42 
-5  8 
-9  16 
25  -17 
21  -4 
-32  27 
0  -17 
39  -10 
5  -6 
9  -48 
9  10 
-9  22 
20  13 
27  -6 
41  22 
20  4 
-9  -7 
34  29 
21  13 
35  17 
15  15 
7  -12 
50  5 
57  -35 
-29  -34 
31  -20 
31  35 
-12  -17 
-14  16 
36  25 
44  18 
18  53 
-3  15 
19  -2 
13  49 
-11  11 
15  20 
-21  2 
15  2 
23  -7 
-7  10 
10  12 
16  -22 
10  18 
-13  -4 
-6  6 
34  11 
22  -4 
-2  18 
-20  20 
34  10 
21  52 
-44  0 
15  7 
-3  16 
-38  12 
15  -14 
21  14 
25  11 
7  18 
3  14 
6  3 
-28  -6 
14  20 
28  -11 
54  -8 
4  3 
23  11 
34  -22 
-9  21 
8  -1 
17  14 
-2  17 
25  -13 
66  28 
29  25 
3  -13 
6  -15 
3  -21 
2  42 
2  -13 
15  31 
-3  3 
43  6 
11  -6 
-20  12 
6  11 
-7  20 
-16  14 
-18  23 
5  17 
-26  68 
23  4 
28  17 
5  7 
22  -17 
-17  26 
0  9 
-4  25 
22  -7 
51  27 
-5  0 
14  -9 
11  19 
7  54 
40  42 
-50  -3 
3  -6 
-20  41 
-6  14 
-11  15 
25  -17 
23  -1 
-31  28 
-1  -18 
43  -7 
5  -10 
11  -48 
13  9 
-6  21 
17  13 
28  -2 
39  18 
17  6 
-8  -5 
37  30 
26  15 
36  18 
17  12 
7  -12 
50  5 
57  -36 
-29  -32 
26  -21 
32  34 
-14  -17 
-10  18 
34  27 
43  22 
18  53 
-5  11 
19  -3 
20  48 
-11  10 
14  20 
-19  3 
15  2 
24  -5 
-8  9 
10  12 
15  -23 
9  21 
-13  -3 
-7  4 
33  8 
18  -1 
-3  19 
-13  20 
32  10 
20  54 
-44  0 
19  10 
-6  16 
-38  12 
16  -10 
20  18 
24  11 
8  19 
5  13 
4  3 
-25  -6 
13  19 
26  -12 
57  -4 
1  2 
22  7 
39  -29 
-9  21 
10  -4 
11  13 
0  20 
25  -14 
67  29 
30  27 
2  -15 
6  -15 
3  -19 
4  42 
1  -7 
16  32 
-2  1 
42  2 
9  -9 
-18  14 
5  11 
-8  19 
-13  12 
-19  21 
1  16 
-25  68 
22  6 
27  18 
7  8 
22  -16 
-15  26 
0  13 
-6  23 
18  -8 
58  27 
-4  0 
13  -12 
11  20 
7  57 
43  40 
-58  -9 
0  -2 
-18  43 
-11  13 
-9  16 
25  -17 
22  -2 
-34  25 
-1  -16 
43  -6 
7  -8 
11  -46 
10  12 
-3  24 
23  11 
27  -1 
38  17 
18  3 
-16  -2 
43  27 
26  13 
34  19 
15  15 
5  -10 
50  5 
56  -35 
-25  -33 
26  -21 
32  34 
-12  -21 
-12  18 
32  27 
39  22 
11  48 
-6  11 
20  0 
18  49 
-9  12 
15  20 
-22  2 
15  6 
27  2 
-6  8 
11  13 
14  -22 
6  23 
-13  -6 
-8  5 
33  4 
16  -2 
-2  21 
-11  15 
36  11 
19  50 
-47  0 
20  8 
-6  13 
-38  13 
15  -12 
26  15 
25  11 
12  22 
5  13 
7  6 
-23  -5 
13  15 
26  -12 
57  -4 
0  3 
22  2 
38  -27 
-10  16 
13  -8 
9  14 
0  21 
23  -14 
68  33 
30  27 
6  -13 
3  -18 
4  -17 
9  38 
-2  -12 
21  30 
-5  2 
42  0 
5  -4 
-19  13 
4  11 
-8  18 
-17  13 
-20  22 
2  12 
-21  68 
23  7 
28  18 
8  10 
19  -18 
-15  27 
2  11 
-3  25 
17  -12 
57  30 
-4  0 
9  -12 
13  19 
0  58 
44  43 
-61  -10 
1  -5 
-20  43 
-9  13 
-13  17 
26  -19 
20  0 
-31  26 
0  -16 
45  -7 
5  -10 
13  -45 
7  8 
-1  23 
24  12 
22  0 
41  14 
17  3 
-16  -2 
42  22 
25  11 
34  22 
11  16 
7  -6 
46  13 
55  -34 
-27  -35 
27  -22 
34  35 
-11  -23 
-12  23 
30  26 
41  21 
11  48 
-10  12 
24  -1 
19  48 
-11  11 
15  19 
-22  2 
13  6 
30  5 
-7  9 
11  12 
14  -22 
9  20 
-17  -6 
-5  7 
33  2 
15  -6 
-3  24 
-8  15 
33  12 
20  48 
-48  -2 
19  14 
-7  14 
-41  12 
18  -13 
23  13 
26  10 
14  23 
3  11 
8  7 
-25  -5 
12  14 
26  -8 
57  -4 
0  5 
22  3 
35  -29 
-19  13 
14  -9 
11  14 
3  17 
25  -14 
68  34 
34  27 
6  -13 
3  -21 
6  -17 
10  38 
-5  -10 
22  33 
-5  2 
42  -1 
6  -1 
-19  16 
4  11 
-12  19 
-18  12 
-20  19 
0  10 
-19  62 
20  5 
29  17 
9  8 
20  -18 
-14  28 
-1  14 
-4  25 
20  -12 
61  33 
-4  -2 
11  -8 
15  20 
-2  60 
42  42 
-62  -7 
7  -6 
-23  44 
-12  18 
-9  15 
22  -15 
21  3 
-30  25 
-1  -16 
47  -3 
4  -9 
14  -49 
7  16 
-1  22 
23  15 
23  1 
36  11 
11  2 
-17  -4 
45  23 
29  11 
35  22 
11  14 
5  -4 
44  14 
52  -30 
-27  -34 
25  -27 
35  34 
-10  -22 
-11  23 
28  26 
46  24 
11  48 
-12  13 
23  -3 
20  50 
-12  10 
16  20 
-23  -1 
15  6 
29  5 
-6  6 
7  8 
13  -20 
11  21 
-17  -7 
-5  7 
33  2 
14  -4 
2  16 
-5  15 
32  14 
20  52 
-49  -4 
21  20 
-6  15 
-47  9 
15  -9 
28  19 
25  10 
14  23 
5  11 
5  7 
-22  -2 
8  14 
26  -9 
57  -4 
3  6 
23  4 
37  -30 
-30  7 
16  -13 
11  13 
1  16 
24  -13 
70  36 
34  28 
6  -15 
5  -19 
5  -16 
9  41 
-6  -11 
22  32 
-6  -2 
42  -1 
7  -1 
-18  17 
2  11 
-13  18 
-19  14 
-20  20 
-1  10 
-19  61 
19  4 
28  19 
9  11 
21  -16 
-15  27 
1  23 
-4  25 
20  -12 
61  34 
-7  -2 
11  -8 
14  23 
-4  61 
39  42 
-62  -7 
10  -8 
-25  47 
-9  20 
-5  17 
25  -14 
18  -3 
-31  28 
-1  -10 
46  -5 
5  -9 
16  -49 
6  5 
0  24 
24  18 
25  3 
38  12 
11  1 
-17  -7 
47  22 
27  14 
34  22 
12  14 
10  -4 
43  15 
54  -29 
-27  -35 
25  -24 
40  36 
-11  -23 
-18  20 
32  29 
48  23 
8  47 
-10  17 
24  -6 
18  49 
-6  12 
16  20 
-23  -1 
15  6 
27  8 
-5  9 
6  8 
16  -22 
13  19 
-19  -8 
-6  9 
33  2 
17  -4 
1  16 
-5  14 
31  14 
13  51 
-49  -4 
20  18 
-8  15 
-46  14 
14  -10 
27  17 
25  10 
19  20 
4  11 
9  5 
-19  -2 
6  12 
21  -7 
57  -5 
3  6 
20  2 
33  -34 
-30  6 
15  -9 
11  13 
0  21 
21  -18 
74  36 
34  28 
10  -10 
6  -21 
5  -20 
8  40 
-7  -10 
22  32 
-8  2 
42  -1 
8  -2 
-16  23 
0  10 
-11  21 
-18  13 
-26  20 
-3  5 
-20  59 
20  3 
28  18 
15  10 
19  -17 
-12  28 
0  19 
-3  24 
18  -12 
61  34 
-4  1 
11  -7 
15  23 
-3  66 
42  42 
-64  -8 
9  -7 
-26  48 
-9  19 
-6  18 
25  -13 
18  -3 
-33  28 
-2  -7 
43  -6 
0  -10 
15  -49 
6  5 
-4  31 
24  18 
19  4 
35  12 
12  -2 
-16  -5 
50  18 
28  13 
35  22 
13  10 
12  -3 
40  16 
54  -28 
-27  -35 
27  -26 
41  36 
-10  -24 
-18  19 
34  26 
44  23 
7  39 
-9  14 
28  -3 
15  49 
1  11 
18  23 
-23  -1 
16  3 
32  9 
-6  9 
9  8 
16  -22 
11  16 
-17  -7 
-11  11 
35  1 
14  -5 
1  15 
-7  14 
31  12 
9  50 
-50  -8 
20  20 
-6  19 
-48  14 
13  -11 
25  13 
25  10 
18  19 
0  8 
10  5 
-17  -4 
6  15 
19  -10 
61  -7 
1  10 
21  2 
30  -34 
-29  8 
14  -9 
11  15 
0  24 
23  -14 
75  35 
34  30 
10  -11 
2  -16 
2  -17 
13  39 
-5  -13 
22  31 
-7  4 
44  -3 
6  -1 
-19  21 
2  12 
-9  20 
-14  10 
-26  20 
-7  6 
-21  55 
19  -3 
28  14 
19  8 
21  -19 
-11  25 
0  22 
2  26 
17  -21 
62  38 
0  0 
10  -8 
14  27 
2  63 
48  43 
-63  -6 
11  -12 
-28  49 
-9  20 
-5  16 
26  -12 
14  -2 
-33  28 
-2  -7 
46  -9 
1  -13 
14  -52 
4  5 
-6  36 
23  15 
24  -1 
35  10 
13  0 
-13  -5 
49  17 
28  13 
33  22 
11  14 
10  -1 
44  11 
53  -28 
-25  -34 
29  -25 
41  38 
-12  -22 
-16  21 
36  31 
41  22 
6  35 
-9  13 
27  -2 
17  50 
6  13 
20  28 
-19  -4 
16  0 
35  11 
-13  7 
9  8 
18  -25 
8  19 
-18  -7 
-6  15 
35  -1 
16  -3 
-2  17 
-5  15 
30  9 
9  51 
-50  -10 
19  24 
-5  22 
-48  15 
13  -14 
27  14 
20  12 
20  16 
7  5 
10  5 
-16  -2 
7  17 
20  -11 
62  -8 
5  10 
19  3 
33  -35 
-28  8 
14  -9 
9  21 
4  29 
23  -14 
76  38 
29  32 
8  -14 
6  -17 
2  -21 
13  39 
-3  -16 
20  31 
-7  4 
44  -6 
6  -1 
-16  23 
1  10 
-8  22 
-13  9 
-25  18 
-5  7 
-14  60 
17  3 
29  10 
20  8 
21  -17 
-15  23 
1  21 
4  24 
15  -21 
62  33 
2  2 
9  -9 
15  23 
4  63 
48  43 
-67  -6 
11  -12 
-33  45 
-11  21 
-11  12 
22  -14 
11  -1 
-32  29 
-2  -7 
48  -12 
1  -18 
13  -54 
6  3 
-6  36 
24  14 
19  2 
37  10 
13  -1 
-13  -1 
49  18 
28  14 
37  25 
10  12 
8  -2 
42  11 
54  -31 
-27  -31 
29  -25 
42  40 
-8  -25 
-14  21 
35  28 
40  23 
5  31 
-10  10 
30  -2 
18  48 
5  10 
17  28 
-18  -3 
16  1 
34  12 
-15  7 
6  8 
15  -30 
7  21 
-19  -7 
-8  18 
33  0 
16  -6 
-3  19 
-9  14 
30  11 
11  53 
-51  -12 
17  24 
-5  22 
-48  14 
23  -15 
27  16 
21  14 
23  19 
11  6 
10  7 
-18  -1 
8  19 
20  -10 
60  -2 
4  11 
19  4 
35  -36 
-26  8 
15  -9 
1  18 
3  33 
23  -14 
75  35 
31  32 
6  -15 
11  -13 
1  -24 
14  38 
-4  -15 
18  30 
-6  3 
45  -7 
6  -1 
-16  25 
3  12 
-15  24 
-12  6 
-24  20 
-7  10 
-17  62 
20  3 
28  6 
17  10 
20  -19 
-14  23 
0  20 
8  23 
15  -19 
65  31 
3  2 
9  -9 
17  24 
4  63 
51  40 
-63  -4 
11  -12 
-30  50 
-9  22 
-12  13 
17  -8 
11  1 
-35  26 
-1  -5 
45  -13 
5  -20 
13  -53 
6  5 
-5  34 
26  17 
21  7 
38  7 
7  -3 
-11  1 
48  18 
26  16 
36  24 
7  14 
8  -3 
41  14 
55  -34 
-26  -28 
28  -26 
42  43 
-10  -24 
-13  23 
31  32 
39  24 
2  32 
-13  5 
30  -2 
17  46 
0  8 
16  32 
-19  -8 
17  -1 
33  10 
-16  5 
7  8 
14  -30 
8  19 
-17  -7 
-6  14 
34  -2 
15  -8 
-3  23 
-11  17 
34  9 
9  52 
-47  -11 
19  22 
-5  22 
-46  16 
19  -9 
24  18 
21  16 
24  22 
13  6 
11  6 
-18  -4 
9  23 
20  -16 
59  3 
4  11 
20  -1 
33  -35 
-22  9 
18  -2 
4  14 
4  29 
23  -14 
73  34 
31  34 
5  -17 
14  -12 
0  -22 
16  38 
-3  -15 
20  33 
-6  3 
45  -4 
6  -1 
-20  22 
2  13 
-11  18 
-17  9 
-24  20 
-5  7 
-18  57 
25  5 
27  8 
17  9 
21  -17 
-16  18 
-3  19 
4  23 
11  -19 
65  30 
2  -1 
9  -10 
14  16 
2  62 
45  36 
-63  -4 
11  -13 
-30  51 
-10  20 
-14  11 
22  -8 
11  0 
-30  29 
1  -7 
45  -14 
3  -18 
18  -51 
7  7 
-4  41 
22  13 
25  11 
42  6 
7  -6 
-11  1 
49  19 
30  16 
37  24 
8  13 
12  -3 
41  14 
57  -34 
-28  -33 
28  -26 
39  44 
-12  -22 
-14  25 
31  36 
38  22 
0  28 
-15  7 
28  -1 
19  50 
5  9 
13  29 
-17  -8 
18  -1 
36  10 
-15  4 
9  8 
16  -29 
12  18 
-19  -13 
-5  11 
34  -2 
15  -5 
-4  24 
-14  21 
34  8 
10  52 
-46  -8 
22  25 
-5  22 
-45  17 
18  -7 
25  14 
23  14 
20  20 
13  6 
11  6 
-17  -2 
10  27 
20  -14 
60  2 
3  7 
18  -2 
32  -35 
-22  15 
21  -4 
-1  14 
3  26 
22  -16 
71  33 
32  29 
6  -17 
14  -10 
2  -20 
20  38 
-5  -13 
20  31 
-6  3 
43  -5 
4  2 
-18  23 
6  8 
-13  18 
-16  11 
-29  19 
-5  6 
-20  56 
25  5 
26  8 
19  10 
18  -21 
-18  19 
-2  18 
9  21 
13  -18 
65  31 
2  -4 
9  -12 
15  14 
-1  63 
46  35 
-63  -4 
11  -12 
-28  54 
-9  16 
-10  17 
20  -4 
11  1 
-29  32 
9  -2 
45  -13 
2  -17 
20  -52 
9  12 
-6  43 
22  13 
23  11 
43  7 
7  -6 
-7  -1 
46  19 
34  16 
38  24 
8  13 
10  -2 
43  13 
58  -32 
-27  -31 
27  -27 
40  42 
-16  -29 
-12  27 
38  35 
40  23 
-3  29 
-14  7 
28  -1 
21  53 
0  5 
11  33 
-18  -3 
17  -1 
31  10 
-18  6 
9  11 
22  -28 
7  17 
-22  -13 
-7  10 
36  -3 
14  -6 
-2  22 
-17  19 
38  9 
12  55 
-44  -2 
19  22 
-5  22 
-43  14 
18  -7 
24  14 
24  19 
20  21 
13  5 
6  10 
-18  0 
10  25 
22  -15 
54  5 
3  9 
21  -3 
33  -34 
-21  15 
29  -5 
1  14 
0  24 
21  -18 
75  31 
34  29 
5  -17 
13  -8 
4  -17 
20  38 
-4  -13 
18  37 
-4  5 
43  -6 
4  -2 
-21  24 
10  6 
-10  12 
-18  11 
-28  17 
-6  11 
-19  55 
26  3 
27  8 
20  10 
18  -17 
-19  18 
3  17 
8  18 
15  -17 
66  30 
0  -4 
9  -12 
15  12 
-1  60 
45  33 
-62  -3 
11  -12 
-28  54 
-8  16 
-12  19 
19  -6 
11  1 
-31  31 
8  -6 
48  -10 
4  -17 
19  -52 
8  6 
-7  40 
25  12 
23  14 
46  8 
8  -7 
-5  -1 
47  18 
35  17 
36  23 
10  12 
11  -1 
45  11 
58  -36 
-27  -33 
27  -28 
40  43 
-18  -28 
-4  31 
37  39 
42  22 
-7  25 
-15  7 
26  -5 
16  50 
-3  3 
14  38 
-18  -7 
17  6 
27  5 
-19  7 
11  6 
20  -32 
7  14 
-24  -13 
-13  9 
36  -2 
15  -2 
0  22 
-15  21 
36  12 
13  59 
-48  -1 
21  22 
-4  20 
-48  9 
17  -4 
15  15 
24  18 
21  21 
16  4 
-1  17 
-20  1 
10  25 
22  -15 
58  7 
3  13 
24  -9 
34  -33 
-19  16 
29  -5 
2  16 
-6  25 
20  -22 
74  32 
35  31 
7  -17 
15  -6 
4  -25 
19  42 
-6  -10 
18  42 
-7  6 
44  -6 
5  0 
-21  24 
10  7 
-11  12 
-19  13 
-29  20 
-7  9 
-22  59 
22  4 
28  7 
19  10 
16  -17 
-22  19 
3  14 
7  17 
15  -18 
69  31 
-3  -4 
6  -13 
15  13 
0  60 
44  34 
-64  -5 
11  -12 
-30  52 
-6  16 
-8  27 
16  0 
11  1 
-33  28 
5  -10 
50  -11 
5  -17 
19  -52 
7  5 
-6  40 
24  15 
21  13 
49  1 
7  -9 
-7  2 
55  14 
38  17 
36  25 
10  16 
12  -2 
44  11 
57  -34 
-25  -33 
23  -28 
39  44 
-16  -28 
1  30 
37  39 
40  23 
-3  24 
-15  7 
26  -1 
18  48 
-6  9 
17  35 
-21  -6 
17  2 
26  5 
-18  5 
13  9 
19  -27 
5  13 
-26  -17 
-11  8 
36  -3 
14  -2 
3  22 
-14  23 
36  18 
13  59 
-48  -3 
21  23 
-2  18 
-45  8 
23  -7 
12  15 
22  19 
24  23 
14  6 
-1  15 
-18  2 
10  25 
23  -14 
58  12 
0  11 
18  -7 
34  -29 
-19  16 
31  -6 
2  20 
-7  26 
23  -21 
73  31 
35  31 
11  -14 
12  -6 
4  -22 
19  42 
-4  -9 
21  41 
-7  5 
43  -9 
7  -2 
-20  22 
10  7 
-9  13 
-19  14 
-29  20 
-6  8 
-19  64 
20  3 
28  -1 
19  10 
19  -17 
-23  19 
7  15 
10  12 
15  -18 
70  29 
-3  -4 
6  -12 
14  11 
1  62 
48  34 
-66  -5 
11  -12 
-29  56 
-5  15 
-4  25 
16  -2 
5  3 
-34  23 
5  -9 
51  -8 
5  -19 
20  -52 
8  6 
-5  39 
26  16 
25  13 
47  -3 
5  -10 
-9  1 
48  18 
39  15 
37  23 
6  19 
7  -2 
41  10 
57  -36 
-25  -29 
21  -26 
39  44 
-13  -26 
7  36 
36  37 
40  26 
-7  29 
-17  7 
23  -1 
20  49 
-11  8 
20  30 
-18  -7 
16  0 
26  5 
-17  6 
15  10 
21  -27 
6  10 
-26  -17 
-12  8 
33  -2 
14  -2 
1  27 
-11  21 
40  18 
14  60 
-48  -3 
22  22 
10  18 
-46  12 
23  -4 
9  15 
16  15 
24  25 
18  6 
4  14 
-15  4 
10  25 
22  -13 
58  12 
2  12 
17  -6 
32  -31 
-22  17 
34  -12 
2  16 
-9  26 
24  -22 
73  32 
35  32 
10  -16 
8  -7 
2  -20 
20  41 
-9  -7 
18  44 
-5  6 
41  -8 
10  -3 
-18  19 
10  6 
-11  10 
-21  14 
-29  20 
-7  6 
-20  60 
20  2 
25  -6 
14  8 
19  -17 
-22  22 
5  13 
11  12 
14  -17 
70  32 
-5  -6 
7  -12 
13  14 
4  65 
48  38 
-66  -4 
11  -12 
-30  56 
-5  15 
-3  26 
17  -1 
9  1 
-36  23 
3  -7 
50  -7 
4  -21 
21  -53 
6  5 
-5  37 
28  13 
22  11 
46  -4 
3  -9 
-7  2 
48  21 
41  14 
34  21 
7  19 
9  -2 
41  13 
66  -37 
-25  -29 
27  -26 
40  49 
-19  -24 
17  34 
36  40 
39  24 
-6  29 
-9  6 
22  -1 
20  50 
-10  10 
19  30 
-17  -6 
20  -3 
23  7 
-18  6 
11  11 
24  -29 
5  11 
-23  -16 
-14  7 
31  0 
14  -2 
2  23 
-10  20 
40  18 
16  57 
-45  -1 
20  19 
7  17 
-44  15 
26  -9 
16  12 
11  14 
20  23 
16  3 
8  19 
-17  1 
10  25 
22  -15 
58  13 
2  13 
21  -3 
34  -29 
-22  18 
29  -10 
-3  10 
-7  26 
24  -22 
78  36 
39  35 
8  -20 
8  -6 
5  -20 
20  45 
-9  -7 
21  42 
-5  6 
42  -8 
9  -1 
-22  19 
10  7 
-12  10 
-18  14 
-29  21 
-5  7 
-18  60 
21  1 
25  -3 
16  11 
20  -16 
-23  24 
5  13 
8  9 
14  -17 
70  31 
-5  -5 
7  -11 
7  18 
2  65 
50  38 
-63  -1 
11  -12 
-33  57 
-3  14 
-1  24 
18  4 
9  1 
-33  28 
1  -7 
43  -5 
4  -17 
23  -48 
6  5 
-3  36 
27  14 
23  13 
50  -3 
6  -5 
-7  2 
48  20 
43  11 
35  22 
9  19 
9  -5 
42  13 
65  -37 
-20  -32 
26  -24 
37  50 
-19  -26 
16  34 
33  40 
42  22 
-6  31 
-10  7 
22  -1 
26  52 
-8  9 
20  29 
-15  -6 
19  -6 
23  6 
-20  6 
14  10 
24  -28 
9  9 
-24  -15 
-15  6 
31  2 
14  0 
0  23 
-15  20 
38  13 
15  58 
-47  -1 
20  25 
8  17 
-42  23 
23  -6 
15  11 
14  15 
23  19 
16  4 
8  19 
-16  2 
10  25 
21  -18 
58  12 
5  16 
25  1 
35  -34 
-22  18 
29  -12 
0  10 
-6  27 
24  -22 
74  36 
38  31 
8  -22 
12  -6 
0  -18 
15  47 
-14  -13 
16  40 
-5  5 
42  -4 
11  1 
-19  18 
14  8 
-15  7 
-18  12 
-31  18 
-7  6 
-13  66 
26  3 
23  -5 
14  12 
19  -15 
-24  25 
2  15 
10  9 
15  -19 
68  33 
-9  -6 
7  -12 
9  18 
6  64 
50  38 
-65  -1 
11  -12 
-38  57 
-5  14 
-1  28 
16  4 
9  1 
-34  28 
-1  -10 
40  -7 
6  -15 
22  -48 
7  -1 
6  35 
28  14 
21  14 
49  -3 
3  -7 
-7  2 
47  17 
43  11 
36  20 
11  20 
9  -5 
40  9 
65  -37 
-22  -32 
24  -29 
37  50 
-17  -28 
14  34 
35  40 
42  25 
-11  31 
-10  7 
20  2 
20  50 
0  8 
13  32 
-17  -6 
17  -4 
22  3 
-19  7 
10  12 
24  -26 
14  15 
-23  -17 
-11  5 
26  -1 
14  -3 
1  21 
-13  18 
34  11 
14  58 
-46  0 
21  30 
8  19 
-36  23 
20  -9 
13  14 
11  12 
21  16 
18  -3 
8  18 
-15  1 
8  28 
21  -18 
61  13 
2  13 
24  1 
34  -37 
-21  17 
29  -12 
6  16 
-7  29 
24  -22 
76  37 
37  29 
4  -18 
14  -4 
0  -19 
14  48 
-12  -11 
15  42 
-7  4 
41  -1 
11  1 
-23  19 
14  10 
-17  6 
-22  13 
-28  17 
-7  6 
-10  65 
29  1 
12  -8 
17  9 
20  -11 
-25  26 
1  14 
12  9 
20  -19 
67  35 
-8  -6 
9  -12 
9  17 
4  63 
48  37 
-64  0 
11  -12 
-38  57 
-6  10 
-6  36 
21  2 
8  -1 
-30  26 
-1  -10 
42  -7 
6  -15 
21  -50 
10  -2 
4  31 
25  19 
20  10 
49  -2 
2  -6 
-7  2 
45  13 
42  7 
36  23 
9  19 
11  -4 
38  7 
62  -40 
-21  -32 
22  -28 
37  50 
-16  -28 
13  35 
35  42 
37  24 
-13  28 
-9  6 
20  2 
20  52 
0  8 
15  27 
-18  -1 
14  -2 
22  2 
-19  7 
10  12 
20  -20 
8  13 
-23  -17 
-12  6 
28  1 
15  -5 
1  21 
-13  18 
34  11 
12  58 
-46  0 
22  31 
6  19 
-38  23 
17  -6 
17  16 
11  12 
22  16 
18  -2 
8  18 
-15  3 
5  27 
22  -15 
63  14 
1  13 
23  -1 
39  -38 
-22  17 
26  -12 
5  10 
-6  28 
23  -25 
76  38 
34  29 
4  -21 
15  -6 
0  -17 
13  46 
-10  -10 
17  45 
-6  6 
44  1 
10  0 
-23  19 
11  14 
-18  6 
-22  13 
-29  17 
-5  9 
-13  65 
27  4 
16  -10 
19  10 
20  -12 
-27  24 
3  12 
12  9 
19  -16 
68  39 
-7  -5 
7  -11 
13  19 
5  63 
48  34 
-63  4 
11  -12 
-40  50 
-6  9 
-5  37 
20  1 
9  -3 
-32  26 
0  -8 
41  -6 
6  -15 
23  -47 
10  -2 
1  33 
26  23 
21  12 
47  -6 
5  -7 
-5  2 
41  15 
42  7 
39  22 
5  21 
7  -2 
36  4 
67  -43 
-17  -33 
22  -27 
36  53 
-16  -25 
9  35 
36  38 
40  22 
-11  31 
-10  5 
15  3 
19  55 
2  5 
14  28 
-18  -1 
15  0 
20  3 
-19  3 
15  14 
20  -20 
8  13 
-22  -23 
-14  4 
21  2 
15  -8 
2  22 
-12  17 
37  10 
14  60 
-42  1 
26  33 
6  19 
-39  21 
20  -1 
14  16 
12  14 
22  17 
18  -1 
8  18 
-16  3 
5  26 
24  -15 
60  18 
5  10 
23  -1 
41  -33 
-23  16 
27  -14 
4  11 
-7  29 
24  -26 
77  38 
30  31 
5  -20 
16  -5 
-3  -14 
15  47 
-13  -12 
13  45 
-5  6 
44  1 
11  0 
-24  20 
11  14 
-22  7 
-22  13 
-23  23 
-2  8 
-10  67 
27  6 
14  -11 
23  9 
20  -10 
-24  31 
6  13 
16  5 
18  -14 
69  39 
-3  -4 
15  -5 
13  19 
5  63 
48  34 
-63  9 
14  -12 
-41  55 
-3  10 
-5  34 
23  1 
11  1 
-30  31 
4  -8 
41  -6 
7  -15 
25  -46 
10  -2 
6  32 
31  22 
22  13 
45  -10 
5  -9 
-4  0 
38  13 
40  8 
39  23 
0  18 
9  -3 
36  3 
68  -42 
-18  -34 
27  -24 
35  51 
-15  -27 
7  35 
36  38 
42  23 
-9  32 
-11  5 
17  3 
21  53 
2  5 
14  30 
-22  1 
15  0 
19  2 
-16  3 
10  17 
21  -19 
8  13 
-23  -21 
-12  6 
22  0 
18  -3 
0  23 
-13  17 
39  10 
15  62 
-45  -1 
24  31 
8  17 
-40  22 
20  0 
15  16 
12  14 
23  14 
17  -2 
9  21 
-14  4 
5  27 
26  -17 
61  16 
7  8 
26  -1 
35  -30 
-24  12 
29  -9 
1  11 
-11  30 
23  -27 
83  37 
34  32 
8  -24 
13  -6 
-4  -16 
11  48 
-14  -12 
15  47 
-5  8 
39  -3 
13  2 
-25  17 
14  11 
-18  12 
-19  10 
-26  20 
-4  10 
-10  67 
31  6 
15  -5 
20  6 
23  -7 
-23  31 
0  13 
20  9 
20  -12 
71  36 
4  -2 
14  -5 
14  18 
4  63 
48  34 
-59  10 
15  -9 
-42  53 
-5  14 
-6  36 
25  3 
12  2 
-31  33 
4  -9 
37  -10 
5  -13 
24  -48 
9  -3 
3  31 
31  22 
23  14 
45  -10 
7  -8 
0  2 
40  18 
37  8 
33  25 
-2  17 
10  -5 
35  4 
69  -39 
-18  -29 
25  -27 
35  47 
-15  -24 
7  37 
36  38 
39  23 
-6  29 
-10  7 
17  4 
17  56 
2  3 
14  25 
-24  5 
13  -1 
21  1 
-18  -1 
11  12 
20  -19 
8  13 
-26  -20 
-10  11 
22  0 
30  -4 
5  24 
-8  14 
40  10 
14  63 
-49  -3 
25  31 
10  18 
-38  22 
24  2 
12  17 
12  15 
24  15 
18  -1 
8  19 
-14  5 
9  28 
26  -17 
61  17 
10  10 
26  -1 
29  -29 
-28  9 
30  -8 
-2  8 
-11  32 
22  -27 
88  38 
32  32 
10  -23 
9  -10 
0  -17 
10  45 
-12  -13 
13  49 
-5  6 
34  -3 
13  2 
-23  15 
20  14 
-19  16 
-19  13 
-24  20 
-5  12 
-2  66 
30  5 
14  -9 
20  3 
24  -2 
-25  30 
-4  17 
19  8 
18  -16 
66  39 
2  -1 
17  -4 
13  20 
5  63 
50  36 
-64  12 
14  -5 
-42  53 
-7  13 
-6  36 
28  2 
11  1 
-29  34 
1  -6 
41  -7 
6  -13 
23  -46 
8  -1 
1  35 
31  20 
25  18 
45  -7 
6  -9 
-5  -1 
42  15 
40  6 
33  24 
-1  17 
9  -5 
33  9 
76  -42 
-18  -28 
27  -23 
33  46 
-20  -20 
2  37 
41  36 
36  25 
-2  27 
-9  6 
21  2 
16  55 
-3  9 
13  28 
-25  5 
13  -1 
17  -1 
-20  -2 
7  9 
17  -22 
8  13 
-27  -18 
-7  12 
26  3 
28  -6 
2  25 
-12  10 
40  13 
20  61 
-49  -4 
23  31 
10  18 
-38  22 
22  0 
11  19 
11  13 
26  17 
22  3 
9  19 
-13  8 
6  25 
28  -17 
63  19 
15  11 
28  -2 
35  -34 
-29  8 
32  -5 
-3  11 
-9  35 
23  -27 
88  40 
37  34 
9  -19 
9  -12 
0  -16 
6  48 
-12  -13 
14  52 
-6  1 
35  2 
12  2 
-25  14 
18  17 
-15  17 
-15  10 
-21  22 
-4  11 
-5  63 
30  5 
13  -13 
24  3 
24  -4 
-27  29 
-3  15 
27  12 
16  -13 
67  39 
2  -1 
20  -4 
13  19 
5  60 
45  41 
-63  10 
11  -4 
-46  54 
-1  14 
-6  36 
28  -3 
8  3 
-31  35 
-3  -1 
43  -7 
7  -12 
24  -46 
4  -1 
4  38 
29  18 
20  20 
45  -7 
5  -9 
-5  0 
42  15 
39  7 
33  24 
7  17 
10  -2 
34  8 
77  -44 
-17  -31 
26  -23 
35  46 
-16  -18 
5  37 
38  35 
36  25 
0  30 
-9  6 
16  4 
20  53 
-4  16 
15  30 
-26  9 
11  0 
18  4 
-20  -2 
6  3 
21  -17 
9  17 
-28  -18 
-6  12 
19  4 
26  -4 
3  26 
-9  13 
42  12 
20  61 
-44  -2 
24  31 
8  18 
-35  23 
21  -4 
10  17 
7  14 
29  11 
20  3 
7  18 
-15  7 
9  28 
26  -15 
62  22 
15  11 
28  2 
33  -34 
-29  8 
31  -6 
0  8 
-12  34 
20  -29 
88  39 
47  35 
8  -20 
8  -12 
-2  -19 
12  49 
-13  -15 
16  51 
-4  0 
33  2 
11  1 
-25  15 
22  20 
-17  20 
-15  10 
-24  21 
-2  8 
-3  64 
26  3 
9  -12 
29  1 
27  -6 
-30  27 
-3  15 
25  17 
13  -16 
68  38 
2  -1 
17  -6 
13  19 
3  64 
45  43 
-60  10 
5  -6 
-50  52 
-4  17 
-10  37 
32  -5 
14  11 
-31  35 
-1  -3 
41  -7 
8  -12 
23  -47 
4  -1 
0  38 
30  18 
20  23 
43  -6 
7  -12 
-7  0 
41  16 
35  7 
37  23 
6  16 
7  -2 
35  5 
76  -44 
-14  -30 
24  -22 
30  45 
-19  -19 
2  40 
36  38 
34  28 
0  28 
-11  10 
16  4 
17  49 
-6  20 
15  31 
-27  9 
9  5 
16  5 
-22  2 
5  -5 
19  -18 
9  18 
-29  -21 
-6  9 
20  5 
24  -6 
2  25 
-11  12 
41  14 
17  66 
-45  -5 
22  31 
12  14 
-34  25 
20  0 
11  13 
10  14 
24  5 
22  2 
5  13 
-15  7 
10  26 
26  -12 
63  26 
17  11 
32  -2 
33  -35 
-29  8 
36  -5 
-1  8 
-12  33 
17  -21 
83  40 
43  32 
4  -17 
13  -8 
-1  -16 
11  51 
-15  -10 
20  51 
-6  -4 
31  0 
5  0 
-29  14 
21  23 
-18  27 
-15  11 
-26  23 
-3  10 
-2  64 
27  3 
8  -10 
26  3 
28  -7 
-30  27 
-2  16 
28  14 
15  -18 
68  39 
2  0 
12  -6 
13  20 
2  67 
45  40 
-60  14 
10  -2 
-47  49 
-6  17 
-9  34 
34  -2 
14  11 
-31  35 
-1  2 
41  -10 
5  -13 
20  -50 
3  -1 
3  34 
31  20 
21  13 
44  -9 
6  -12 
-9  2 
47  14 
35  6 
37  23 
1  14 
6  -1 
35  9 
75  -49 
-14  -28 
27  -21 
29  45 
-20  -17 
3  40 
39  36 
31  26 
3  27 
-15  10 
16  5 
18  49 
-7  22 
12  29 
-26  8 
8  3 
18  8 
-20  2 
0  -11 
18  -13 
13  19 
-28  -22 
-5  7 
19  4 
22  -7 
2  23 
-9  13 
37  9 
16  63 
-44  -2 
20  31 
12  17 
-30  25 
22  -1 
13  14 
9  11 
25  3 
21  1 
5  13 
-18  5 
9  30 
24  -15 
63  26 
15  12 
33  -8 
37  -36 
-29  8 
35  -5 
0  8 
-14  33 
18  -18 
86  45 
43  32 
8  -22 
13  -10 
0  -19 
17  51 
-18  -8 
19  50 
-3  -4 
31  1 
9  -2 
-22  13 
22  22 
-19  27 
-9  12 
-26  23 
-2  12 
2  64 
25  3 
9  -9 
26  4 
26  -8 
-30  27 
0  18 
29  12 
19  -17 
70  36 
-2  -2 
8  -2 
13  20 
3  66 
46  39 
-60  10 
12  -5 
-48  49 
-3  16 
-5  35 
33  -1 
7  9 
-31  38 
0  3 
45  -9 
8  -11 
21  -48 
-1  -1 
4  31 
27  17 
21  14 
43  -9 
8  -12 
-13  3 
49  13 
40  8 
36  25 
3  13 
9  1 
34  10 
77  -56 
-18  -27 
28  -21 
29  45 
-21  -16 
4  41 
41  36 
30  25 
2  27 
-16  14 
15  6 
17  49 
-9  22 
15  25 
-25  11 
6  3 
18  8 
-18  3 
-2  -7 
20  -15 
11  17 
-29  -20 
-6  8 
20  2 
21  -3 
1  22 
-14  8 
35  7 
17  63 
-42  -3 
20  33 
11  13 
-29  28 
19  -5 
16  16 
5  16 
24  3 
20  0 
3  18 
-18  6 
7  28 
23  -20 
63  27 
16  11 
33  -11 
36  -40 
-27  12 
37  -6 
0  6 
-11  28 
21  -19 
86  45 
42  32 
7  -22 
14  -9 
3  -18 
17  50 
-12  -7 
18  49 
-4  -2 
31  1 
11  -4 
-19  13 
24  19 
-21  22 
-10  9 
-25  22 
-4  15 
2  64 
28  3 
10  -8 
25  6 
24  -11 
-31  25 
3  14 
27  8 
16  -15 
69  38 
3  0 
8  -2 
13  19 
3  64 
44  34 
-63  8 
15  -5 
-45  47 
-7  14 
-2  31 
34  3 
8  5 
-31  35 
0  3 
43  -7 
8  -7 
20  -50 
1  -3 
1  30 
26  14 
22  13 
45  -7 
7  -14 
-12  -1 
48  14 
42  6 
37  23 
6  12 
9  -1 
37  10 
77  -56 
-16  -22 
28  -19 
30  45 
-20  -19 
1  43 
42  38 
28  29 
3  26 
-19  16 
10  7 
13  49 
-7  22 
16  27 
-24  11 
6  3 
16  9 
-17  2 
-2  -4 
19  -16 
14  17 
-29  -20 
-6  8 
20  0 
22  -8 
2  22 
-10  10 
34  6 
15  66 
-42  -2 
20  29 
8  17 
-29  28 
15  -9 
14  16 
4  11 
24  5 
14  0 
5  21 
-18  5 
11  33 
23  -21 
62  27 
14  11 
31  -10 
31  -46 
-27  6 
32  -6 
2  3 
-14  28 
19  -18 
86  45 
37  35 
7  -24 
10  -2 
4  -21 
22  49 
-13  -6 
19  48 
-6  -2 
31  1 
11  -4 
-20  8 
22  19 
-20  22 
-13  9 
-25  22 
-1  10 
4  63 
28  10 
11  -8 
23  4 
21  -8 
-34  25 
1  14 
29  8 
20  -17 
69  31 
2  2 
5  0 
14  18 
4  61 
42  33 
-66  10 
17  -4 
-46  48 
-4  13 
0  29 
33  1 
10  7 
-31  35 
-2  7 
44  -9 
10  -6 
23  -47 
3  -3 
2  31 
21  17 
20  13 
43  -6 
8  -14 
-13  -2 
48  14 
45  3 
36  24 
4  14 
8  0 
37  10 
75  -57 
-18  -20 
26  -21 
28  49 
-20  -21 
-1  42 
41  33 
30  32 
3  27 
-23  19 
11  6 
11  48 
-8  22 
16  29 
-24  11 
9  1 
16  5 
-18  -3 
-5  -6 
20  -14 
15  17 
-27  -21 
-6  11 
20  0 
26  -10 
1  21 
-5  8 
35  6 
15  67 
-44  -2 
20  30 
4  23 
-26  32 
15  -5 
14  15 
5  13 
27  7 
14  0 
7  17 
-15  4 
14  36 
23  -21 
62  28 
11  13 
32  -3 
33  -48 
-27  4 
31  -6 
2  3 
-14  27 
13  -22 
90  45 
39  34 
8  -22 
10  -2 
5  -23 
23  52 
-13  -5 
19  50 
0  -2 
31  0 
12  -6 
-20  8 
22  19 
-21  24 
-14  8 
-23  23 
-2  13 
6  63 
32  9 
11  -6 
26  -1 
20  -10 
-30  27 
-1  14 
29  8 
21  -19 
69  31 
-1  3 
10  -4 
14  19 
11  61 
45  30 
-65  11 
21  -6 
-44  51 
-5  15 
1  30 
33  2 
10  5 
-31  35 
-1  8 
44  -6 
11  -4 
21  -47 
3  -6 
5  31 
22  19 
25  13 
41  -5 
7  -12 
-13  -4 
46  18 
47  3 
35  22 
3  17 
9  1 
38  10 
83  -54 
-18  -20 
26  -24 
27  49 
-20  -22 
-4  40 
42  33 
28  34 
4  25 
-23  18 
10  10 
11  48 
-9  20 
19  27 
-25  12 
7  -1 
17  4 
-21  -3 
-6  -5 
17  -17 
7  17 
-27  -21 
-7  9 
24  1 
27  -8 
1  22 
-5  6 
34  8 
13  67 
-44  1 
19  31 
2  25 
-22  32 
14  -6 
15  14 
10  18 
34  11 
18  -3 
8  20 
-14  5 
14  36 
23  -21 
59  22 
11  13 
33  -4 
27  -46 
-26  7 
33  -6 
2  2 
-15  26 
14  -22 
90  46 
43  33 
8  -21 
8  -2 
6  -25 
22  52 
-13  -2 
17  45 
-3  -6 
29  0 
17  -4 
-23  10 
24  22 
-20  21 
-15  7 
-20  24 
-2  13 
6  63 
30  16 
9  -10 
25  1 
23  -7 
-26  27 
-3  19 
29  8 
19  -18 
66  23 
-2  9 
11  -4 
19  20 
11  60 
45  31 
-61  10 
20  -9 
-44  51 
-3  16 
6  31 
31  2 
10  5 
-31  35 
5  7 
46  -5 
15  -9 
22  -48 
3  -6 
4  31 
24  19 
28  14 
42  -3 
8  -12 
-13  -6 
44  18 
47  2 
37  23 
3  20 
9  1 
39  8 
82  -56 
-12  -20 
23  -25 
28  46 
-22  -20 
0  40 
41  30 
28  33 
8  21 
-26  18 
6  12 
10  47 
-11  19 
21  33 
-26  11 
10  -3 
20  1 
-22  -1 
-8  -5 
20  -10 
16  18 
-33  -23 
-9  12 
27  1 
24  -8 
-5  20 
-6  3 
33  6 
7  66 
-44  0 
18  32 
2  23 
-22  37 
15  -6 
13  15 
11  21 
34  10 
21  2 
3  21 
-15  3 
14  34 
20  -18 
64  21 
9  11 
33  -6 
32  -46 
-25  7 
32  -7 
2  5 
-16  24 
13  -21 
86  45 
42  36 
5  -23 
10  -2 
5  -27 
24  54 
-12  -3 
19  44 
-5  -5 
28  -1 
14  0 
-19  14 
24  23 
-19  21 
-13  9 
-23  22 
-2  13 
6  59 
30  12 
9  -5 
20  0 
25  -6 
-30  27 
0  19 
31  8 
19  -17 
66  23 
-3  10 
7  -5 
17  16 
11  60 
43  32 
-56  11 
21  -6 
-45  60 
-4  17 
5  31 
33  2 
6  8 
-34  36 
7  9 
42  -7 
12  -11 
22  -49 
7  -8 
5  30 
22  19 
28  13 
39  -7 
1  -13 
-13  -6 
43  19 
50  9 
38  19 
2  20 
9  1 
44  8 
78  -51 
-12  -21 
19  -22 
25  47 
-25  -19 
-1  42 
40  32 
27  28 
1  21 
-24  20 
6  12 
13  44 
-12  21 
20  36 
-24  11 
7  -2 
20  3 
-20  -11 
-10  -3 
20  -12 
18  12 
-36  -25 
-9  12 
21  2 
22  -10 
-4  18 
-6  3 
37  5 
9  65 
-45  2 
14  31 
-2  18 
-22  37 
14  -6 
14  16 
12  22 
35  7 
20  4 
0  18 
-15  3 
15  35 
23  -13 
64  23 
10  11 
31  -4 
31  -47 
-27  6 
33  -6 
3  6 
-17  25 
13  -20 
86  45 
42  32 
5  -23 
8  -2 
4  -26 
27  57 
-15  -7 
17  43 
3  -5 
29  -10 
13  -1 
-21  10 
22  22 
-20  22 
-12  7 
-23  19 
-1  11 
7  59 
31  14 
9  -5 
18  -1 
26  -7 
-30  27 
2  16 
33  9 
19  -16 
68  23 
-6  8 
7  -5 
15  15 
8  58 
44  38 
-62  12 
22  -8 
-46  58 
-6  14 
5  30 
31  1 
5  6 
-37  34 
10  5 
41  -6 
15  -10 
21  -47 
9  -8 
2  33 
22  20 
27  17 
40  -7 
2  -15 
-16  -6 
47  19 
47  8 
41  17 
3  22 
7  -7 
41  10 
77  -57 
-12  -23 
17  -21 
23  46 
-25  -19 
1  41 
40  32 
30  30 
0  24 
-25  20 
6  12 
16  45 
-12  21 
23  38 
-25  11 
6  -1 
22  3 
-17  -7 
-9  -5 
25  -8 
18  13 
-35  -24 
-10  12 
22  2 
25  -9 
-4  18 
-6  3 
37  6 
9  70 
-43  -6 
15  34 
0  18 
-22  37 
16  -9 
15  12 
13  24 
35  8 
17  4 
2  19 
-20  2 
12  34 
22  -13 
66  23 
7  14 
28  -1 
31  -44 
-27  6 
36  -5 
3  7 
-16  23 
19  -20 
85  47 
44  31 
3  -21 
9  -1 
5  -23 
28  54 
-15  -7 
18  42 
1  -5 
28  -20 
14  0 
-20  10 
23  24 
-21  22 
-9  12 
-20  20 
0  9 
9  61 
32  14 
9  -5 
14  -2 
33  -8 
-26  28 
3  13 
31  8 
22  -16 
70  30 
-5  7 
7  -4 
12  18 
7  59 
45  41 
-61  14 
17  -11 
-44  60 
-10  12 
9  32 
31  -1 
8  6 
-36  31 
7  6 
35  -7 
16  -9 
22  -49 
9  -10 
1  32 
21  19 
26  23 
40  -7 
2  -17 
-16  -6 
48  22 
46  8 
39  15 
7  20 
9  -3 
39  10 
79  -56 
-9  -26 
18  -23 
20  49 
-23  -21 
1  41 
41  33 
36  32 
-1  22 
-25  23 
8  14 
18  44 
-13  23 
23  37 
-24  10 
5  0 
21  2 
-18  -8 
-10  -3 
25  -10 
15  14 
-35  -27 
-9  13 
23  6 
27  -5 
-3  16 
-6  3 
37  4 
8  73 
-46  -4 
15  35 
2  16 
-20  38 
13  -10 
18  13 
13  24 
33  7 
16  5 
2  22 
-23  3 
11  36 
18  -13 
65  23 
7  17 
26  -1 
32  -43 
-25  8 
35  -9 
2  5 
-16  23 
18  -21 
85  47 
42  33 
2  -21 
9  -2 
7  -26 
31  52 
-15  -9 
20  43 
3  -5 
30  -22 
12  2 
-20  8 
20  30 
-20  24 
-8  12 
-20  20 
1  7 
11  61 
31  22 
9  -9 
14  -2 
35  -9 
-26  29 
5  13 
30  6 
26  -17 
70  31 
-7  9 
6  -8 
16  20 
6  59 
44  42 
-58  17 
18  -13 
-44  61 
-11  15 
13  32 
31  1 
13  7 
-39  32 
7  5 
38  -11 
12  -11 
21  -45 
8  -14 
-1  30 
23  19 
29  21 
41  -7 
2  -18 
-17  -6 
46  28 
46  9 
37  16 
8  20 
7  0 
35  14 
81  -58 
-9  -28 
21  -23 
19  47 
-23  -21 
0  43 
38  33 
37  34 
-6  23 
-24  25 
7  17 
19  42 
-14  27 
23  40 
-26  11 
8  1 
23  6 
-17  -7 
-8  -2 
26  -10 
11  16 
-32  -27 
-10  12 
20  6 
23  -2 
0  9 
-5  2 
33  6 
8  74 
-46  -6 
12  34 
2  20 
-22  36 
11  -12 
15  15 
15  27 
35  10 
17  3 
7  21 
-21  4 
11  33 
17  -16 
68  18 
5  20 
28  -1 
33  -41 
-26  12 
32  -8 
2  5 
-16  23 
20  -22 
90  45 
40  30 
2  -17 
7  -4 
5  -30 
29  52 
-15  -6 
22  44 
6  -4 
30  -22 
13  2 
-20  8 
22  33 
-20  21 
-7  14 
-21  23 
2  7 
12  62 
31  21 
15  -10 
13  0 
34  -12 
-25  26 
9  11 
31  6 
24  -19 
69  28 
-6  7 
3  -7 
14  18 
8  59 
42  46 
-57  15 
15  -9 
-42  57 
-13  18 
15  32 
31  -4 
15  7 
-38  30 
6  5 
42  -11 
13  -8 
21  -42 
8  -19 
-4  35 
24  19 
31  20 
35  -5 
0  -17 
-16  -6 
46  28 
43  14 
37  16 
8  14 
5  0 
29  12 
82  -55 
-10  -33 
23  -23 
17  45 
-23  -21 
2  43 
33  34 
34  29 
-4  20 
-24  23 
7  22 
19  37 
-15  26 
22  39 
-27  9 
6  3 
18  4 
-20  -7 
-9  -3 
22  -7 
9  15 
-32  -27 
-6  10 
20  5 
27  -3 
-1  10 
-4  4 
33  4 
7  74 
-44  -3 
11  34 
2  20 
-21  35 
11  -12 
11  12 
14  26 
41  14 
17  4 
4  22 
-24  5 
10  36 
14  -17 
66  19 
0  21 
30  -2 
32  -41 
-26  11 
27  -12 
3  6 
-17  25 
20  -20 
88  44 
45  27 
1  -18 
1  -3 
5  -29 
28  49 
-19  -7 
20  44 
7  -8 
29  -22 
13  2 
-20  10 
22  37 
-17  24 
-8  14 
-22  22 
5  4 
11  62 
31  20 
16  -8 
13  -1 
31  -14 
-27  26 
9  11 
33  10 
26  -17 
69  25 
-5  6 
3  -7 
14  16 
2  54 
42  43 
-56  14 
15  -11 
-44  60 
-15  23 
16  38 
32  -2 
14  8 
-35  31 
7  8 
42  -15 
14  -8 
23  -41 
10  -15 
-3  36 
24  18 
28  19 
35  -5 
-1  -18 
-20  -10 
48  28 
40  18 
38  17 
10  17 
7  5 
31  11 
84  -55 
-10  -33 
23  -22 
17  44 
-22  -20 
0  43 
33  34 
31  32 
-2  22 
-23  26 
8  20 
20  39 
-15  26 
16  37 
-30  10 
4  3 
19  8 
-17  -6 
-13  1 
25  -7 
11  15 
-38  -25 
-3  3 
20  6 
34  -2 
-2  9 
-8  9 
27  -1 
1  74 
-45  -6 
14  31 
4  22 
-20  32 
11  -12 
20  11 
16  27 
39  14 
20  1 
8  18 
-23  -1 
11  36 
14  -15 
66  19 
2  22 
27  -6 
34  -40 
-24  11 
28  -14 
3  5 
-14  28 
20  -18 
87  43 
45  27 
1  -19 
3  -5 
5  -30 
25  54 
-22  -7 
15  40 
2  -8 
30  -22 
12  2 
-23  10 
20  40 
-19  22 
-10  12 
-21  24 
7  6 
6  65 
32  22 
16  -5 
11  -1 
38  -7 
-27  24 
10  13 
34  12 
29  -18 
67  30 
-4  11 
5  -10 
13  14 
1  56 
39  42 
-57  14 
14  -11 
-45  62 
-16  23 
15  38 
31  1 
15  7 
-37  33 
3  11 
42  -13 
11  -8 
25  -37 
7  -12 
-6  36 
23  21 
26  19 
35  -5 
-1  -17 
-21  -10 
46  25 
38  23 
42  16 
8  19 
8  3 
32  13 
85  -54 
-10  -34 
18  -19 
14  43 
-20  -22 
-4  40 
30  36 
26  33 
0  23 
-23  24 
8  22 
14  38 
-15  27 
11  33 
-31  11 
2  -1 
25  0 
-21  -7 
-14  3 
25  -7 
9  15 
-36  -21 
-4  5 
22  5 
32  -3 
0  10 
-6  11 
30  -2 
-3  70 
-45  -7 
17  36 
3  19 
-22  32 
18  -11 
18  17 
18  28 
35  14 
21  2 
11  20 
-23  -1 
7  37 
14  -12 
68  18 
0  19 
27  -2 
35  -40 
-18  10 
29  -12 
4  7 
-11  30 
22  -17 
85  41 
43  26 
0  -18 
2  -7 
7  -28 
22  52 
-20  -8 
14  40 
6  -8 
27  -21 
13  2 
-14  10 
19  44 
-20  21 
-7  9 
-23  23 
7  5 
7  66 
31  21 
22  -8 
13  -1 
38  -7 
-27  26 
9  10 
35  10 
29  -21 
70  34 
-5  12 
4  -9 
14  16 
-2  56 
34  45 
-60  9 
8  -11 
-46  60 
-20  20 
20  39 
31  0 
13  9 
-39  34 
3  14 
45  -13 
8  -2 
25  -39 
11  -7 
-5  35 
20  18 
27  19 
40  -10 
-3  -16 
-26  -9 
47  29 
35  19 
47  17 
8  22 
10  7 
35  8 
87  -52 
-9  -32 
19  -16 
16  45 
-12  -26 
-4  40 
34  35 
24  35 
0  25 
-24  24 
6  23 
14  38 
-15  26 
11  32 
-31  11 
4  4 
25  4 
-21  -10 
-12  -1 
27  -6 
11  16 
-39  -19 
-4  2 
22  5 
35  -6 
4  14 
-2  7 
29  -5 
-3  66 
-43  -4 
19  40 
3  19 
-20  28 
17  -11 
22  19 
20  31 
43  13 
22  3 
12  18 
-23  0 
12  34 
15  -16 
68  13 
1  17 
27  -2 
34  -37 
-16  7 
29  -12 
-1  3 
-9  34 
21  -18 
81  36 
42  26 
0  -18 
3  -8 
5  -27 
21  52 
-20  -8 
15  42 
3  -9 
25  -17 
13  2 
-17  7 
24  45 
-21  22 
-10  12 
-25  26 
7  5 
14  68 
29  17 
21  -8 
12  -3 
38  -12 
-27  25 
4  14 
32  9 
31  -20 
74  36 
-5  14 
5  -10 
11  14 
-3  56 
32  47 
-60  12 
5  -7 
-47  59 
-19  19 
17  44 
31  1 
11  15 
-40  37 
4  18 
50  -13 
8  -1 
23  -41 
11  -7 
-4  38 
20  22 
27  17 
42  -7 
-5  -13 
-27  -11 
49  28 
36  20 
44  15 
7  26 
10  5 
33  4 
84  -48 
-9  -32 
22  -17 
20  45 
-11  -28 
-4  41 
35  31 
26  36 
-1  24 
-23  26 
9  21 
12  38 
-15  23 
10  32 
-29  12 
2  7 
28  -3 
-21  -10 
-10  -5 
28  -6 
11  16 
-40  -17 
-4  5 
22  5 
34  -9 
3  13 
-3  10 
34  -6 
0  70 
-37  -3 
18  37 
6  20 
-22  27 
18  -7 
22  19 
21  30 
43  11 
26  -1 
8  18 
-26  0 
17  29 
18  -16 
68  13 
-3  19 
29  -5 
33  -38 
-19  13 
26  -12 
1  1 
-12  30 
27  -19 
80  38 
42  20 
-1  -17 
6  -6 
5  -29 
16  54 
-18  -9 
15  39 
2  -8 
24  -21 
12  2 
-17  6 
25  47 
-20  20 
-13  8 
-25  30 
4  3 
13  66 
31  16 
19  -10 
11  -6 
40  -11 
-27  25 
3  15 
38  11 
33  -21 
74  35 
0  8 
3  -11 
14  10 
-4  56 
34  51 
-57  11 
5  -9 
-49  60 
-20  19 
20  43 
31  1 
15  14 
-39  36 
4  18 
47  -12 
6  -1 
23  -40 
9  -9 
-4  38 
21  22 
28  19 
42  -8 
-5  -18 
-25  -11 
49  28 
34  21 
46  15 
10  27 
9  5 
33  4 
81  -53 
-9  -32 
27  -22 
19  42 
-14  -35 
0  38 
40  34 
25  36 
-3  23 
-22  24 
10  16 
12  37 
-15  23 
15  32 
-31  15 
0  1 
29  1 
-20  -10 
-5  -5 
28  -7 
8  18 
-38  -18 
-3  6 
30  6 
34  -12 
5  10 
0  4 
31  -8 
-7  69 
-37  -6 
18  37 
6  23 
-18  23 
18  -10 
23  19 
16  25 
43  12 
23  2 
5  18 
-22  -2 
17  24 
18  -13 
65  12 
0  22 
27  -5 
33  -38 
-20  12 
25  -13 
4  3 
-14  28 
27  -23 
82  36 
42  17 
0  -20 
8  -6 
6  -28 
15  51 
-16  -9 
14  40 
1  -7 
22  -21 
11  2 
-20  11 
22  45 
-19  21 
-17  13 
-22  33 
7  3 
15  67 
31  13 
19  -10 
17  -4 
43  -14 
-25  27 
2  14 
34  9 
33  -20 
75  39 
-3  6 
5  -10 
20  5 
-5  54 
35  51 
-57  13 
4  -9 
-50  58 
-18  20 
21  41 
28  -1 
14  12 
-40  39 
2  19 
46  -13 
7  -3 
24  -42 
15  -8 
-5  35 
19  24 
29  18 
42  -9 
-6  -20 
-26  -10 
47  29 
37  24 
49  15 
10  27 
7  8 
33  6 
81  -57 
-12  -31 
30  -27 
14  36 
-12  -32 
-3  38 
39  37 
28  34 
-3  23 
-18  25 
14  17 
13  39 
-18  23 
10  32 
-32  13 
-1  2 
22  -7 
-20  -9 
-6  -6 
26  -9 
8  18 
-42  -17 
-4  5 
34  8 
37  -10 
5  13 
-2  2 
31  -8 
-7  69 
-39  -4 
16  40 
9  20 
-18  22 
18  -13 
29  23 
17  25 
43  14 
25  3 
3  17 
-23  -1 
16  24 
23  -1 
65  11 
-5  22 
27  -5 
36  -41 
-20  10 
25  -13 
8  3 
-18  27 
27  -22 
85  36 
40  20 
-1  -27 
3  -5 
5  -26 
14  51 
-17  -8 
16  38 
0  -7 
24  -18 
13  2 
-21  7 
22  44 
-20  22 
-21  8 
-23  35 
6  8 
14  66 
31  13 
19  -10 
15  -5 
43  -14 
-26  28 
1  17 
36  9 
34  -20 
74  38 
-1  2 
5  -9 
20  8 
-6  56 
34  51 
-62  17 
2  -9 
-52  59 
-16  22 
20  43 
27  -2 
11  15 
-37  39 
2  20 
46  -13 
5  -10 
22  -42 
16  -3 
-3  36 
20  22 
31  20 
43  -9 
-4  -20 
-23  -10 
49  31 
37  26 
51  12 
7  28 
6  8 
33  5 
81  -59 
-16  -29 
29  -23 
15  37 
-12  -31 
2  33 
36  38 
27  34 
-5  22 
-18  25 
14  17 
12  37 
-19  22 
12  34 
-32  14 
0  0 
20  -4 
-19  -8 
-2  -8 
30  -13 
11  19 
-42  -16 
-5  7 
34  6 
37  -5 
4  12 
-3  3 
33  -6 
-10  72 
-36  -2 
14  43 
5  24 
-18  22 
22  -17 
28  21 
17  24 
43  15 
24  3 
4  14 
-21  -3 
16  25 
22  -1 
64  9 
-7  22 
26  -5 
35  -39 
-19  10 
25  -13 
7  1 
-17  33 
27  -23 
89  35 
40  21 
-2  -25 
1  -2 
5  -24 
22  47 
-17  -6 
20  38 
0  -10 
29  -19 
11  1 
-22  9 
22  44 
-19  27 
-25  8 
-22  33 
10  11 
16  67 
31  12 
18  -8 
15  -5 
42  -17 
-28  30 
0  19 
37  10 
31  -21 
71  37 
1  2 
7  -6 
19  10 
-1  54 
35  50 
-64  18 
3  -6 
-51  59 
-16  23 
20  42 
30  -2 
10  14 
-38  39 
-2  17 
47  -12 
5  -9 
21  -44 
15  -6 
-3  36 
20  23 
31  21 
47  -8 
0  -22 
-17  -7 
49  30 
40  26 
51  13 
3  22 
6  8 
36  5 
81  -59 
-16  -28 
31  -24 
14  40 
-11  -32 
2  33 
35  36 
28  34 
-5  22 
-16  25 
13  19 
8  38 
-24  24 
12  34 
-32  13 
0  0 
19  -3 
-17  -9 
0  -7 
26  -15 
11  20 
-38  -18 
-2  13 
35  7 
34  -4 
6  10 
-3  3 
31  -6 
-10  71 
-37  1 
14  43 
5  24 
-17  18 
22  -15 
28  19 
17  24 
41  13 
28  5 
6  15 
-23  -1 
13  26 
23  -3 
63  6 
-4  20 
24  -6 
33  -38 
-15  10 
27  -14 
4  1 
-16  35 
30  -23 
93  30 
40  21 
1  -23 
1  -6 
3  -21 
17  45 
-15  -8 
18  36 
1  -8 
29  -19 
10  -4 
-26  8 
25  43 
-26  30 
-26  11 
-21  31 
13  9 
13  64 
32  14 
15  -13 
15  -6 
36  -15 
-27  30 
4  14 
40  8 
29  -21 
69  38 
5  0 
5  -5 
19  14 
3  53 
33  49 
-65  17 
4  1 
-51  51 
-12  21 
22  43 
33  -1 
7  15 
-38  36 
-2  17 
50  -15 
4  -11 
20  -44 
16  -5 
1  36 
19  24 
31  20 
47  -8 
0  -20 
-17  -9 
49  30 
42  26 
49  12 
4  22 
8  8 
36  0 
81  -58 
-18  -27 
30  -24 
12  38 
-11  -32 
3  37 
36  37 
28  34 
-4  23 
-18  25 
14  18 
7  37 
-26  30 
10  38 
-32  13 
0  3 
20  -1 
-16  -9 
-1  -10 
25  -19 
11  21 
-40  -19 
-2  13 
34  8 
34  -4 
7  14 
-3  4 
29  -3 
-15  67 
-36  3 
17  43 
7  26 
-18  19 
23  -13 
23  24 
19  22 
40  13 
27  7 
1  14 
-23  -5 
13  26 
17  -1 
63  6 
-4  18 
23  -6 
34  -37 
-15  10 
27  -12 
4  -5 
-19  33 
29  -24 
97  30 
42  24 
0  -18 
3  -8 
3  -21 
14  47 
-15  -7 
19  33 
0  -2 
26  -21 
6  -8 
-23  6 
29  41 
-20  26 
-27  12 
-25  31 
15  10 
13  65 
29  15 
16  -13 
18  -9 
37  -17 
-26  35 
3  14 
37  10 
32  -26 
70  36 
7  3 
1  -10 
18  17 
0  54 
33  50 
-66  18 
3  2 
-52  59 
-12  20 
24  43 
33  -1 
10  18 
-39  36 
-4  14 
50  -15 
0  -12 
18  -39 
12  -5 
0  38 
23  24 
30  21 
43  -7 
4  -15 
-20  -11 
55  32 
40  24 
51  10 
9  21 
6  8 
36  -3 
81  -58 
-22  -32 
33  -29 
14  36 
-9  -32 
6  33 
36  38 
31  33 
-5  22 
-23  29 
15  15 
3  39 
-24  31 
7  38 
-36  14 
0  0 
17  -1 
-17  -8 
-1  -10 
23  -19 
12  22 
-41  -23 
-5  20 
28  9 
32  -11 
7  14 
-4  4 
31  -4 
-15  63 
-34  3 
17  44 
12  30 
-16  21 
22  -17 
26  25 
21  21 
42  13 
27  5 
1  13 
-23  -4 
13  26 
17  -6 
63  6 
-4  20 
22  -8 
34  -40 
-15  10 
31  -8 
7  -3 
-16  31 
28  -27 
91  27 
40  23 
0  -21 
0  -10 
2  -20 
15  48 
-15  -11 
18  33 
4  -5 
26  -21 
5  -9 
-24  5 
32  37 
-25  30 
-29  6 
-24  32 
15  11 
15  67 
27  8 
13  -16 
25  -9 
37  -16 
-24  31 
4  15 
36  12 
31  -28 
69  37 
6  3 
0  -18 
17  18 
-3  55 
32  45 
-64  17 
-2  4 
-56  54 
-10  18 
31  39 
35  -1 
8  19 
-40  38 
-1  16 
50  -15 
1  -7 
21  -38 
14  -6 
-1  44 
22  25 
31  14 
46  -10 
5  -17 
-20  -11 
60  27 
43  26 
49  11 
8  23 
7  5 
35  -3 
80  -52 
-21  -32 
33  -30 
14  36 
-5  -33 
6  33 
36  38 
33  39 
-6  23 
-23  30 
12  14 
4  39 
-25  31 
9  45 
-39  16 
1  1 
17  -1 
-20  -10 
-2  -14 
23  -23 
11  20 
-42  -23 
-9  21 
32  9 
35  -12 
8  14 
-5  6 
33  -6 
-18  59 
-36  3 
16  45 
10  32 
-14  19 
20  -20 
26  25 
24  21 
42  15 
26  8 
4  11 
-19  -5 
15  29 
17  -4 
65  7 
0  23 
21  -8 
34  -42 
-15  10 
27  -5 
6  -4 
-14  31 
28  -27 
90  26 
39  22 
-2  -21 
-1  -10 
3  -21 
10  47 
-18  -13 
19  32 
7  -4 
27  -22 
6  -8 
-23  5 
24  38 
-26  32 
-27  6 
-18  33 
10  9 
16  64 
26  8 
16  -16 
23  -7 
37  -17 
-26  29 
5  14 
35  11 
32  -25 
67  38 
4  1 
2  -17 
19  17 
3  57 
37  44 
-62  17 
-6  8 
-54  53 
-10  18 
28  39 
40  -2 
10  17 
-39  36 
2  19 
49  -15 
1  -6 
21  -39 
11  -4 
-2  43 
26  23 
31  14 
45  -10 
5  -14 
-20  -6 
62  24 
45  23 
47  9 
8  28 
10  5 
30  -10 
76  -48 
-20  -30 
33  -36 
14  36 
-1  -33 
5  33 
35  36 
33  40 
0  24 
-22  29 
11  13 
3  41 
-27  29 
7  45 
-37  14 
1  2 
21  -2 
-20  -12 
0  -17 
21  -23 
11  20 
-40  -20 
-6  23 
34  12 
35  -12 
9  18 
-7  5 
35  -5 
-17  59 
-38  2 
13  46 
8  33 
-13  19 
20  -18 
28  27 
24  18 
48  17 
25  7 
3  12 
-18  -8 
18  27 
17  -4 
69  8 
0  21 
22  -7 
34  -42 
-18  11 
21  -5 
5  -4 
-15  32 
29  -25 
91  32 
39  24 
-4  -20 
-2  -7 
3  -20 
10  47 
-18  -13 
12  29 
7  -5 
29  -19 
6  -10 
-23  9 
27  37 
-30  32 
-24  5 
-21  32 
9  11 
14  60 
25  6 
14  -20 
22  -7 
35  -23 
-20  27 
4  16 
36  12 
30  -23 
68  39 
5  4 
4  -19 
17  19 
0  60 
36  45 
-61  22 
-5  10 
-52  58 
-9  15 
27  38 
38  -1 
11  16 
-41  34 
2  19 
45  -20 
5  -11 
21  -38 
9  -5 
-6  43 
29  19 
35  15 
41  -7 
2  -17 
-19  -3 
59  23 
45  23 
49  11 
6  28 
10  5 
29  -12 
75  -46 
-20  -32 
31  -39 
13  34 
1  -37 
5  33 
37  38 
33  39 
-2  24 
-21  30 
11  12 
4  43 
-24  31 
8  46 
-40  11 
0  3 
23  -7 
-20  -11 
0  -14 
23  -21 
11  22 
-40  -18 
-7  26 
32  14 
34  -12 
10  18 
-5  6 
37  -6 
-15  61 
-38  2 
13  45 
9  38 
-13  17 
21  -16 
31  26 
27  16 
47  19 
27  8 
7  14 
-20  -10 
13  32 
16  -7 
70  7 
0  25 
22  -8 
36  -42 
-19  14 
29  -3 
4  2 
-14  30 
23  -26 
88  30 
37  23 
-5  -21 
-2  -8 
6  -21 
11  48 
-17  -15 
15  32 
4  -2 
29  -19 
5  -9 
-23  10 
31  39 
-32  33 
-22  2 
-20  32 
11  13 
14  58 
25  6 
14  -22 
20  -11 
34  -24 
-17  26 
7  14 
35  14 
28  -17 
69  37 
3  2 
2  -18 
17  19 
-3  55 
36  45 
-65  24 
-9  13 
-52  57 
-9  15 
24  31 
38  -3 
9  11 
-39  36 
2  19 
44  -22 
0  1 
21  -38 
6  -7 
-5  43 
29  21 
30  18 
42  -7 
2  -17 
-21  -6 
54  26 
46  28 
47  9 
7  26 
10  5 
31  -8 
71  -44 
-23  -35 
27  -42 
14  34 
0  -41 
3  33 
43  39 
33  39 
-3  20 
-21  30 
10  13 
6  45 
-26  29 
9  48 
-40  10 
0  3 
20  -8 
-20  -12 
3  -20 
22  -20 
11  21 
-36  -16 
-7  30 
37  14 
34  -12 
9  19 
-6  7 
36  -6 
-15  64 
-32  -1 
15  46 
12  39 
-15  17 
22  -15 
33  26 
28  13 
46  11 
28  8 
8  14 
-19  -7 
13  29 
15  -9 
70  7 
-3  24 
23  -6 
36  -42 
-22  12 
28  -2 
4  3 
-14  32 
24  -26 
85  27 
34  23 
-3  -17 
1  -10 
6  -21 
11  46 
-16  -15 
16  31 
3  1 
27  -25 
2  -12 
-23  10 
31  39 
-27  34 
-21  2 
-23  36 
11  14 
13  60 
25  3 
13  -21 
17  -12 
35  -26 
-21  24 
3  17 
34  16 
28  -17 
68  41 
9  1 
3  -14 
14  20 
-9  56 
34  45 
-70  27 
-9  14 
-53  57 
-11  14 
23  34 
39  -3 
8  10 
-35  31 
2  20 
47  -26 
2  3 
22  -38 
1  -10 
-7  42 
27  21 
29  15 
43  -7 
2  -12 
-22  -7 
53  26 
49  28 
47  9 
10  25 
11  8 
31  -8 
68  -42 
-26  -34 
27  -42 
9  31 
0  -41 
4  31 
38  42 
35  37 
2  25 
-24  32 
8  19 
9  46 
-22  29 
8  47 
-41  10 
0  6 
29  -8 
-21  -13 
0  -18 
22  -21 
11  21 
-35  -19 
-4  29 
40  10 
33  -10 
6  16 
-6  8 
35  -9 
-14  63 
-37  -1 
13  49 
12  38 
-16  19 
20  -12 
33  24 
28  14 
45  14 
28  6 
6  19 
-20  -8 
10  32 
14  -10 
71  6 
-4  25 
22  -8 
36  -42 
-23  15 
29  -1 
4  1 
-20  31 
21  -28 
85  27 
34  23 
-3  -16 
-1  -12 
9  -22 
9  45 
-16  -17 
16  31 
3  2 
21  -27 
3  -12 
-23  10 
31  40 
-29  33 
-21  2 
-23  36 
14  18 
17  59 
22  5 
18  -17 
23  -13 
34  -33 
-20  21 
0  16 
35  14 
26  -17 
66  39 
9  1 
0  -16 
16  21 
-12  59 
33  45 
-70  26 
-9  16 
-53  57 
-8  14 
24  34 
37  -1 
8  8 
-35  36 
4  21 
52  -23 
0  3 
22  -38 
5  -10 
-9  42 
28  23 
30  18 
41  -9 
4  -8 
-22  -7 
57  23 
52  35 
48  9 
10  25 
11  8 
33  -1 
65  -40 
-26  -34 
25  -43 
15  28 
0  -42 
2  29 
35  39 
36  40 
6  28 
-18  31 
9  19 
8  46 
-26  28 
9  45 
-41  8 
-1  4 
30  -11 
-17  -14 
1  -18 
21  -19 
11  21 
-33  -15 
-5  35 
40  10 
33  -14 
7  14 
-5  7 
33  -11 
-14  64 
-36  2 
10  50 
11  40 
-18  20 
18  -14 
33  24 
29  15 
43  13 
27  8 
2  19 
-19  -3 
9  34 
14  -11 
70  7 
-3  24 
25  -9 
37  -44 
-26  16 
28  -3 
5  1 
-21  33 
23  -26 
85  27 
36  25 
-6  -15 
-3  -12 
4  -22 
9  48 
-20  -18 
17  30 
5  3 
21  -27 
-5  -14 
-26  11 
34  43 
-29  32 
-20  0 
-21  37 
16  18 
22  52 
23  11 
19  -18 
23  -14 
35  -33 
-19  22 
1  16 
33  9 
23  -18 
69  41 
8  0 
0  -11 
15  21 
-14  59 
34  43 
-70  32 
-8  17 
-53  58 
-3  14 
25  37 
38  -3 
9  8 
-38  36 
3  19 
52  -22 
-1  4 
20  -38 
4  -9 
-7  42 
25  24 
28  18 
40  -10 
5  -7 
-21  -10 
56  27 
50  38 
47  6 
9  31 
12  9 
33  0 
65  -39 
-25  -32 
31  -48 
12  27 
1  -42 
2  23 
35  42 
36  40 
8  26 
-19  33 
11  20 
11  42 
-30  27 
6  44 
-42  8 
2  2 
33  -8 
-16  -11 
0  -20 
22  -14 
11  21 
-34  -15 
-7  36 
43  13 
34  -13 
3  14 
-4  3 
34  -9 
-16  65 
-31  2 
13  55 
13  39 
-18  19 
16  -15 
33  26 
27  15 
38  13 
27  8 
4  18 
-21  -2 
10  34 
15  -9 
74  8 
-2  22 
25  -9 
37  -44 
-26  16 
28  -1 
4  1 
-18  32 
24  -25 
85  27 
41  21 
-7  -15 
-3  -15 
1  -21 
9  52 
-23  -16 
14  30 
3  4 
19  -26 
-3  -17 
-23  9 
35  44 
-26  34 
-17  -3 
-21  40 
20  18 
21  54 
20  8 
19  -18 
22  -15 
38  -31 
-21  23 
0  16 
30  11 
20  -18 
66  41 
9  1 
-1  -12 
19  20 
-15  60 
34  43 
-71  31 
-9  14 
-53  58 
-6  16 
28  34 
36  1 
8  9 
-40  38 
5  16 
43  -22 
2  3 
21  -38 
5  -9 
-7  42 
29  23 
27  17 
44  -9 
2  -7 
-20  -11 
57  30 
47  36 
48  7 
10  30 
16  9 
40  0 
62  -41 
-20  -30 
31  -48 
11  28 
4  -42 
1  21 
37  43 
36  40 
10  25 
-22  37 
11  20 
11  42 
-30  27 
6  43 
-49  11 
5  4 
36  -8 
-18  -9 
-3  -16 
24  -18 
11  21 
-33  -12 
-7  40 
42  8 
33  -16 
1  16 
0  6 
35  -8 
-17  66 
-29  6 
8  59 
14  40 
-16  14 
16  -16 
33  26 
28  13 
35  14 
29  8 
4  21 
-23  -1 
10  32 
15  -10 
74  11 
4  19 
25  -7 
37  -44 
-26  15 
28  -2 
2  2 
-21  30 
27  -26 
86  28 
41  23 
-5  -13 
0  -17 
0  -19 
5  47 
-24  -15 
14  28 
4  3 
12  -28 
-1  -16 
-22  13 
35  51 
-29  33 
-17  -1 
-23  49 
16  18 
25  50 
19  8 
20  -17 
22  -17 
39  -36 
-20  25 
-5  14 
30  10 
20  -19 
65  41 
9  1 
-6  -12 
17  30 
-14  65 
37  43 
-71  32 
-5  15 
-52  61 
-6  16 
29  35 
36  4 
6  8 
-40  42 
7  16 
44  -26 
2  5 
20  -40 
5  -9 
-7  42 
31  22 
30  18 
40  -9 
1  -6 
-20  -10 
56  31 
41  32 
49  10 
7  28 
13  10 
44  -1 
61  -41 
-17  -26 
31  -45 
10  29 
1  -44 
2  22 
35  44 
35  39 
13  32 
-26  43 
11  16 
11  40 
-30  26 
5  43 
-45  10 
6  3 
36  -5 
-14  -5 
-3  -16 
23  -18 
11  19 
-32  -14 
-8  37 
40  8 
34  -14 
2  19 
2  7 
38  -7 
-17  66 
-30  5 
6  59 
14  42 
-17  13 
16  -19 
35  27 
28  13 
32  14 
28  7 
4  21 
-20  -2 
10  32 
14  -13 
74  11 
1  17 
25  -6 
32  -41 
-33  17 
23  1 
2  4 
-21  33 
28  -26 
89  31 
41  27 
-8  -15 
3  -22 
-2  -23 
5  47 
-24  -15 
15  28 
7  6 
11  -28 
-2  -18 
-22  12 
33  49 
-29  34 
-16  -2 
-22  47 
14  18 
25  53 
15  7 
24  -15 
22  -17 
42  -35 
-20  22 
-6  11 
31  14 
20  -19 
62  39 
7  -2 
-4  -8 
17  30 
-14  65 
35  51 
-72  33 
-3  15 
-52  68 
1  16 
32  34 
39  4 
6  8 
-40  43 
9  18 
42  -28 
2  4 
20  -40 
0  -12 
-6  40 
23  21 
29  19 
41  -3 
0  -8 
-25  -12 
54  30 
43  34 
48  6 
6  27 
13  9 
43  -1 
60  -42 
-19  -28 
28  -42 
12  29 
0  -47 
-2  23 
34  43 
36  38 
11  28 
-24  45 
11  15 
9  37 
-30  25 
2  47 
-50  12 
11  0 
35  -5 
-13  -3 
-3  -16 
21  -19 
11  21 
-31  -12 
-7  39 
44  3 
34  -15 
4  18 
3  6 
41  -6 
-24  71 
-33  6 
5  55 
16  44 
-19  10 
17  -21 
35  23 
27  15 
34  16 
31  13 
9  21 
-18  -4 
8  29 
14  -12 
78  13 
2  13 
25  -9 
36  -40 
-30  16 
28  3 
2  6 
-16  31 
24  -26 
92  37 
41  27 
-7  -14 
0  -24 
0  -21 
5  47 
-27  -15 
17  25 
14  6 
11  -28 
-1  -18 
-20  10 
29  52 
-31  35 
-15  -4 
-23  46 
15  22 
26  59 
17  3 
25  -13 
20  -19 
43  -34 
-19  22 
-7  9 
32  13 
20  -18 
63  44 
6  -1 
-5  -9 
17  24 
-12  66 
34  52 
-70  32 
-3  16 
-54  68 
0  14 
39  35 
39  2 
12  2 
-44  40 
9  21 
42  -26 
2  5 
20  -40 
-1  -10 
-6  40 
24  25 
29  15 
44  3 
2  -8 
-26  -12 
54  31 
45  30 
47  9 
6  25 
12  9 
45  1 
60  -42 
-20  -31 
26  -45 
16  31 
1  -46 
-2  32 
36  41 
35  34 
16  32 
-22  44 
12  14 
5  40 
-30  26 
2  46 
-48  11 
15  -1 
34  -4 
-14  -8 
-7  -15 
21  -19 
10  18 
-29  -14 
-7  39 
46  3 
39  -12 
4  18 
1  7 
42  -4 
-22  73 
-33  8 
3  47 
19  43 
-12  13 
17  -21 
34  23 
29  12 
35  16 
31  12 
8  19 
-22  -3 
17  29 
17  -10 
77  14 
3  15 
25  -7 
35  -40 
-28  15 
26  4 
0  8 
-15  31 
23  -27 
95  37 
39  24 
-7  -14 
-3  -29 
4  -21 
6  47 
-23  -14 
20  24 
16  5 
8  -30 
-1  -23 
-21  12 
29  50 
-36  34 
-9  -5 
-25  46 
15  22 
27  58 
21  1 
25  -13 
25  -21 
43  -34 
-20  21 
-7  11 
33  12 
20  -20 
62  47 
8  -1 
-5  -8 
12  25 
-13  65 
34  52 
-71  33 
-2  17 
-54  68 
-6  10 
39  34 
39  3 
12  2 
-43  35 
9  18 
40  -35 
1  7 
20  -42 
1  -2 
-6  36 
20  23 
29  15 
44  -1 
5  -11 
-25  -13 
53  27 
45  33 
51  8 
6  23 
4  11 
45  1 
64  -42 
-14  -29 
22  -45 
10  29 
5  -46 
1  33 
34  40 
35  34 
17  30 
-21  42 
11  14 
9  45 
-25  28 
3  51 
-45  9 
13  -1 
35  -5 
-10  -8 
-5  -14 
22  -21 
5  17 
-30  -13 
-8  37 
47  1 
38  -11 
5  20 
1  10 
41  -6 
-18  73 
-35  10 
3  53 
21  42 
-12  13 
15  -18 
34  23 
28  10 
33  15 
29  11 
9  21 
-26  -9 
13  26 
19  -12 
77  19 
3  14 
27  -3 
34  -42 
-29  13 
26  4 
0  10 
-12  34 
27  -26 
96  38 
42  23 
-3  -17 
0  -31 
2  -18 
7  48 
-23  -16 
25  23 
16  5 
6  -27 
8  -24 
-18  12 
29  52 
-34  35 
-8  -6 
-26  46 
13  22 
31  61 
20  0 
26  -12 
26  -21 
43  -33 
-25  23 
-6  9 
34  10 
21  -19 
62  46 
8  1 
-3  -4 
14  26 
-10  65 
41  53 
-69  36 
-2  17 
-52  69 
-3  12 
40  39 
39  4 
11  0 
-42  32 
12  18 
41  -38 
0  2 
20  -42 
1  -3 
-5  34 
24  23 
29  15 
42  0 
2  -12 
-23  -10 
53  29 
45  33 
48  8 
6  23 
5  10 
47  -2 
62  -41 
-16  -22 
21  -46 
8  27 
7  -46 
3  31 
38  42 
32  34 
15  33 
-20  41 
11  13 
10  46 
-25  26 
4  51 
-46  11 
13  -1 
34  -5 
-9  -8 
-4  -12 
24  -21 
10  11 
-30  -13 
-10  38 
45  3 
39  -6 
1  18 
-1  10 
43  -6 
-20  70 
-38  12 
4  54 
22  43 
-12  13 
14  -18 
34  21 
27  6 
35  15 
27  9 
11  14 
-27  -6 
12  29 
17  -16 
78  21 
2  13 
28  0 
35  -40 
-28  13 
23  4 
-2  9 
-12  34 
25  -26 
96  38 
48  26 
-4  -20 
0  -31 
5  -20 
15  51 
-18  -15 
25  26 
19  2 
5  -29 
8  -22 
-18  16 
29  51 
-35  37 
-11  -7 
-25  52 
13  22 
31  59 
22  3 
30  -11 
26  -21 
42  -34 
-26  23 
-6  9 
34  11 
20  -21 
58  49 
9  -4 
-2  -3 
19  28 
-13  69 
41  54 
-69  34 
-6  20 
-50  67 
0  11 
40  43 
42  5 
11  0 
-36  31 
8  13 
47  -39 
0  -2 
19  -45 
-2  -2 
-4  35 
28  20 
32  15 
42  0 
0  -14 
-25  -13 
54  32 
44  32 
52  14 
6  23 
6  14 
44  3 
62  -41 
-16  -22 
19  -46 
9  31 
7  -46 
12  33 
40  40 
32  37 
15  34 
-19  39 
8  10 
6  48 
-22  24 
6  50 
-45  11 
11  -1 
34  -4 
-9  -7 
-3  -17 
23  -21 
5  10 
-30  -15 
-10  37 
43  0 
35  -11 
3  14 
0  12 
41  -13 
-16  74 
-37  13 
6  51 
18  42 
-9  15 
16  -15 
36  20 
23  6 
35  15 
30  10 
12  11 
-28  -11 
15  26 
20  -16 
77  19 
-2  12 
27  0 
40  -39 
-22  13 
23  2 
-3  10 
-14  33 
28  -21 
96  38 
47  26 
-7  -20 
0  -32 
5  -20 
16  51 
-20  -15 
25  27 
18  7 
5  -29 
8  -22 
-13  15 
29  48 
-35  37 
-10  -8 
-30  51 
13  22 
31  56 
20  3 
35  -6 
27  -19 
41  -36 
-24  20 
-6  10 
33  9 
22  -23 
63  55 
11  -6 
1  2 
15  24 
-17  69 
42  56 
-71  32 
-5  19 
-49  68 
-1  10 
39  42 
43  6 
10  -1 
-37  31 
8  13 
46  -38 
0  -4 
19  -43 
1  -4 
1  37 
29  22 
34  14 
41  -2 
-6  -12 
-24  -15 
57  35 
44  31 
51  12 
6  24 
8  19 
46  3 
62  -40 
-16  -22 
20  -49 
10  29 
11  -44 
13  34 
37  39 
25  40 
17  36 
-20  42 
9  8 
6  48 
-20  24 
6  52 
-46  12 
14  -2 
34  -4 
-11  -9 
-1  -16 
23  -21 
5  11 
-29  -13 
-10  38 
42  -1 
35  -13 
4  14 
1  10 
36  -9 
-13  79 
-38  12 
6  53 
18  37 
-9  15 
19  -20 
33  19 
20  5 
32  14 
26  5 
14  6 
-25  -12 
17  23 
25  -19 
80  20 
-2  13 
26  -1 
42  -38 
-17  13 
24  3 
-3  10 
-14  36 
31  -20 
96  38 
53  26 
-8  -23 
-1  -32 
9  -19 
23  54 
-18  -17 
25  27 
18  7 
5  -30 
8  -19 
-12  14 
27  49 
-33  37 
-13  -12 
-28  49 
13  22 
31  53 
20  3 
35  -9 
27  -22 
36  -37 
-24  20 
-6  11 
38  13 
25  -24 
61  53 
11  -8 
4  3 
13  26 
-20  70 
42  59 
-71  31 
-6  20 
-50  65 
1  12 
36  44 
42  6 
11  -2 
-38  33 
8  14 
44  -39 
2  -4 
20  -42 
1  -6 
-2  38 
27  14 
34  15 
40  0 
-3  -12 
-25  -19 
61  38 
41  27 
51  13 
8  19 
5  13 
45  3 
62  -40 
-18  -23 
21  -44 
17  30 
12  -46 
15  34 
37  39 
30  40 
16  38 
-20  42 
10  12 
4  45 
-21  24 
4  54 
-45  13 
14  -2 
32  -2 
-13  -14 
-4  -15 
23  -21 
6  11 
-31  -14 
-10  38 
46  -1 
33  -11 
3  13 
6  13 
37  -4 
-13  75 
-42  17 
5  50 
20  39 
-7  14 
18  -19 
33  19 
22  4 
28  13 
28  6 
8  3 
-23  -11 
17  23 
24  -21 
81  21 
-1  10 
24  -2 
42  -38 
-21  12 
20  1 
-3  5 
-16  36 
31  -20 
100  33 
53  28 
-5  -25 
-2  -32 
8  -22 
25  51 
-20  -14 
26  25 
15  7 
0  -32 
10  -23 
-11  18 
28  47 
-31  35 
-15  -19 
-30  50 
15  22 
31  54 
23  0 
34  -8 
27  -21 
40  -40 
-22  17 
-5  15 
34  11 
27  -22 
62  53 
11  -5 
3  2 
15  27 
-20  72 
42  59 
-73  36 
-9  21 
-49  66 
6  12 
31  48 
45  6 
12  -3 
-39  33 
5  16 
42  -37 
7  -6 
20  -41 
3  -6 
3  39 
25  14 
31  14 
40  1 
0  -17 
-25  -24 
59  38 
43  25 
51  13 
6  19 
3  13 
44  3 
61  -42 
-21  -24 
23  -43 
17  29 
12  -46 
15  34 
42  36 
29  41 
16  37 
-19  41 
6  7 
6  43 
-23  20 
4  54 
-43  15 
13  -1 
35  2 
-13  -13 
-3  -16 
22  -20 
2  12 
-30  -14 
-13  35 
42  2 
34  -12 
5  13 
6  10 
36  -9 
-18  77 
-43  13 
6  53 
15  39 
-6  18 
21  -18 
34  20 
22  5 
31  16 
26  5 
10  -4 
-20  -10 
19  22 
23  -25 
80  22 
0  4 
20  -2 
48  -39 
-23  16 
25  1 
-7  6 
-15  35 
31  -20 
101  32 
53  30 
-6  -24 
0  -32 
8  -26 
19  50 
-22  -16 
26  28 
13  2 
-1  -36 
8  -21 
-9  19 
29  48 
-31  34 
-15  -17 
-35  47 
11  22 
28  58 
22  -3 
33  -10 
29  -22 
36  -42 
-23  19 
-3  15 
34  8 
26  -21 
57  51 
9  -8 
8  -1 
16  31 
-21  70 
43  61 
-69  36 
-12  23 
-49  68 
5  13 
35  47 
45  7 
13  -2 
-37  33 
2  13 
42  -37 
4  -6 
22  -38 
-2  -9 
2  39 
25  9 
34  16 
43  -1 
-1  -18 
-25  -21 
60  41 
42  26 
47  18 
12  15 
4  12 
45  3 
65  -43 
-23  -26 
24  -42 
18  24 
18  -43 
15  34 
44  37 
29  41 
16  37 
-14  44 
9  11 
5  40 
-22  20 
0  53 
-39  16 
11  0 
36  3 
-11  -12 
-3  -16 
21  -19 
-5  6 
-32  -11 
-10  36 
41  2 
32  -11 
6  13 
5  10 
37  -17 
-19  74 
-47  19 
5  54 
16  40 
-5  22 
19  -12 
35  18 
22  5 
29  14 
30  12 
12  -6 
-20  -10 
20  23 
21  -27 
78  22 
-3  9 
20  -2 
46  -37 
-17  16 
23  2 
-7  5 
-13  37 
31  -19 
97  32 
53  26 
-5  -29 
-3  -30 
8  -27 
25  51 
-20  -18 
33  34 
14  2 
-2  -33 
9  -25 
-10  18 
26  48 
-29  32 
-14  -15 
-33  48 
14  27 
26  55 
20  1 
38  -11 
27  -22 
36  -42 
-17  22 
-6  16 
34  15 
25  -19 
50  52 
8  -7 
6  -1 
16  29 
-18  66 
44  61 
-69  33 
-14  25 
-54  68 
2  13 
40  53 
45  7 
11  -4 
-33  34 
4  14 
43  -39 
1  -7 
19  -38 
-4  -17 
3  39 
27  9 
36  12 
42  -1 
-3  -16 
-26  -22 
61  42 
43  26 
48  23 
11  12 
4  11 
46  3 
64  -41 
-25  -25 
24  -38 
22  27 
17  -44 
16  31 
37  39 
28  39 
16  35 
-11  45 
10  9 
8  38 
-19  14 
3  52 
-34  13 
11  0 
37  9 
-11  -9 
-6  -12 
18  -18 
-7  6 
-32  -11 
-9  39 
42  2 
34  -9 
8  15 
5  11 
36  -16 
-16  77 
-44  20 
0  58 
14  43 
0  23 
19  -16 
36  17 
20  6 
32  10 
29  12 
12  -3 
-17  -7 
22  25 
23  -25 
78  24 
0  8 
25  -7 
44  -37 
-17  14 
22  0 
-8  5 
-12  40 
33  -18 
99  33 
55  26 
-5  -26 
-3  -26 
8  -26 
25  50 
-21  -17 
32  34 
13  -1 
-5  -28 
9  -25 
-10  18 
27  46 
-28  38 
-12  -13 
-34  47 
15  31 
29  58 
18  -1 
40  -11 
26  -24 
35  -38 
-13  23 
-13  14 
32  11 
24  -17 
50  52 
8  -6 
6  -1 
16  28 
-20  71 
46  61 
-66  29 
-10  25 
-52  68 
2  11 
42  47 
45  3 
9  -1 
-34  32 
1  14 
40  -50 
6  -5 
17  -41 
-3  -14 
-1  42 
29  8 
37  10 
46  0 
-3  -16 
-27  -21 
58  38 
42  25 
48  16 
16  11 
3  14 
47  1 
61  -44 
-29  -27 
25  -44 
23  33 
15  -46 
13  29 
40  38 
30  38 
17  34 
-9  48 
8  10 
6  37 
-15  13 
-1  50 
-37  11 
11  2 
35  11 
-9  -9 
-5  -10 
16  -16 
-7  6 
-32  -11 
-9  41 
46  3 
32  -11 
7  16 
4  12 
39  -16 
-20  82 
-45  20 
4  59 
14  43 
0  26 
20  -17 
34  18 
18  9 
34  11 
29  11 
11  -4 
-18  -5 
21  23 
24  -26 
74  32 
3  6 
21  -7 
49  -39 
-17  12 
23  -1 
-4  5 
-12  38 
33  -18 
96  38 
55  26 
-6  -25 
-1  -25 
7  -25 
25  46 
-18  -18 
33  34 
12  -6 
-5  -33 
9  -25 
-9  19 
27  48 
-24  40 
-15  -9 
-33  52 
20  28 
28  59 
15  -3 
41  -8 
26  -24 
35  -38 
-14  23 
-12  15 
34  7 
23  -19 
48  50 
10  -3 
13  -1 
15  30 
-18  73 
48  61 
-66  26 
-13  23 
-51  68 
1  10 
40  45 
45  4 
8  -2 
-37  39 
4  12 
41  -46 
2  -9 
17  -41 
-5  -16 
1  41 
27  5 
34  11 
46  -1 
-3  -14 
-29  -21 
62  37 
43  24 
49  21 
15  12 
2  19 
51  1 
60  -42 
-32  -26 
21  -44 
21  33 
18  -43 
14  32 
39  44 
27  34 
17  36 
-10  47 
11  13 
7  39 
-17  15 
0  50 
-35  13 
11  2 
35  14 
-11  -9 
-7  -12 
18  -18 
-6  3 
-34  -12 
-14  45 
44  3 
31  -5 
5  17 
5  11 
42  -17 
-19  79 
-44  21 
2  60 
16  44 
0  24 
20  -17 
33  20 
20  8 
30  16 
31  14 
12  -6 
-16  -3 
22  24 
22  -28 
73  29 
4  11 
23  -7 
46  -40 
-17  14 
22  2 
-4  5 
-11  39 
35  -21 
98  39 
55  27 
-6  -22 
5  -22 
10  -22 
26  47 
-20  -20 
34  35 
7  -2 
-7  -34 
9  -25 
-8  17 
30  51 
-23  43 
-15  -10 
-36  54 
14  28 
27  56 
15  -5 
40  -10 
26  -28 
34  -37 
-13  18 
-10  18 
35  4 
25  -17 
53  49 
7  -3 
8  3 
19  30 
-19  74 
49  57 
-65  26 
-9  21 
-51  68 
1  16 
35  52 
43  4 
6  -5 
-36  39 
4  14 
35  -46 
5  -10 
19  -42 
-6  -14 
0  42 
30  12 
37  10 
44  1 
-3  -15 
-27  -21 
64  38 
40  23 
47  28 
17  16 
2  19 
51  -1 
59  -45 
-28  -25 
24  -45 
18  33 
15  -44 
12  29 
41  42 
28  34 
21  38 
-7  46 
11  14 
9  39 
-16  17 
0  48 
-35  13 
12  2 
36  14 
-13  -14 
-7  -6 
21  -19 
-6  0 
-35  -14 
-10  46 
46  3 
31  -4 
2  13 
4  12 
39  -18 
-22  77 
-44  18 
3  62 
16  44 
1  23 
19  -17 
32  16 
22  11 
35  11 
27  14 
14  -6 
-12  -7 
25  24 
21  -28 
71  28 
-2  8 
23  -6 
46  -41 
-23  14 
22  6 
-3  3 
-9  32 
33  -18 
97  39 
56  25 
-6  -22 
0  -15 
9  -22 
26  45 
-18  -18 
34  36 
9  1 
-8  -35 
12  -22 
-12  18 
26  48 
-23  44 
-17  -7 
-35  54 
14  28 
20  56 
13  -11 
43  -14 
25  -29 
34  -37 
-12  18 
-6  20 
36  4 
24  -17 
49  49 
6  -8 
7  -2 
18  29 
-17  73 
48  53 
-67  30 
-9  22 
-51  68 
-2  17 
36  47 
45  4 
10  -2 
-37  40 
6  11 
42  -47 
2  -9 
15  -38 
-6  -11 
-3  39 
29  15 
37  10 
42  0 
-1  -16 
-29  -20 
63  34 
40  22 
50  30 
16  18 
3  19 
51  1 
60  -47 
-27  -23 
20  -44 
18  33 
17  -44 
13  32 
40  41 
30  31 
18  38 
-5  46 
12  14 
8  39 
-13  17 
-2  48 
-39  14 
12  2 
35  11 
-11  -15 
-12  -6 
22  -18 
-4  0 
-35  -10 
-18  47 
46  3 
30  -3 
-2  11 
10  12 
38  -16 
-22  79 
-46  16 
4  61 
16  45 
1  24 
21  -19 
32  15 
21  13 
34  11 
29  11 
11  -3 
-9  -8 
16  32 
19  -30 
71  28 
0  6 
25  -7 
46  -41 
-23  14 
22  5 
-3  3 
-9  35 
33  -18 
100  38 
57  25 
-6  -22 
0  -17 
6  -25 
26  45 
-16  -22 
35  34 
8  3 
-7  -35 
7  -24 
-7  19 
28  46 
-19  42 
-18  -8 
-36  55 
20  28 
19  54 
11  -12 
45  -13 
25  -29 
34  -32 
-13  19 
-6  22 
40  1 
22  -20 
46  47 
6  -7 
7  -2 
14  30 
-15  73 
48  53 
-67  26 
-9  20 
-50  72 
-2  17 
35  50 
44  2 
8  1 
-35  43 
5  10 
44  -42 
0  -12 
16  -39 
-5  -13 
-2  38 
29  15 
37  14 
43  -1 
2  -18 
-30  -22 
66  35 
39  22 
56  31 
16  17 
4  17 
51  1 
59  -50 
-31  -23 
23  -43 
15  35 
18  -47 
11  30 
40  39 
32  34 
21  36 
-2  48 
9  12 
12  39 
-10  17 
0  50 
-36  14 
12  2 
39  16 
-11  -15 
-13  -6 
22  -16 
-4  0 
-39  -10 
-15  46 
46  3 
27  -4 
0  12 
11  12 
37  -10 
-17  82 
-44  18 
9  61 
14  51 
3  26 
22  -13 
29  11 
21  13 
39  17 
32  9 
6  -9 
-9  -6 
15  31 
19  -32 
73  29 
-6  5 
21  -6 
44  -37 
-25  14 
22  5 
-1  4 
-10  30 
33  -18 
98  42 
57  23 
-5  -18 
0  -18 
7  -23 
26  45 
-20  -20 
34  34 
8  -1 
-7  -36 
6  -21 
-9  16 
29  38 
-19  41 
-17  -9 
-37  53 
16  25 
24  55 
14  -13 
48  -11 
22  -27 
33  -36 
-12  21 
-6  22 
39  -3 
21  -24 
46  52 
8  -6 
7  1 
8  27 
-17  74 
48  53 
-66  23 
-8  22 
-46  76 
0  18 
36  47 
44  1 
10  5 
-38  43 
5  11 
40  -40 
-1  -13 
16  -40 
-5  -11 
-1  33 
31  16 
36  17 
44  -1 
1  -16 
-33  -22 
71  38 
41  21 
53  32 
16  21 
10  16 
51  1 
57  -54 
-30  -23 
20  -44 
21  34 
18  -48 
9  35 
43  39 
31  34 
20  39 
0  48 
6  15 
13  39 
-3  15 
-1  50 
-38  19 
13  2 
38  17 
-10  -9 
-13  -6 
25  -17 
-4  -2 
-42  -9 
-19  50 
44  3 
27  -3 
6  10 
11  13 
35  -13 
-13  85 
-47  20 
9  58 
16  51 
3  23 
20  -10 
30  12 
22  12 
35  14 
30  7 
5  -7 
-9  -8 
14  28 
19  -38 
74  32 
-7  6 
22  -10 
42  -34 
-23  16 
19  4 
0  1 
-10  30 
34  -20 
102  42 
57  23 
-6  -19 
1  -18 
9  -24 
26  39 
-20  -18 
31  39 
12  -1 
-3  -30 
7  -21 
-3  11 
27  46 
-20  43 
-22  -7 
-37  53 
16  23 
23  55 
