Created:October-13-2022 
Coverage:24 
N:20 
NUM-IONS:96 
NSTEPS:15000 
WRITE-PERIODICITY:100 
epsilon:1.71 
10  5 
27  7 
-5  31 
-8  12 
9  22 
-10  -22 
16  30 
8  1 
-2  23 
29  43 
8  19 
0  -9 
16  14 
10  8 
1  13 
-37  22 
22  18 
-3  7 
33  26 
17  17 
35  15 
6  4 
-11  19 
-10  -3 
19  22 
8  72 
-1  14 
-23  35 
-1  -13 
23  -2 
3  25 
9  -3 
-6  -9 
-1  60 
-23  30 
29  18 
-17  -1 
20  14 
18  16 
16  -3 
2  1 
-1  30 
15  -2 
-9  -15 
9  26 
24  18 
-23  2 
20  3 
3  -3 
10  23 
18  -12 
-9  24 
8  20 
4  20 
19  4 
24  7 
-6  -13 
13  20 
9  7 
12  38 
-3  4 
-5  26 
5  15 
2  8 
19  -17 
14  23 
-4  38 
-14  2 
17  19 
5  -1 
4  14 
4  -12 
29  0 
1  32 
-12  35 
12  -3 
7  40 
23  9 
-4  16 
5  17 
22  -1 
-25  24 
15  20 
-12  7 
6  55 
12  27 
-2  5 
17  -15 
-22  -10 
8  10 
9  9 
-17  51 
42  -9 
11  33 
-2  26 
-19  -6 
8  -5 
25  10 
-2  30 
-9  15 
9  17 
-8  -23 
16  32 
9  -2 
-2  22 
36  40 
7  20 
3  -9 
16  14 
8  7 
-1  13 
-40  19 
23  17 
-3  9 
37  22 
20  20 
30  14 
2  4 
-13  21 
-12  0 
19  27 
9  79 
-3  15 
-17  34 
-2  -14 
26  -5 
2  25 
12  0 
-8  -10 
-1  62 
-26  27 
30  18 
-17  -2 
18  17 
19  15 
14  0 
2  1 
-3  30 
17  -3 
-9  -16 
10  24 
25  17 
-23  4 
20  3 
4  -2 
11  25 
17  -13 
-7  27 
11  19 
3  19 
19  3 
23  7 
-6  -15 
12  21 
10  8 
12  35 
-1  5 
-1  24 
5  18 
3  6 
18  -17 
13  20 
0  41 
-10  2 
20  14 
6  5 
4  15 
8  -11 
28  1 
2  29 
-13  35 
13  -2 
6  42 
23  9 
-3  19 
6  16 
19  -3 
-25  24 
14  23 
-6  15 
3  55 
16  26 
0  6 
11  -12 
-21  -10 
5  4 
11  13 
-16  49 
44  -13 
10  32 
-1  26 
-17  -7 
4  -9 
24  8 
-3  30 
-9  15 
14  17 
-9  -23 
12  31 
10  -3 
-6  23 
35  40 
6  22 
1  -5 
19  15 
10  3 
-2  16 
-37  18 
23  17 
-3  9 
38  23 
16  18 
29  12 
4  4 
-13  21 
-15  -2 
21  27 
8  80 
-2  15 
-12  31 
1  -14 
33  -8 
2  23 
11  -1 
-5  -4 
-3  62 
-26  22 
28  17 
-19  -7 
17  15 
18  14 
14  0 
2  1 
-5  31 
20  0 
-7  -18 
9  22 
28  15 
-19  3 
20  6 
5  -1 
9  23 
17  -14 
-8  26 
9  17 
4  20 
19  2 
25  6 
-5  -14 
10  22 
8  12 
13  36 
-3  4 
-3  23 
3  19 
3  5 
19  -17 
12  20 
-2  41 
-12  7 
23  14 
6  3 
5  17 
6  -15 
28  -2 
3  29 
-17  35 
6  -5 
2  44 
26  10 
-3  18 
9  15 
17  -1 
-24  26 
14  21 
-6  15 
5  54 
11  25 
-6  7 
10  -10 
-19  -8 
5  3 
14  8 
-17  51 
43  -14 
9  29 
-1  24 
-16  -13 
-1  -4 
24  8 
-2  31 
-9  13 
13  17 
-6  -26 
12  30 
13  -6 
-8  23 
34  40 
4  27 
-1  4 
18  16 
7  7 
0  15 
-37  18 
23  17 
-3  12 
38  30 
16  18 
25  17 
8  12 
-11  19 
-14  -3 
22  29 
7  75 
-2  14 
-17  31 
2  -15 
26  -6 
4  23 
12  -3 
-5  -4 
-6  66 
-23  22 
27  21 
-21  -5 
14  17 
23  15 
13  0 
4  1 
0  31 
20  0 
-6  -17 
10  25 
24  15 
-22  3 
18  8 
9  -3 
6  25 
18  -15 
-5  24 
11  19 
3  20 
19  3 
28  6 
-6  -15 
9  23 
11  18 
14  35 
-1  7 
-3  24 
2  19 
3  5 
19  -15 
8  20 
-5  41 
-10  8 
17  19 
10  2 
6  15 
11  -18 
28  -2 
2  30 
-19  34 
3  -6 
2  44 
26  11 
-5  18 
7  13 
17  -5 
-20  28 
15  20 
-3  17 
-2  55 
11  24 
-9  5 
8  -5 
-19  -7 
6  2 
13  11 
-16  52 
43  -14 
10  23 
0  26 
-17  -13 
-3  3 
29  8 
-1  29 
-10  10 
13  16 
-5  -25 
9  29 
10  -12 
-5  29 
37  42 
3  25 
-1  3 
18  16 
10  9 
0  15 
-37  17 
22  18 
-6  10 
38  30 
17  15 
25  17 
14  7 
-10  18 
-17  -2 
19  26 
6  75 
1  13 
-16  34 
-2  -14 
28  -6 
1  28 
13  -3 
-4  -2 
-5  66 
-21  22 
28  25 
-18  -6 
8  18 
25  14 
9  -1 
5  1 
-4  30 
19  0 
-6  -17 
9  20 
25  18 
-20  3 
20  11 
10  0 
9  23 
17  -10 
-2  28 
11  19 
3  19 
18  3 
27  7 
-6  -12 
8  15 
14  17 
12  37 
0  6 
-4  25 
2  21 
3  7 
16  -14 
12  18 
-5  41 
-14  3 
17  18 
10  2 
3  14 
10  -15 
28  0 
3  29 
-19  34 
4  -5 
2  44 
23  11 
-4  16 
6  10 
16  -6 
-17  26 
16  20 
1  15 
3  55 
11  24 
-7  2 
9  -3 
-16  -2 
6  2 
12  9 
-16  49 
41  -8 
10  23 
-3  24 
-15  -14 
-1  4 
28  6 
-3  29 
-5  6 
12  6 
-9  -26 
7  25 
10  -12 
-3  31 
37  42 
2  24 
-2  3 
18  15 
9  9 
2  18 
-37  18 
15  13 
-6  8 
39  30 
17  15 
24  18 
10  4 
-12  12 
-15  -1 
18  27 
4  74 
1  13 
-12  31 
-3  -16 
24  -5 
-1  27 
8  -2 
-4  -2 
-5  64 
-20  20 
27  27 
-20  -7 
7  16 
30  10 
3  -3 
5  3 
-6  31 
20  1 
-7  -17 
8  15 
26  22 
-16  4 
12  9 
7  -5 
14  23 
18  -10 
-2  28 
11  19 
0  17 
20  3 
29  8 
-8  -13 
10  11 
13  17 
12  40 
6  3 
-2  32 
0  19 
2  5 
16  -14 
11  22 
-6  41 
-17  -1 
16  16 
9  2 
4  11 
10  -15 
28  -1 
3  30 
-22  36 
-1  -5 
2  46 
20  11 
-3  18 
3  7 
17  -7 
-18  29 
16  20 
1  14 
3  55 
9  23 
-6  0 
8  -3 
-12  0 
5  6 
10  9 
-17  51 
34  -6 
8  23 
-1  23 
-14  -15 
2  5 
26  7 
-3  29 
-6  7 
13  3 
-9  -25 
8  26 
7  -13 
-12  33 
39  44 
1  24 
0  5 
12  14 
10  8 
-6  15 
-35  17 
16  14 
-8  12 
36  31 
18  15 
28  18 
10  4 
-11  9 
-13  -7 
15  28 
8  74 
-7  16 
-11  28 
-3  -16 
29  -5 
-1  30 
11  -1 
-2  -2 
-7  62 
-23  19 
34  25 
-19  -7 
6  15 
30  5 
8  -8 
7  2 
-5  27 
20  0 
-5  -19 
8  15 
26  23 
-16  2 
11  13 
3  -2 
14  23 
14  -9 
-4  30 
12  18 
3  19 
19  2 
24  15 
-9  -18 
14  14 
14  16 
13  38 
7  1 
0  31 
-2  16 
2  4 
10  -11 
11  24 
-6  40 
-17  -3 
13  17 
6  5 
3  7 
11  -15 
29  -1 
3  29 
-21  34 
1  -6 
-2  50 
23  15 
-6  21 
3  5 
17  -7 
-18  29 
15  24 
5  15 
3  51 
10  21 
-4  5 
8  1 
-11  2 
4  7 
14  10 
-16  51 
34  -3 
7  25 
-3  22 
-15  -14 
0  5 
23  7 
-5  26 
-5  8 
10  4 
-9  -27 
9  26 
8  -14 
-12  35 
37  44 
1  23 
-6  6 
16  16 
10  10 
-5  15 
-32  20 
16  14 
-11  8 
37  29 
18  15 
25  18 
10  2 
-13  8 
-13  -5 
13  31 
9  78 
-7  15 
-9  24 
-3  -19 
28  -8 
0  31 
11  -1 
-3  2 
-6  63 
-24  18 
33  23 
-23  -5 
4  15 
34  5 
9  -5 
7  1 
-1  23 
20  -1 
-7  -18 
11  15 
24  21 
-13  2 
14  8 
3  -3 
20  20 
10  -9 
-6  33 
15  16 
3  19 
19  2 
22  13 
-14  -15 
12  14 
14  16 
13  37 
8  1 
-6  34 
-1  15 
3  6 
10  -12 
12  23 
-4  40 
-17  -2 
14  17 
6  2 
2  4 
10  -15 
29  -1 
3  30 
-19  34 
0  -3 
-3  53 
21  12 
-5  21 
0  3 
21  -7 
-18  29 
14  27 
6  19 
3  51 
14  20 
-7  7 
10  3 
-9  2 
4  7 
20  10 
-14  52 
35  -9 
5  26 
-1  27 
-18  -12 
2  8 
23  7 
-6  31 
-10  8 
8  -2 
-6  -31 
9  26 
10  -10 
-14  35 
37  44 
0  19 
-3  3 
16  17 
3  5 
-9  17 
-30  20 
16  14 
-10  12 
40  31 
19  16 
23  17 
11  4 
-14  7 
-16  -2 
11  32 
7  75 
-7  14 
-10  25 
-1  -18 
27  -7 
-1  30 
11  -1 
0  0 
-8  64 
-24  18 
39  25 
-28  -6 
1  14 
34  5 
11  -7 
5  -1 
-2  25 
20  3 
-3  -22 
11  15 
24  20 
-11  3 
14  8 
3  -1 
16  16 
8  -8 
-6  37 
14  14 
3  18 
21  3 
26  12 
-14  -18 
18  10 
11  8 
12  37 
8  1 
-10  34 
-4  15 
2  4 
7  -14 
10  24 
-4  40 
-15  -5 
15  15 
5  3 
0  7 
10  -18 
29  -3 
8  27 
-22  34 
-1  0 
-5  51 
24  8 
-7  20 
-2  3 
20  -5 
-17  29 
14  27 
5  18 
2  49 
15  20 
-8  12 
10  3 
-11  2 
4  7 
19  7 
-12  55 
37  -10 
5  26 
-2  26 
-19  -13 
-2  11 
24  4 
-7  26 
-11  14 
10  -2 
-4  -29 
6  25 
14  -8 
-14  39 
37  42 
-3  15 
-7  0 
18  15 
1  7 
-10  17 
-29  17 
16  14 
-10  12 
37  30 
20  19 
23  18 
10  3 
-9  0 
-16  -8 
9  29 
9  77 
-11  15 
-8  27 
-1  -16 
27  -7 
-1  30 
11  -1 
0  0 
-10  65 
-24  18 
40  23 
-27  -5 
4  14 
35  6 
11  -7 
3  -3 
-3  27 
18  3 
1  -28 
11  15 
27  15 
-11  6 
15  8 
3  -1 
18  21 
8  -3 
-7  37 
15  16 
2  18 
23  5 
28  15 
-12  -19 
14  8 
17  11 
14  37 
9  -2 
-10  34 
-4  16 
2  4 
10  -9 
11  22 
-5  38 
-19  -7 
13  16 
9  2 
-4  4 
11  -16 
28  -7 
6  32 
-23  37 
-1  3 
-2  50 
23  7 
-6  20 
-3  3 
20  -5 
-18  29 
15  29 
5  17 
1  48 
14  23 
-10  9 
10  2 
-11  3 
4  6 
19  5 
-12  58 
37  -11 
5  23 
-6  27 
-21  -13 
-1  10 
26  2 
-8  23 
-12  15 
9  -5 
-6  -29 
2  24 
12  -3 
-17  39 
38  44 
-2  16 
-5  0 
18  15 
2  5 
-12  19 
-32  16 
17  15 
-13  13 
34  27 
21  18 
20  20 
11  2 
-11  -3 
-17  -11 
9  28 
7  76 
-16  20 
-5  21 
1  -13 
23  -2 
0  31 
12  0 
0  -6 
-10  64 
-18  19 
40  23 
-27  -3 
1  14 
38  5 
15  -4 
4  -5 
-3  30 
17  2 
2  -32 
13  15 
26  12 
-13  7 
18  8 
-2  -1 
19  22 
9  -1 
-8  39 
16  16 
3  17 
24  4 
28  12 
-10  -23 
11  8 
15  11 
14  34 
10  2 
-10  34 
-3  17 
5  6 
10  -12 
9  23 
-4  40 
-20  -7 
13  16 
9  4 
-3  9 
13  -14 
23  -5 
7  35 
-22  41 
-2  3 
-2  50 
23  6 
-3  18 
-3  4 
19  -5 
-18  29 
15  26 
8  17 
3  45 
14  23 
-9  4 
9  9 
-12  1 
4  8 
20  5 
-12  60 
39  -15 
7  26 
-10  32 
-21  -14 
-3  10 
28  6 
-9  25 
-12  11 
7  -4 
-2  -28 
2  24 
15  -2 
-17  39 
36  46 
1  12 
-5  0 
17  19 
5  3 
-10  20 
-30  18 
19  14 
-15  17 
34  22 
22  18 
16  18 
10  2 
-8  -2 
-17  -8 
5  31 
3  75 
-15  21 
-5  26 
-2  -17 
26  -2 
-7  32 
16  -1 
-1  -10 
-10  63 
-20  21 
37  22 
-28  -1 
1  11 
44  4 
14  -3 
0  -7 
-6  34 
20  3 
3  -31 
13  17 
27  7 
-14  3 
21  8 
0  0 
19  23 
5  -4 
-7  40 
17  18 
3  17 
26  2 
30  8 
-11  -23 
11  8 
12  10 
12  37 
10  5 
-11  40 
-5  16 
3  6 
5  -5 
9  22 
-4  40 
-19  -6 
13  16 
11  4 
-3  9 
10  -8 
27  -5 
6  35 
-20  35 
-2  1 
-2  50 
23  4 
-3  17 
-1  2 
18  -5 
-17  27 
9  26 
8  20 
4  48 
15  24 
-10  4 
8  7 
-14  1 
2  8 
24  7 
-8  60 
38  -15 
9  27 
-11  29 
-21  -13 
-2  10 
30  3 
-9  24 
-16  15 
11  -2 
-5  -24 
4  24 
15  -2 
-17  38 
34  48 
0  11 
-6  5 
18  14 
5  3 
-9  19 
-28  20 
17  15 
-17  17 
34  23 
26  15 
14  17 
10  2 
-7  -3 
-22  -8 
6  27 
7  75 
-17  20 
-4  29 
-1  -16 
26  -4 
-12  34 
18  -4 
-3  -9 
-6  67 
-19  14 
37  22 
-27  0 
3  11 
46  2 
16  -6 
0  -10 
-6  33 
19  7 
2  -31 
15  13 
25  9 
-12  1 
20  3 
-1  0 
18  23 
3  -5 
-5  40 
20  15 
1  19 
26  3 
30  11 
-11  -25 
16  11 
14  10 
8  36 
7  7 
-11  39 
-4  16 
5  6 
5  -1 
10  25 
-4  40 
-19  -7 
18  11 
9  3 
-4  10 
16  -15 
28  -5 
2  38 
-20  41 
-2  1 
-8  50 
23  5 
-4  18 
-1  3 
19  -6 
-17  26 
11  29 
10  17 
6  49 
15  26 
-13  1 
7  4 
-17  -1 
-1  5 
24  8 
-6  60 
37  -15 
8  32 
-9  32 
-20  -15 
-1  10 
28  4 
-10  24 
-15  15 
9  1 
-8  -23 
2  24 
21  -1 
-17  39 
39  42 
1  13 
-3  11 
19  16 
7  6 
-12  19 
-28  20 
17  15 
-17  18 
37  21 
25  17 
13  16 
8  3 
-7  -5 
-22  -8 
3  27 
7  75 
-16  23 
-5  29 
-3  -18 
26  -3 
-12  35 
20  -5 
-3  -8 
-7  67 
-19  14 
35  20 
-27  2 
5  11 
46  4 
16  -6 
0  -10 
-10  30 
19  5 
2  -31 
16  7 
23  9 
-14  -5 
20  3 
-2  -4 
18  22 
4  -6 
-6  42 
17  17 
0  20 
29  3 
29  8 
-9  -32 
17  10 
14  9 
7  42 
9  -1 
-10  43 
-6  14 
5  6 
5  -1 
10  25 
-4  40 
-17  -6 
14  11 
14  5 
-8  14 
16  -15 
23  -5 
2  38 
-24  38 
-3  -2 
-12  47 
23  4 
-4  17 
-5  3 
28  -6 
-18  25 
9  29 
13  20 
4  47 
11  25 
-20  4 
8  6 
-18  1 
-1  4 
24  8 
-6  60 
34  -13 
8  32 
-6  37 
-20  -12 
-3  9 
22  4 
-10  22 
-12  15 
3  0 
-11  -23 
-2  28 
16  -4 
-17  39 
39  43 
-2  15 
-5  13 
17  15 
5  6 
-10  20 
-30  18 
12  18 
-17  17 
37  22 
23  18 
10  17 
6  2 
-7  -5 
-26  -6 
4  27 
1  72 
-14  23 
-8  37 
-1  -14 
24  -2 
-13  35 
21  -6 
-1  -13 
-5  64 
-22  16 
36  20 
-26  1 
4  14 
50  -4 
16  -6 
-3  -8 
-11  29 
15  0 
2  -31 
14  8 
23  9 
-12  -8 
19  4 
1  -7 
20  23 
-1  -4 
-6  43 
21  19 
0  20 
29  -6 
31  4 
-9  -25 
18  3 
18  11 
9  39 
5  -4 
-11  47 
-7  17 
3  6 
5  1 
5  23 
-6  40 
-17  -5 
11  8 
14  6 
-5  16 
14  -11 
25  -3 
2  38 
-23  37 
-3  -2 
-10  50 
22  5 
-1  21 
-7  2 
28  -4 
-16  24 
7  25 
11  20 
1  48 
10  25 
-27  7 
8  7 
-17  2 
-5  6 
24  8 
-7  60 
28  -14 
3  31 
-6  37 
-20  -15 
-8  12 
22  5 
-10  25 
-11  19 
4  0 
-13  -25 
-1  30 
17  -5 
-16  38 
38  43 
-2  16 
-7  16 
21  15 
5  6 
-13  21 
-32  13 
8  15 
-17  19 
40  21 
21  19 
8  20 
8  1 
-3  -3 
-27  -9 
4  27 
3  71 
-12  26 
-7  35 
-6  -9 
25  -2 
-14  35 
24  -7 
1  -12 
-3  64 
-24  16 
31  19 
-28  0 
-4  18 
42  -6 
15  -7 
0  -10 
-5  26 
18  2 
2  -29 
14  9 
29  8 
-12  -8 
21  3 
-5  -9 
19  22 
-2  -5 
-1  47 
20  20 
-6  22 
29  -5 
30  2 
-10  -26 
19  4 
20  11 
9  43 
2  -8 
-14  45 
-8  17 
4  8 
5  1 
6  23 
-6  40 
-15  -3 
14  14 
11  4 
-6  17 
11  -11 
27  -7 
-1  40 
-23  38 
3  -3 
-3  49 
17  6 
-3  23 
-6  1 
21  -7 
-15  23 
6  22 
13  18 
3  52 
10  24 
-26  6 
9  9 
-17  -2 
-8  7 
23  7 
-10  63 
30  -9 
1  34 
-4  34 
-25  -16 
-12  6 
19  5 
-11  23 
-11  19 
4  0 
-8  -23 
-2  30 
20  -3 
-12  35 
41  44 
-3  19 
-6  17 
16  16 
9  7 
-13  16 
-32  18 
8  21 
-20  19 
40  20 
22  18 
9  22 
7  -5 
-7  -3 
-30  -2 
2  24 
3  71 
-15  27 
-5  36 
-6  -9 
26  0 
-16  31 
25  -1 
3  -11 
-3  69 
-30  14 
30  19 
-29  -1 
-5  18 
43  -14 
17  -13 
0  -9 
-10  25 
17  2 
1  -27 
14  7 
28  4 
-11  -6 
19  4 
-6  -15 
19  20 
-2  -5 
-3  43 
16  20 
-9  22 
32  -8 
29  6 
-12  -28 
20  3 
24  15 
10  43 
1  -5 
-14  43 
-7  18 
7  7 
2  1 
7  21 
-4  38 
-14  -8 
14  15 
15  6 
-11  17 
14  -10 
29  -4 
-1  42 
-22  36 
3  -3 
-3  46 
19  7 
-2  25 
-6  3 
19  -10 
-15  21 
5  23 
17  17 
7  48 
10  24 
-23  4 
11  8 
-16  -2 
-6  6 
18  4 
-12  67 
30  -9 
2  34 
-10  37 
-25  -16 
-13  4 
20  8 
-11  22 
-15  17 
3  -2 
-7  -20 
0  31 
21  -7 
-13  35 
40  43 
-4  14 
-10  12 
16  6 
8  6 
-13  16 
-34  18 
13  22 
-26  21 
40  21 
22  18 
10  24 
6  -5 
-6  -3 
-28  -3 
2  24 
3  75 
-14  25 
-3  35 
-5  -9 
25  -2 
-16  27 
25  -5 
2  -11 
-3  69 
-30  9 
33  17 
-30  0 
-3  17 
43  -14 
19  -15 
3  -9 
-10  23 
21  0 
1  -26 
11  5 
28  3 
-11  -16 
13  5 
-9  -16 
18  21 
-4  -9 
-1  44 
20  16 
-8  27 
32  -6 
28  7 
-14  -33 
19  3 
27  13 
10  42 
-3  -9 
-14  40 
-5  15 
7  7 
2  3 
6  22 
-3  38 
-12  -9 
10  10 
17  10 
-13  21 
14  -15 
28  -2 
-1  42 
-22  36 
3  -3 
-4  45 
19  7 
-3  23 
-6  2 
12  -8 
-17  20 
6  23 
16  18 
10  48 
10  25 
-23  2 
14  7 
-12  -5 
-11  3 
20  6 
-13  66 
30  -6 
-2  35 
-9  42 
-25  -16 
-11  8 
18  11 
-11  23 
-11  19 
6  0 
-10  -16 
3  29 
17  -1 
-13  35 
43  46 
-4  14 
-14  5 
19  4 
7  8 
-15  18 
-36  15 
13  20 
-31  18 
42  18 
23  18 
8  21 
5  -5 
-4  -3 
-24  -4 
6  23 
3  75 
-12  27 
-4  32 
-10  -10 
25  -3 
-16  27 
24  -2 
2  -11 
-2  70 
-26  11 
32  15 
-29  -1 
-3  17 
43  -13 
18  -17 
4  -8 
-10  25 
20  -1 
-2  -24 
14  6 
28  6 
-12  -12 
12  12 
-6  -15 
17  23 
-3  -9 
-1  43 
20  20 
-5  26 
31  -11 
25  6 
-13  -27 
18  7 
28  12 
13  42 
-1  -10 
-12  40 
-6  14 
9  9 
3  5 
7  22 
-3  38 
-12  -10 
15  11 
21  13 
-12  16 
14  -17 
30  -3 
1  47 
-14  35 
3  -3 
-2  45 
15  9 
-3  22 
-5  0 
12  -11 
-17  19 
6  22 
16  18 
11  44 
10  22 
-23  4 
14  10 
-12  -1 
-10  8 
19  7 
-16  68 
28  -5 
-2  35 
-6  41 
-25  -16 
-14  5 
16  9 
-12  23 
-12  21 
5  -5 
-10  -16 
0  30 
14  0 
-10  37 
43  46 
-4  14 
-12  6 
23  5 
8  8 
-15  16 
-37  13 
12  20 
-32  20 
42  18 
23  19 
7  21 
6  -3 
-5  -2 
-27  -3 
6  23 
3  75 
-5  26 
-3  29 
-10  -10 
25  -2 
-18  29 
23  -2 
4  -9 
-5  69 
-27  7 
31  12 
-29  -1 
1  16 
44  -13 
20  -20 
3  -9 
-11  22 
23  -6 
1  -26 
15  0 
30  5 
-12  -13 
12  10 
-6  -13 
21  23 
-1  -10 
-1  42 
14  15 
-6  25 
34  -6 
25  6 
-17  -28 
18  3 
28  12 
12  39 
1  -12 
-15  43 
-6  11 
10  11 
2  4 
6  22 
-7  38 
-10  -18 
14  10 
21  13 
-8  17 
13  -18 
33  0 
-1  47 
-11  35 
3  -3 
3  47 
12  12 
0  23 
-4  0 
13  -6 
-16  20 
5  21 
16  18 
14  41 
10  23 
-24  5 
14  6 
-13  -5 
-8  9 
19  3 
-17  69 
29  -3 
-3  35 
-5  41 
-25  -16 
-18  4 
13  17 
-11  23 
-12  20 
7  -7 
-9  -16 
1  31 
14  0 
-17  39 
44  44 
-4  14 
-7  3 
19  10 
7  4 
-10  18 
-36  15 
11  13 
-33  16 
42  18 
24  20 
6  22 
7  1 
-10  3 
-26  -3 
6  24 
-1  74 
-5  24 
-3  30 
-14  -13 
25  -3 
-13  27 
23  -3 
8  -5 
-2  68 
-26  5 
38  10 
-31  -3 
-6  15 
44  -12 
20  -22 
3  -9 
-12  23 
26  -5 
-1  -27 
12  -1 
30  4 
-10  -12 
8  6 
-8  -13 
18  23 
-3  -11 
0  46 
14  6 
-9  29 
35  -4 
25  7 
-17  -27 
18  1 
26  13 
12  37 
3  -11 
-14  45 
-6  7 
11  8 
3  7 
5  21 
-9  39 
-11  -15 
15  11 
25  12 
-9  17 
14  -19 
29  0 
2  49 
-15  39 
3  -2 
4  47 
10  14 
0  23 
-3  -3 
16  -4 
-15  18 
5  23 
16  18 
19  42 
7  25 
-23  8 
15  6 
-13  -5 
-10  12 
17  7 
-11  69 
28  -3 
-4  40 
-3  42 
-23  -16 
-20  3 
11  14 
-10  22 
-14  19 
8  -8 
-11  -17 
2  34 
13  0 
-18  41 
44  46 
-4  16 
-10  0 
20  11 
8  6 
-6  14 
-37  15 
12  11 
-37  18 
39  20 
25  24 
6  23 
8  0 
-9  4 
-28  -6 
8  29 
-1  76 
-5  24 
-1  30 
-17  -13 
24  -5 
-17  24 
26  -2 
9  -5 
-2  68 
-29  8 
37  11 
-32  -3 
-6  15 
44  -12 
18  -21 
8  -12 
-11  22 
26  -5 
-2  -24 
11  -3 
27  6 
-14  -13 
9  9 
-7  -13 
17  24 
-6  -9 
2  48 
14  7 
-8  29 
32  0 
25  6 
-17  -29 
17  -3 
27  15 
12  37 
4  -10 
-10  48 
-6  5 
14  9 
2  4 
3  19 
-9  39 
-13  -13 
15  11 
23  12 
-9  21 
14  -20 
29  -4 
0  46 
-15  37 
3  -3 
3  49 
9  8 
-1  27 
-3  -1 
16  -3 
-15  21 
7  20 
17  18 
18  43 
6  25 
-30  10 
10  4 
-11  -3 
-10  9 
17  9 
-14  66 
27  1 
-5  46 
-3  42 
-21  -18 
-20  6 
3  11 
-10  24 
-17  17 
10  -15 
-14  -18 
1  33 
13  0 
-22  41 
47  50 
0  15 
-11  -2 
22  8 
7  5 
-8  12 
-37  14 
14  7 
-30  17 
37  24 
23  26 
3  25 
8  1 
-12  6 
-29  -5 
8  32 
4  75 
-2  26 
-1  30 
-17  -13 
20  0 
-15  27 
31  -1 
9  -3 
-7  66 
-31  6 
38  10 
-32  -5 
-6  17 
44  -13 
15  -22 
9  -13 
-8  20 
25  -3 
0  -19 
7  1 
30  3 
-14  -11 
8  7 
-10  -9 
20  23 
-5  -9 
0  45 
15  4 
-8  26 
32  -3 
25  6 
-14  -28 
17  -5 
29  15 
11  37 
-3  -10 
-4  51 
-10  2 
15  6 
3  4 
2  18 
-14  43 
-14  -12 
18  11 
30  14 
-4  20 
13  -18 
30  0 
-1  44 
-22  37 
6  -5 
2  49 
7  13 
-1  27 
-4  -4 
18  -6 
-17  19 
5  15 
17  18 
19  43 
7  27 
-30  8 
9  2 
-7  -3 
-8  7 
17  9 
-14  65 
25  3 
-6  43 
-2  43 
-21  -18 
-17  7 
8  12 
-9  24 
-17  19 
12  -13 
-13  -19 
-2  30 
10  5 
-27  42 
47  47 
4  15 
-9  -5 
22  9 
9  2 
-8  10 
-39  13 
14  7 
-35  17 
38  23 
21  28 
2  24 
8  -1 
-14  -1 
-27  -5 
11  32 
1  74 
-5  22 
0  31 
-16  -13 
19  2 
-13  24 
33  0 
8  -5 
-4  60 
-33  5 
36  10 
-34  -5 
-6  17 
44  -12 
16  -26 
10  -12 
-7  18 
22  -2 
3  -14 
8  0 
29  3 
-10  -16 
8  7 
-5  -9 
20  23 
-10  -8 
-2  48 
15  4 
-5  26 
34  -6 
25  6 
-17  -29 
19  -4 
28  21 
13  37 
-4  -9 
-3  50 
-10  2 
19  4 
4  4 
3  18 
-14  42 
-9  -11 
17  9 
25  16 
-8  26 
14  -20 
29  -3 
-3  44 
-25  38 
7  -4 
3  49 
7  15 
3  25 
-3  -2 
16  -2 
-16  21 
5  18 
18  15 
19  45 
8  26 
-31  8 
10  3 
-8  -2 
-6  5 
14  11 
-14  65 
25  1 
-6  43 
-6  42 
-21  -17 
-13  6 
8  7 
-12  29 
-21  23 
12  -17 
-14  -18 
-2  30 
4  9 
-26  42 
46  44 
9  16 
-7  -5 
22  9 
11  4 
-12  11 
-37  15 
16  6 
-33  18 
37  24 
19  25 
3  26 
5  -3 
-17  -3 
-28  -3 
7  35 
-3  75 
-7  22 
0  31 
-16  -12 
17  2 
-15  23 
31  -1 
6  -11 
-4  60 
-30  10 
39  10 
-34  -5 
-6  17 
45  -14 
16  -26 
7  -13 
-7  18 
22  -2 
4  -13 
10  -3 
29  9 
-7  -14 
6  6 
-6  -9 
19  24 
-7  -9 
-2  45 
15  4 
-6  26 
36  -4 
23  7 
-19  -26 
19  -5 
28  20 
14  34 
-4  -9 
-3  49 
-11  2 
20  3 
4  4 
3  18 
-10  42 
-11  -14 
15  11 
26  12 
-3  25 
14  -20 
25  -4 
0  40 
-23  38 
9  -6 
9  47 
7  16 
2  24 
-3  1 
12  -2 
-17  19 
5  19 
18  15 
17  48 
8  26 
-30  8 
8  -2 
-11  -1 
-7  5 
12  11 
-14  63 
25  1 
-6  43 
-4  38 
-24  -15 
-15  3 
5  6 
-10  28 
-23  22 
10  -18 
-14  -15 
-2  32 
4  12 
-26  41 
47  47 
8  11 
-7  -9 
23  9 
11  4 
-3  9 
-37  15 
15  8 
-32  21 
39  24 
16  27 
3  24 
5  -5 
-17  -1 
-32  -1 
7  30 
-1  75 
-6  20 
2  34 
-15  -11 
15  -2 
-14  23 
28  -5 
9  -13 
-6  57 
-28  19 
38  10 
-32  -8 
-8  17 
50  -16 
21  -26 
8  -11 
-9  15 
24  1 
6  -13 
9  -1 
33  10 
-4  -14 
10  11 
-6  -8 
18  25 
-3  -9 
-3  44 
19  3 
-6  31 
33  -3 
23  6 
-27  -24 
16  -3 
25  18 
14  34 
-1  -10 
-6  48 
-10  5 
18  3 
2  4 
4  15 
-11  42 
-11  -11 
15  10 
26  15 
-5  24 
12  -20 
25  -1 
-3  39 
-25  35 
8  -4 
12  46 
6  14 
2  29 
-3  -2 
11  -1 
-20  17 
8  20 
23  11 
21  48 
8  27 
-29  9 
4  -6 
-14  2 
-10  3 
10  10 
-13  68 
26  4 
-5  40 
-2  37 
-21  -18 
-14  3 
6  6 
-6  31 
-25  21 
9  -17 
-10  -15 
-2  28 
-1  14 
-24  40 
48  49 
3  14 
-8  -5 
24  8 
10  3 
-3  12 
-42  16 
17  11 
-35  17 
43  26 
20  23 
4  24 
5  -4 
-17  -2 
-30  4 
6  30 
0  80 
-9  24 
8  33 
-18  -12 
15  -4 
-15  23 
27  -5 
8  -14 
-6  54 
-26  15 
37  13 
-32  -5 
-8  18 
50  -18 
20  -25 
8  -12 
-9  15 
26  2 
7  -13 
10  0 
37  9 
-6  -13 
10  10 
-8  -10 
17  27 
-3  -10 
-2  41 
19  3 
-5  31 
32  -1 
24  7 
-29  -28 
21  -7 
22  18 
14  37 
0  -9 
-6  46 
-14  5 
17  4 
2  4 
4  16 
-13  45 
-10  -8 
18  11 
23  15 
-13  28 
14  -20 
25  -2 
-4  37 
-23  38 
11  2 
14  50 
1  14 
2  29 
-4  -2 
11  -1 
-24  16 
8  20 
23  11 
19  44 
10  28 
-31  15 
3  -8 
-13  1 
-11  2 
10  9 
-11  69 
32  6 
-6  41 
-2  35 
-23  -18 
-14  2 
4  8 
-5  26 
-25  21 
5  -15 
-10  -16 
-2  28 
7  15 
-23  38 
46  47 
6  12 
-8  -3 
24  14 
11  4 
-7  10 
-39  14 
17  8 
-31  22 
42  21 
22  24 
3  26 
5  -5 
-17  -2 
-26  5 
8  36 
0  83 
-10  25 
10  31 
-18  -14 
16  -5 
-17  25 
26  -3 
9  -11 
-7  54 
-22  15 
36  5 
-33  -7 
-7  16 
50  -17 
21  -25 
4  -13 
-9  15 
26  3 
7  -13 
16  0 
35  11 
-12  -14 
12  7 
-8  -9 
19  23 
-2  -6 
-1  40 
19  2 
-6  30 
31  -3 
23  7 
-27  -29 
17  -5 
23  19 
8  38 
1  -7 
-8  46 
-12  10 
13  13 
-1  5 
4  15 
-14  45 
-9  -8 
16  11 
25  17 
-18  29 
13  -18 
25  -2 
-3  37 
-23  39 
14  0 
21  48 
-5  4 
-1  27 
-4  -3 
13  -3 
-20  13 
8  15 
23  15 
18  43 
9  28 
-34  20 
6  -5 
-11  -2 
-13  1 
14  7 
-10  70 
32  4 
-9  46 
-2  36 
-23  -16 
-15  -2 
4  7 
-6  26 
-26  21 
10  -15 
-10  -16 
-1  30 
5  17 
-24  38 
44  48 
3  15 
-12  1 
23  12 
9  3 
-15  6 
-44  11 
16  14 
-31  22 
42  21 
19  22 
3  25 
9  -5 
-17  -2 
-21  4 
9  34 
0  83 
-9  24 
14  25 
-22  -15 
11  -5 
-17  24 
26  -5 
7  -13 
-3  55 
-17  19 
31  9 
-31  -11 
-3  10 
48  -20 
24  -20 
3  -14 
-7  14 
26  5 
4  -11 
14  3 
34  11 
-12  -8 
11  2 
-12  -14 
19  23 
1  -7 
0  40 
18  3 
-2  30 
32  -3 
23  7 
-30  -28 
18  -3 
25  21 
10  40 
-2  -6 
-7  47 
-17  11 
12  9 
-3  2 
4  15 
-12  47 
-9  -8 
20  10 
22  23 
-20  28 
12  -22 
29  -3 
-6  34 
-27  40 
12  0 
19  47 
-5  4 
-3  27 
-3  -3 
10  -3 
-22  15 
8  15 
27  15 
17  44 
8  28 
-33  26 
3  -11 
-9  -1 
-14  -2 
14  7 
-10  71 
30  2 
-14  50 
-1  34 
-19  -25 
-15  -4 
4  8 
-8  28 
-26  23 
15  -12 
-10  -15 
-11  29 
6  10 
-19  34 
42  49 
1  13 
-13  1 
23  14 
10  4 
-15  6 
-43  10 
12  17 
-31  19 
42  21 
19  22 
2  24 
8  -5 
-18  -2 
-22  4 
8  38 
0  83 
-10  23 
10  32 
-23  -11 
11  -6 
-19  16 
25  -2 
3  -9 
-3  55 
-17  18 
27  5 
-31  -5 
-4  10 
50  -18 
23  -21 
4  -16 
-4  17 
30  0 
6  -13 
13  2 
31  12 
-16  -8 
12  3 
-14  -15 
18  23 
0  -9 
-4  38 
19  7 
-8  32 
37  -2 
23  5 
-31  -23 
15  -2 
23  20 
8  41 
-2  -4 
-8  47 
-16  11 
8  12 
-3  2 
3  15 
-12  46 
-6  -3 
19  10 
22  25 
-20  25 
13  -23 
24  -2 
-4  31 
-26  34 
8  -3 
18  46 
-7  0 
-8  26 
-3  -1 
7  -5 
-22  11 
6  15 
23  12 
17  44 
7  27 
-35  23 
3  -11 
-9  -1 
-15  1 
14  11 
-12  67 
31  2 
-15  57 
1  35 
-20  -24 
-16  -5 
4  8 
-10  29 
-26  25 
13  -16 
-11  -12 
-16  32 
8  1 
-20  35 
39  50 
-3  15 
-15  1 
21  14 
16  6 
-14  5 
-46  11 
15  16 
-30  14 
45  23 
18  21 
2  25 
3  -6 
-17  -2 
-21  2 
6  38 
0  83 
-13  26 
12  29 
-23  -10 
15  -5 
-22  15 
25  -2 
5  -5 
-1  54 
-16  18 
28  6 
-33  -5 
-6  10 
50  -18 
23  -21 
4  -16 
-3  20 
30  4 
9  -11 
14  3 
36  16 
-20  -7 
10  5 
-13  -13 
19  23 
0  -9 
-3  37 
19  7 
-12  35 
36  -2 
23  6 
-34  -20 
11  0 
22  21 
6  42 
1  -5 
-4  51 
-17  9 
8  12 
-3  2 
3  11 
-10  51 
-9  -5 
17  11 
23  25 
-21  25 
13  -24 
25  -3 
-2  30 
-26  34 
8  -1 
17  49 
-6  -3 
-5  28 
-6  0 
7  -7 
-22  12 
5  16 
20  14 
17  43 
8  31 
-34  19 
3  -13 
-12  0 
-16  0 
16  5 
-10  68 
29  -3 
-14  57 
-2  36 
-17  -23 
-16  -5 
4  8 
-9  29 
-25  24 
12  -20 
-12  -14 
-17  31 
5  -3 
-19  35 
40  51 
0  12 
-16  1 
22  14 
19  5 
-17  4 
-46  6 
17  18 
-27  17 
47  21 
19  20 
3  26 
3  -5 
-18  -2 
-21  4 
6  37 
-2  83 
-14  26 
11  22 
-26  -9 
8  -5 
-23  15 
28  -1 
7  -5 
1  54 
-17  18 
27  7 
-28  -6 
-5  9 
50  -17 
23  -21 
6  -18 
-11  22 
29  3 
10  -15 
14  5 
40  20 
-22  -4 
6  5 
-9  -16 
20  23 
-1  -6 
-3  37 
19  7 
-9  37 
35  -2 
26  3 
-35  -25 
14  0 
22  21 
5  41 
-1  -1 
-6  54 
-18  9 
10  10 
-6  1 
9  6 
-6  55 
-9  -5 
17  13 
25  26 
-22  25 
13  -25 
26  -5 
-3  32 
-26  37 
8  0 
17  47 
-9  -1 
-4  31 
-4  0 
9  -1 
-23  10 
3  14 
18  15 
18  48 
10  28 
-32  21 
4  -13 
-14  -1 
-16  0 
16  6 
-10  72 
30  -6 
-11  54 
0  39 
-17  -23 
-13  -7 
3  9 
-15  29 
-25  24 
10  -17 
-17  -15 
-18  29 
5  -3 
-14  35 
37  49 
1  13 
-16  1 
20  15 
19  7 
-17  12 
-48  3 
16  20 
-30  19 
47  21 
18  28 
5  21 
4  -8 
-17  -1 
-21  3 
10  30 
-7  82 
-14  27 
8  25 
-26  -6 
8  -5 
-20  14 
29  -1 
10  -3 
1  54 
-12  12 
27  7 
-26  -3 
-2  10 
47  -14 
23  -23 
6  -18 
-10  22 
29  3 
10  -15 
14  3 
40  21 
-21  -6 
5  5 
-11  -18 
22  25 
-2  -4 
-4  34 
17  4 
-12  39 
37  -1 
25  3 
-36  -26 
14  0 
22  21 
9  37 
0  -4 
-7  54 
-20  11 
8  7 
-6  1 
10  8 
-4  56 
-11  -11 
20  10 
25  26 
-19  23 
13  -20 
25  -5 
0  26 
-27  38 
12  -3 
19  42 
-9  -1 
-2  31 
-3  -2 
8  0 
-21  10 
3  15 
20  20 
17  47 
6  25 
-32  21 
2  -16 
-12  3 
-17  0 
14  5 
-6  71 
33  -3 
-6  52 
2  38 
-15  -22 
-13  -7 
3  9 
-13  25 
-31  22 
12  -17 
-16  -13 
-18  29 
5  -3 
-19  33 
35  51 
-1  16 
-11  -1 
20  14 
17  10 
-16  12 
-50  10 
13  20 
-33  15 
45  23 
19  27 
5  21 
3  -9 
-15  -5 
-17  5 
12  29 
-7  83 
-12  31 
8  26 
-26  -5 
6  -5 
-20  13 
31  -3 
15  -5 
1  54 
-12  12 
23  6 
-28  -3 
-6  11 
47  -16 
23  -22 
10  -26 
-9  22 
30  3 
11  -16 
14  3 
37  22 
-22  -5 
6  5 
-10  -15 
23  24 
1  -5 
-6  37 
15  4 
-14  37 
36  -4 
27  2 
-38  -30 
17  1 
22  24 
9  37 
1  -3 
-7  52 
-20  11 
7  8 
-8  -2 
9  6 
-3  55 
-12  -13 
20  10 
25  26 
-20  23 
15  -19 
23  -5 
-1  23 
-24  34 
10  -2 
21  48 
-9  -1 
-6  30 
1  -4 
6  -2 
-20  6 
3  14 
20  15 
15  46 
6  22 
-34  19 
4  -16 
-9  5 
-16  -3 
13  6 
-2  72 
34  -4 
-8  54 
3  39 
-12  -19 
-14  -5 
3  9 
-14  23 
-30  23 
11  -18 
-14  -7 
-18  29 
5  -2 
-19  34 
37  51 
0  16 
-11  -1 
18  17 
13  11 
-11  9 
-49  9 
14  20 
-32  18 
50  20 
17  22 
9  21 
4  -8 
-18  -6 
-17  6 
10  30 
-5  86 
-12  31 
5  23 
-26  -6 
8  -1 
-21  21 
31  -1 
13  -6 
3  54 
-12  12 
24  8 
-27  0 
-10  8 
44  -13 
23  -21 
16  -25 
-13  26 
29  2 
12  -17 
14  3 
34  22 
-22  -4 
6  5 
-14  -10 
23  25 
0  -5 
-6  37 
15  4 
-15  37 
36  -2 
27  1 
-34  -23 
15  0 
18  23 
8  40 
-2  -6 
-1  50 
-19  12 
7  7 
-7  -4 
7  8 
-5  56 
-12  -13 
20  11 
25  26 
-21  23 
15  -19 
24  -5 
-1  22 
-23  35 
8  -5 
20  46 
-12  -3 
-6  31 
0  -6 
2  -2 
-25  8 
7  13 
17  19 
10  44 
8  21 
-34  22 
2  -15 
-10  5 
-22  -5 
14  6 
-3  69 
35  -9 
-4  56 
3  37 
-7  -22 
-12  -8 
3  9 
-17  32 
-29  24 
9  -17 
-12  -5 
-21  26 
6  -3 
-22  34 
38  50 
1  19 
-11  -1 
15  21 
5  6 
-10  4 
-50  9 
16  20 
-34  16 
52  20 
17  24 
9  17 
6  -10 
-19  -8 
-16  7 
6  29 
-9  86 
-9  29 
3  25 
-31  -6 
8  1 
-20  21 
33  -3 
14  -6 
4  55 
-6  8 
22  9 
-27  0 
-12  3 
43  -13 
23  -23 
10  -23 
-12  31 
30  8 
12  -17 
14  3 
30  25 
-24  -2 
6  5 
-14  -5 
23  26 
-3  -5 
-5  35 
14  5 
-16  38 
36  -4 
22  4 
-37  -25 
18  -2 
17  29 
9  38 
0  -6 
-6  52 
-17  11 
8  6 
-6  -3 
6  2 
-5  53 
-11  -11 
20  11 
28  27 
-27  22 
14  -11 
27  -5 
-3  23 
-17  34 
8  -2 
19  44 
-10  2 
-8  29 
1  -7 
2  -2 
-23  13 
10  12 
20  20 
9  42 
10  23 
-32  20 
3  -16 
-9  8 
-22  -5 
14  11 
-1  70 
37  -10 
-4  54 
3  39 
-10  -22 
-12  -8 
3  9 
-17  32 
-30  24 
10  -20 
-15  -9 
-26  27 
8  -5 
-22  36 
40  43 
2  18 
-8  -3 
15  20 
6  5 
-9  5 
-50  10 
16  20 
-35  15 
54  20 
19  27 
3  18 
4  -12 
-19  -6 
-9  9 
10  29 
-8  90 
-7  31 
5  26 
-36  -5 
8  1 
-20  20 
31  -1 
7  -7 
9  55 
-5  7 
21  8 
-26  3 
-11  2 
38  -17 
20  -29 
14  -26 
-14  27 
29  6 
14  -10 
13  6 
29  23 
-24  -2 
9  5 
-13  -5 
29  27 
2  -6 
-4  34 
20  10 
-15  41 
39  0 
24  7 
-36  -29 
17  -3 
17  30 
9  39 
3  -7 
-5  46 
-12  8 
8  6 
-7  -3 
5  3 
-3  49 
-12  -9 
21  17 
29  29 
-23  22 
13  -6 
33  -5 
-2  24 
-18  29 
11  -7 
14  45 
-10  2 
-6  37 
3  -5 
5  -3 
-26  11 
11  15 
20  19 
10  43 
12  24 
-32  16 
3  -14 
-10  8 
-24  -4 
18  8 
-5  71 
35  -11 
-7  52 
5  38 
-12  -20 
-12  -8 
3  12 
-19  33 
-33  27 
10  -23 
-17  -11 
-28  27 
8  -5 
-19  34 
41  43 
2  18 
-12  -1 
14  23 
11  9 
-10  2 
-45  12 
16  20 
-31  17 
48  20 
19  22 
-1  13 
4  -14 
-19  -3 
-3  10 
13  34 
-9  87 
-6  31 
5  26 
-35  -4 
6  -1 
-19  19 
33  0 
8  -9 
4  51 
1  15 
20  3 
-29  4 
-11  2 
42  -19 
20  -30 
13  -24 
-10  28 
23  11 
17  -11 
12  9 
27  21 
-20  -1 
10  3 
-13  -4 
28  26 
-3  -5 
-4  34 
18  10 
-15  41 
37  -2 
23  5 
-36  -30 
14  -6 
19  30 
6  43 
4  -6 
-2  43 
-11  6 
8  8 
-6  -3 
5  3 
-4  51 
-17  -14 
23  18 
22  29 
-23  22 
12  -2 
35  -9 
0  20 
-19  28 
10  -10 
17  45 
-11  0 
-5  38 
4  -5 
4  -8 
-29  8 
11  12 
20  15 
13  47 
15  24 
-33  15 
4  -16 
-11  4 
-16  0 
20  6 
-3  73 
37  -16 
-4  50 
5  38 
-11  -22 
-17  -9 
5  17 
-22  35 
-34  23 
5  -25 
-19  -7 
-28  23 
6  -1 
-19  34 
40  43 
-3  19 
-12  -1 
14  20 
7  5 
-12  3 
-46  8 
14  25 
-29  17 
45  18 
18  23 
-9  13 
6  -8 
-22  -6 
-2  12 
12  35 
-9  84 
-6  31 
5  23 
-34  -5 
3  -2 
-22  19 
34  1 
8  -9 
1  46 
3  17 
19  7 
-30  2 
-10  4 
42  -19 
20  -29 
9  -25 
-12  27 
25  11 
11  -18 
15  11 
29  23 
-18  -2 
10  3 
-11  -3 
26  27 
0  -6 
-9  28 
18  6 
-20  41 
35  -2 
24  7 
-32  -34 
10  -10 
20  30 
3  45 
3  -6 
-4  45 
-12  9 
5  6 
-6  -6 
7  1 
-3  49 
-16  -12 
23  19 
22  29 
-23  22 
12  -3 
37  -10 
0  19 
-23  24 
7  -13 
19  45 
-9  -1 
-3  36 
3  -8 
8  -5 
-30  8 
14  16 
20  17 
14  43 
15  24 
-36  15 
4  -14 
-11  -1 
-19  -1 
16  2 
-4  70 
37  -14 
-8  46 
7  42 
-13  -25 
-17  -11 
5  17 
-24  34 
-34  22 
4  -25 
-22  -10 
-31  22 
5  -2 
-21  36 
37  42 
-7  14 
-9  -3 
13  20 
10  8 
-13  4 
-46  6 
15  23 
-27  17 
45  19 
17  23 
-9  13 
3  -9 
-22  -4 
0  15 
11  35 
-13  80 
-5  29 
6  25 
-35  -4 
7  1 
-18  14 
34  0 
9  -5 
-1  44 
-2  14 
19  7 
-30  -1 
-9  4 
43  -22 
21  -27 
7  -24 
-11  27 
20  11 
13  -17 
17  10 
28  21 
-19  -1 
15  1 
-14  -5 
31  29 
-3  -3 
-2  27 
22  4 
-19  38 
34  -5 
23  5 
-32  -34 
10  -10 
16  31 
3  46 
3  -6 
-6  47 
-19  12 
4  8 
-6  -6 
8  0 
-5  51 
-15  -14 
22  18 
22  29 
-19  14 
9  -3 
34  -9 
0  14 
-21  23 
7  -7 
19  42 
-11  -1 
-8  40 
4  -11 
8  -5 
-28  11 
14  17 
19  10 
14  43 
15  24 
-33  15 
4  -16 
-9  -1 
-24  -2 
15  0 
-3  69 
41  -12 
-2  48 
9  43 
-12  -24 
-18  -11 
7  20 
-26  34 
-35  23 
6  -25 
-20  -6 
-31  23 
3  -1 
-22  36 
34  42 
-8  11 
-12  -4 
12  17 
14  10 
-10  8 
-43  4 
14  23 
-26  15 
47  18 
20  26 
-4  14 
1  -7 
-27  -3 
1  15 
7  35 
-15  81 
-12  30 
9  28 
-37  -5 
9  9 
-16  7 
32  -1 
8  -8 
-2  45 
-2  15 
21  4 
-31  -6 
-10  3 
42  -22 
20  -24 
13  -26 
-12  28 
20  11 
15  -20 
17  13 
27  21 
-21  -1 
14  0 
-16  -8 
33  32 
-12  -2 
0  23 
22  4 
-23  37 
37  -9 
25  6 
-33  -33 
11  -8 
15  26 
4  48 
4  -5 
-6  47 
-17  9 
3  11 
-5  -5 
8  0 
-5  49 
-14  -15 
25  17 
22  28 
-19  14 
9  -1 
34  -9 
-3  10 
-22  22 
8  -9 
19  42 
-9  -1 
-7  46 
4  -9 
10  -6 
-30  10 
14  16 
18  10 
16  42 
15  24 
-36  14 
3  -15 
-8  -2 
-21  1 
16  0 
-3  67 
38  -17 
3  47 
10  45 
-12  -25 
-17  -16 
8  20 
-23  29 
-38  25 
8  -25 
-23  -5 
-28  17 
6  -1 
-24  34 
34  43 
-5  6 
-15  -5 
9  15 
16  4 
-3  13 
-42  3 
15  21 
-26  13 
42  18 
22  28 
-8  11 
3  -9 
-26  -3 
-2  15 
7  36 
-17  79 
-5  28 
10  25 
-38  -6 
7  7 
-17  6 
31  -3 
5  -2 
-5  44 
1  14 
20  3 
-34  0 
-9  5 
43  -22 
19  -26 
18  -23 
-15  26 
20  11 
14  -20 
14  11 
24  21 
-20  -6 
12  1 
-19  -8 
29  29 
-11  -2 
-1  24 
22  4 
-21  40 
35  -11 
26  5 
-31  -37 
8  -13 
16  26 
4  48 
4  -5 
-6  47 
-13  8 
6  12 
-4  -2 
9  -1 
-9  46 
-14  -17 
25  17 
19  27 
-22  10 
7  1 
34  -14 
-3  2 
-22  12 
8  -8 
19  42 
-14  2 
-7  47 
8  -12 
7  -6 
-29  13 
17  19 
19  10 
17  44 
18  25 
-42  16 
3  -13 
-11  -3 
-20  0 
9  1 
-1  65 
40  -14 
1  44 
9  42 
-13  -25 
-16  -13 
11  19 
-23  29 
-38  24 
3  -25 
-18  -6 
-27  17 
5  -3 
-26  37 
34  43 
-1  4 
-14  -5 
12  14 
17  4 
-3  10 
-43  -2 
14  21 
-26  14 
40  20 
26  30 
-8  12 
0  -9 
-28  -3 
7  8 
8  35 
-17  78 
-3  31 
10  24 
-35  -8 
12  9 
-17  7 
30  -3 
5  -6 
-5  44 
4  15 
19  3 
-37  5 
-10  2 
43  -23 
17  -25 
13  -24 
-11  23 
18  10 
16  -20 
13  14 
23  20 
-22  -4 
14  0 
-17  -9 
30  31 
-13  -5 
-3  23 
21  3 
-19  39 
30  -12 
28  8 
-25  -40 
9  -11 
15  26 
3  49 
3  -6 
-9  44 
-15  6 
7  13 
-6  -5 
9  -1 
-10  43 
-16  -20 
24  11 
20  24 
-23  12 
8  1 
34  -14 
-4  -4 
-24  10 
8  -9 
17  39 
-17  6 
-8  46 
7  -13 
6  -3 
-32  12 
16  18 
13  6 
17  42 
20  21 
-44  14 
4  -12 
-10  0 
-20  -7 
13  0 
-2  65 
39  -18 
-2  41 
9  42 
-11  -26 
-16  -11 
13  17 
-22  30 
-36  24 
1  -26 
-23  -10 
-29  19 
3  -5 
-25  38 
34  41 
-1  7 
-15  -2 
14  17 
14  2 
-3  9 
-43  -1 
14  23 
-28  14 
40  19 
26  32 
-6  14 
0  -9 
-31  -1 
14  7 
9  37 
-18  78 
-4  30 
9  23 
-37  -9 
15  11 
-17  9 
34  -4 
6  -1 
-5  44 
2  14 
17  4 
-37  5 
-11  2 
43  -22 
19  -21 
15  -24 
-10  23 
19  10 
16  -20 
13  14 
22  21 
-22  -4 
15  2 
-16  -6 
23  34 
-9  -8 
0  25 
20  3 
-20  40 
32  -9 
36  9 
-25  -40 
12  -14 
17  22 
4  48 
0  -6 
-10  45 
-12  6 
4  15 
-4  -4 
7  -5 
-10  42 
-14  -18 
18  15 
20  30 
-23  15 
8  1 
34  -14 
-9  -3 
-26  11 
8  -13 
16  38 
-14  7 
-11  47 
7  -13 
3  -3 
-32  11 
18  21 
12  9 
18  45 
17  17 
-44  14 
10  -10 
-10  -3 
-19  -7 
12  0 
0  66 
39  -19 
-1  43 
8  40 
-9  -25 
-16  -12 
15  15 
-27  26 
-34  25 
4  -29 
-23  -9 
-31  19 
3  -5 
-30  34 
34  40 
1  8 
-15  -3 
13  18 
14  3 
-3  9 
-40  0 
12  23 
-30  12 
43  19 
30  28 
-6  14 
-2  -12 
-32  0 
10  5 
8  38 
-16  78 
-8  32 
9  21 
-37  -9 
17  10 
-17  9 
33  -3 
6  3 
-5  44 
-2  15 
19  7 
-37  7 
-8  0 
44  -28 
21  -25 
9  -23 
-10  24 
15  11 
16  -20 
8  16 
22  21 
-19  -7 
14  1 
-15  -11 
23  34 
-6  -13 
-1  22 
23  6 
-19  39 
34  -11 
34  10 
-26  -38 
15  -14 
18  24 
4  47 
-5  -8 
-10  43 
-11  3 
3  12 
-5  0 
9  -5 
-11  42 
-14  -18 
19  14 
19  30 
-28  17 
2  -2 
31  -11 
-9  -3 
-26  11 
5  -14 
16  36 
-12  7 
-14  44 
7  -5 
8  1 
-33  13 
19  20 
5  1 
19  44 
14  17 
-41  16 
8  -5 
-9  -1 
-18  -6 
10  0 
2  69 
38  -17 
0  43 
5  43 
-9  -25 
-17  -13 
16  14 
-31  29 
-35  23 
3  -31 
-23  -8 
-34  16 
3  -5 
-30  28 
37  39 
2  9 
-10  -3 
10  20 
14  3 
0  10 
-41  2 
11  25 
-32  16 
43  18 
34  31 
-7  16 
-5  -16 
-35  -2 
10  4 
11  37 
-15  81 
-10  34 
8  17 
-34  -7 
17  10 
-16  7 
32  -3 
10  3 
-7  42 
-3  15 
17  4 
-38  4 
-6  0 
41  -26 
20  -25 
11  -21 
-9  22 
18  12 
17  -18 
9  17 
21  23 
-19  -5 
12  3 
-14  -13 
18  34 
-8  -14 
0  23 
22  5 
-19  39 
34  -15 
33  14 
-26  -33 
15  -14 
19  24 
3  46 
-6  -6 
-10  42 
-9  4 
5  12 
-11  2 
3  -1 
-11  43 
-13  -19 
18  15 
17  29 
-27  15 
4  0 
35  -10 
-5  -4 
-33  7 
5  -14 
13  37 
-13  5 
-12  46 
12  -8 
8  1 
-32  8 
20  21 
8  -5 
19  47 
15  15 
-44  17 
3  -9 
-7  0 
-16  -9 
8  0 
0  71 
38  -17 
-1  43 
3  44 
-11  -26 
-19  -12 
14  9 
-35  26 
-37  26 
3  -31 
-24  -6 
-33  16 
4  -5 
-32  29 
37  37 
2  9 
-5  -5 
8  21 
14  0 
-3  9 
-41  2 
11  24 
-35  19 
42  18 
34  33 
-6  15 
-5  -16 
-34  2 
7  7 
7  35 
-15  78 
-11  37 
9  15 
-35  -5 
14  8 
-17  7 
32  -3 
11  0 
-8  46 
1  15 
20  7 
-38  4 
-4  -2 
41  -27 
24  -22 
11  -21 
-11  23 
21  14 
17  -17 
13  17 
19  25 
-14  -10 
14  7 
-12  -9 
18  35 
-5  -14 
-2  22 
20  6 
-23  35 
34  -15 
34  17 
-25  -32 
18  -12 
20  25 
1  47 
-6  -9 
-12  35 
-6  2 
4  8 
-13  4 
6  0 
-10  43 
-17  -15 
19  14 
18  32 
-25  18 
5  1 
31  -7 
-2  -1 
-34  6 
8  -13 
10  38 
-12  0 
-12  46 
8  -12 
6  5 
-28  12 
20  21 
9  -2 
17  42 
16  16 
-44  20 
5  -3 
-7  0 
-16  -6 
7  1 
-2  70 
37  -16 
3  42 
2  45 
-12  -28 
-20  -9 
10  8 
-33  26 
-32  28 
3  -31 
-24  -6 
-32  15 
6  -8 
-31  28 
37  38 
4  12 
-9  -5 
9  19 
14  3 
-9  8 
-40  3 
11  25 
-35  18 
42  18 
30  30 
-6  11 
-6  -13 
-33  5 
5  3 
6  37 
-15  79 
-10  37 
4  14 
-35  -3 
13  17 
-16  8 
31  -1 
10  4 
-10  49 
4  15 
21  7 
-37  5 
-4  -2 
43  -25 
23  -23 
7  -25 
-9  24 
23  14 
16  -11 
18  15 
19  25 
-12  -14 
13  11 
-17  -9 
18  36 
-7  -14 
0  20 
21  13 
-17  32 
34  -15 
32  17 
-25  -29 
15  -14 
20  26 
3  46 
-2  -10 
-11  37 
-12  0 
2  4 
-11  9 
7  1 
-10  45 
-17  -13 
20  15 
18  25 
-20  19 
5  1 
32  -8 
-5  -4 
-32  5 
9  -17 
11  37 
-10  0 
-12  44 
6  -15 
6  3 
-38  9 
21  19 
10  -2 
15  44 
14  17 
-50  23 
1  -3 
-6  0 
-8  -6 
6  2 
-1  67 
38  -12 
2  41 
4  47 
-12  -28 
-20  -9 
8  8 
-33  24 
-37  31 
3  -26 
-24  -6 
-32  12 
1  -7 
-32  26 
35  35 
7  13 
-8  -8 
9  17 
15  1 
-8  9 
-41  3 
15  28 
-35  19 
41  14 
27  27 
-11  8 
-10  -12 
-35  6 
0  0 
7  36 
-15  81 
-14  35 
4  15 
-37  -3 
13  14 
-17  7 
26  -2 
11  4 
-11  54 
5  17 
26  7 
-40  5 
-3  -2 
44  -27 
28  -19 
8  -25 
-10  25 
24  14 
17  -11 
18  16 
21  24 
-13  -18 
15  6 
-17  -8 
18  35 
-9  -17 
2  18 
24  12 
-14  30 
34  -14 
34  17 
-25  -29 
9  -11 
18  23 
2  44 
-3  -10 
-13  35 
-8  -3 
0  6 
-10  10 
7  1 
-10  44 
-16  -16 
21  15 
13  23 
-20  19 
3  -1 
31  -5 
-7  -3 
-34  5 
10  -17 
9  35 
-9  -1 
-14  48 
5  -17 
6  3 
-37  9 
21  19 
13  -2 
15  44 
16  16 
-46  23 
2  -6 
-5  0 
-6  -12 
10  2 
2  65 
36  -10 
2  41 
3  45 
-12  -31 
-20  -10 
8  9 
-33  25 
-38  29 
8  -25 
-23  -5 
-32  12 
3  -5 
-30  24 
30  42 
3  11 
-9  -5 
9  19 
14  1 
-10  8 
-42  3 
18  30 
-36  21 
41  12 
29  26 
-12  11 
-11  -11 
-35  6 
-3  -2 
8  39 
-15  77 
-6  35 
6  15 
-37  -3 
10  10 
-16  8 
26  -1 
8  1 
-10  51 
4  15 
24  7 
-36  9 
-4  -2 
51  -21 
31  -23 
8  -23 
-13  28 
29  10 
19  -10 
17  17 
17  24 
-15  -22 
13  4 
-20  -9 
16  37 
-10  -15 
2  18 
24  12 
-5  26 
34  -15 
34  17 
-23  -27 
13  -14 
19  23 
2  46 
-4  -9 
-17  38 
-11  -3 
-1  7 
-8  9 
7  2 
-12  46 
-18  -16 
20  15 
14  23 
-19  19 
3  -1 
33  -3 
-8  -3 
-29  4 
8  -20 
12  30 
-13  -2 
-14  44 
6  -18 
5  3 
-33  15 
25  15 
13  0 
15  44 
16  16 
-43  22 
-2  -4 
-6  0 
-11  -6 
9  3 
1  63 
37  -8 
2  41 
3  47 
-12  -33 
-22  -12 
4  9 
-32  26 
-37  29 
5  -22 
-28  -3 
-30  10 
3  -6 
-30  23 
29  42 
8  8 
-8  -8 
9  19 
14  1 
-8  3 
-43  2 
17  33 
-35  21 
41  13 
28  29 
-12  7 
-11  -11 
-34  5 
-5  0 
7  41 
-16  76 
-5  41 
8  15 
-37  -3 
9  15 
-17  7 
26  -1 
8  0 
-5  46 
7  15 
24  4 
-36  8 
-3  -3 
51  -21 
29  -22 
8  -21 
-17  26 
22  9 
9  -12 
17  14 
18  27 
-14  -23 
9  0 
-19  -9 
17  35 
-10  -15 
-3  19 
29  12 
-1  27 
33  -13 
36  17 
-23  -31 
14  -13 
17  24 
5  43 
-2  -8 
-17  40 
-10  1 
-1  4 
-5  11 
9  -3 
-11  43 
-18  -16 
21  12 
14  22 
-21  21 
3  -2 
34  -6 
-7  -3 
-29  6 
8  -19 
3  31 
-16  -5 
-14  43 
12  -11 
6  2 
-33  16 
33  18 
13  0 
19  42 
12  15 
-42  22 
-3  -2 
-6  3 
-12  -8 
10  2 
0  63 
39  -10 
2  42 
3  45 
-15  -34 
-25  -14 
-2  10 
-35  26 
-37  29 
6  -22 
-27  -3 
-31  14 
2  -6 
-30  25 
29  42 
9  9 
-12  -13 
5  18 
14  0 
-10  3 
-43  4 
14  30 
-32  21 
41  14 
30  30 
-13  7 
-12  -12 
-28  11 
-4  0 
10  37 
-17  75 
-4  41 
7  15 
-41  -10 
5  10 
-16  7 
22  -2 
7  1 
-6  45 
5  17 
23  6 
-36  8 
-4  -2 
50  -20 
28  -24 
10  -19 
-17  27 
19  4 
8  -14 
17  18 
15  29 
-13  -24 
12  -3 
-23  -7 
19  34 
-10  -16 
-5  18 
24  15 
-1  27 
31  -16 
35  16 
-23  -30 
16  -10 
20  21 
6  43 
-3  -11 
-15  41 
-9  -1 
-1  2 
3  11 
14  -4 
-11  47 
-17  -15 
26  15 
13  20 
-23  17 
-3  -5 
34  -9 
-5  -8 
-26  7 
8  -22 
1  33 
-18  -11 
-15  43 
13  -9 
6  2 
-32  15 
28  20 
11  0 
17  42 
12  12 
-38  25 
-2  -5 
-6  3 
-8  -10 
10  2 
0  63 
37  -9 
2  41 
2  44 
-15  -35 
-30  -12 
-3  10 
-34  25 
-37  29 
9  -21 
-26  -4 
-33  16 
3  -9 
-30  22 
32  40 
15  8 
-13  -13 
5  18 
14  0 
-14  4 
-40  5 
14  31 
-33  22 
42  18 
34  30 
-12  9 
-11  -11 
-29  15 
-5  4 
13  37 
-17  75 
-7  40 
5  15 
-42  -9 
1  13 
-16  7 
23  -2 
6  2 
-11  43 
5  21 
22  8 
-36  8 
-5  -4 
50  -22 
31  -22 
12  -21 
-17  26 
17  5 
8  -13 
16  16 
14  27 
-13  -25 
11  -1 
-23  -5 
20  34 
-10  -17 
-3  18 
18  15 
-2  25 
30  -15 
29  14 
-22  -24 
17  -8 
20  20 
6  43 
-2  -8 
-17  39 
-12  0 
-3  4 
4  11 
12  -3 
-10  50 
-18  -16 
24  18 
12  18 
-23  17 
2  -6 
38  -10 
-10  -16 
-26  2 
9  -23 
1  34 
-18  -11 
-15  43 
16  -6 
8  3 
-34  15 
28  21 
9  2 
18  43 
16  5 
-37  25 
-1  -5 
-6  3 
-9  -11 
11  2 
-1  63 
36  -10 
2  41 
0  43 
-15  -33 
-32  -8 
-3  10 
-31  26 
-37  32 
10  -20 
-26  -12 
-31  15 
9  -11 
-31  22 
34  43 
20  10 
-15  -19 
5  18 
11  0 
-14  5 
-38  4 
16  31 
-32  23 
39  15 
31  28 
-14  8 
-9  -11 
-28  11 
-5  4 
13  35 
-16  72 
-9  39 
1  13 
-40  -9 
0  14 
-16  7 
22  -2 
8  1 
-11  43 
4  21 
19  7 
-36  8 
-6  -6 
50  -21 
32  -22 
15  -24 
-17  25 
13  2 
7  -13 
16  18 
14  25 
-10  -26 
9  -3 
-25  -2 
16  36 
-5  -14 
0  16 
18  16 
-1  24 
26  -16 
27  15 
-22  -25 
17  -11 
20  19 
7  41 
-2  -12 
-17  39 
-11  -2 
-2  5 
3  9 
12  1 
-13  46 
-17  -14 
23  17 
13  17 
-23  17 
3  -9 
39  -10 
-9  -16 
-26  0 
8  -20 
-3  35 
-18  -11 
-15  43 
16  -6 
5  6 
-34  15 
29  19 
9  1 
17  44 
17  5 
-34  30 
-1  2 
-7  0 
-10  -16 
10  2 
-2  61 
34  -13 
2  41 
-3  42 
-18  -35 
-29  -8 
-3  9 
-32  27 
-37  35 
11  -21 
-28  -9 
-35  18 
10  -12 
-32  20 
34  45 
23  9 
-15  -19 
4  15 
13  -3 
-13  2 
-36  2 
18  30 
-31  26 
41  15 
32  29 
-14  7 
-6  -6 
-28  8 
-5  4 
11  35 
-14  78 
-7  40 
1  14 
-40  -9 
2  14 
-17  7 
18  -5 
9  3 
-10  43 
3  18 
19  7 
-34  12 
-5  -5 
52  -23 
31  -31 
13  -26 
-20  23 
14  0 
9  -13 
14  15 
8  24 
-14  -20 
9  -3 
-23  -2 
16  34 
-5  -14 
-1  15 
20  15 
0  20 
25  -17 
28  12 
-22  -26 
17  -10 
17  17 
7  41 
1  -12 
-18  38 
-13  -5 
-1  2 
3  12 
9  2 
-13  47 
-17  -14 
23  17 
12  10 
-24  17 
1  -7 
39  -10 
-10  -15 
-24  -2 
5  -21 
-3  35 
-18  -11 
-15  46 
18  -4 
8  6 
-37  13 
32  18 
7  -4 
18  45 
19  4 
-34  30 
2  4 
-8  0 
-10  -16 
9  -1 
-1  63 
37  -9 
4  41 
-6  42 
-18  -35 
-26  -15 
-2  10 
-31  25 
-39  34 
9  -21 
-25  -11 
-33  18 
9  -13 
-33  22 
33  51 
23  9 
-15  -17 
5  8 
10  -6 
-11  2 
-38  1 
17  29 
-31  26 
38  15 
29  29 
-12  6 
-4  -4 
-27  18 
-5  4 
14  37 
-15  78 
-3  39 
3  14 
-41  -10 
3  12 
-17  7 
14  -6 
10  0 
-12  40 
2  18 
15  10 
-34  19 
-8  -3 
53  -25 
30  -32 
12  -28 
-20  26 
14  7 
9  -12 
14  11 
10  23 
-14  -18 
8  -5 
-24  0 
17  35 
-10  -11 
-1  18 
19  15 
0  20 
27  -15 
31  12 
-19  -27 
20  -1 
17  18 
10  44 
4  -13 
-17  37 
-13  -5 
-3  2 
3  10 
7  6 
-14  45 
-14  -13 
23  15 
11  15 
-23  17 
-3  -7 
37  -10 
-9  -15 
-24  -6 
6  -16 
-2  36 
-18  -11 
-14  46 
20  -5 
8  7 
-30  17 
31  19 
4  -6 
21  43 
19  2 
-39  32 
3  5 
-11  3 
-10  -15 
8  -3 
0  63 
38  -12 
3  40 
-6  43 
-17  -29 
-26  -15 
-3  9 
-30  25 
-39  34 
9  -21 
-22  -15 
-34  17 
7  -13 
-29  20 
32  53 
23  11 
-15  -17 
8  10 
8  -5 
-10  3 
-41  2 
16  31 
-30  22 
35  16 
32  29 
-12  9 
-4  -3 
-31  18 
-5  4 
16  36 
-18  78 
1  39 
4  14 
-40  -9 
2  9 
-17  5 
14  -6 
6  2 
-11  43 
5  21 
14  6 
-34  23 
-9  -3 
52  -23 
34  -32 
14  -33 
-20  26 
16  5 
8  -8 
14  17 
9  21 
-14  -16 
6  0 
-26  0 
17  35 
-10  -9 
-2  15 
23  17 
0  20 
27  -15 
32  14 
-22  -24 
17  -2 
17  17 
10  48 
2  -15 
-11  37 
-13  -5 
-3  2 
3  9 
7  6 
-11  49 
-13  -16 
27  16 
11  13 
-24  18 
-5  -9 
32  -8 
-11  -15 
-24  -5 
9  -18 
-3  30 
-12  -14 
-15  46 
19  0 
14  9 
-32  18 
30  17 
3  -5 
19  47 
17  4 
-39  32 
3  4 
-8  0 
-10  -16 
8  -6 
-1  65 
41  -14 
5  42 
-9  44 
-13  -30 
-26  -17 
0  14 
-28  26 
-43  39 
6  -21 
-22  -17 
-34  15 
8  -9 
-33  21 
32  57 
24  8 
-17  -16 
6  2 
7  -7 
-10  4 
-47  7 
11  32 
-31  22 
32  14 
35  29 
-10  0 
-6  -3 
-31  19 
-5  4 
15  33 
-16  80 
3  39 
7  15 
-40  -10 
3  14 
-17  7 
7  -13 
7  2 
-11  43 
5  21 
14  5 
-34  23 
-9  -1 
54  -25 
34  -32 
14  -30 
-21  24 
19  3 
8  -8 
15  16 
8  16 
-17  -14 
6  -3 
-28  0 
17  35 
-10  -10 
1  14 
23  18 
0  20 
24  -16 
34  7 
-21  -25 
16  -2 
11  8 
10  52 
5  -8 
-10  38 
-14  -8 
-3  2 
8  3 
9  9 
-12  47 
-12  -14 
28  20 
10  11 
-23  17 
-9  -7 
33  -9 
-15  -14 
-26  -9 
13  -18 
-1  27 
-8  -11 
-13  46 
17  -2 
18  10 
-32  21 
29  17 
5  -5 
22  44 
20  -1 
-39  33 
6  5 
-12  -2 
-9  -16 
6  0 
2  61 
44  -13 
4  41 
-10  45 
-12  -25 
-27  -17 
1  14 
-24  26 
-43  37 
6  -23 
-21  -17 
-32  15 
9  -11 
-33  21 
35  56 
20  8 
-18  -15 
5  3 
2  -11 
-9  4 
-46  7 
15  29 
-31  23 
31  15 
39  24 
-3  2 
-15  -3 
-26  17 
-5  4 
14  28 
-18  78 
3  31 
13  20 
-41  -10 
-2  15 
-19  8 
5  -14 
6  3 
-12  47 
6  22 
14  6 
-37  25 
-6  0 
52  -28 
37  -30 
13  -33 
-20  23 
20  6 
10  -9 
16  11 
10  18 
-16  -13 
6  0 
-22  3 
13  38 
-9  -11 
-2  14 
23  17 
-1  16 
23  -13 
35  6 
-22  -24 
16  -4 
17  7 
12  58 
10  -12 
-9  33 
-17  -11 
-3  4 
15  1 
9  6 
-15  51 
-10  -18 
29  19 
13  11 
-24  14 
-7  -4 
33  -6 
-14  -15 
-32  -8 
16  -20 
-1  27 
-13  -16 
-12  46 
20  -5 
17  15 
-32  20 
28  17 
4  -2 
22  44 
19  2 
-39  33 
9  8 
-12  1 
-11  -18 
5  -2 
0  60 
44  -12 
3  39 
-6  42 
-12  -24 
-26  -17 
6  12 
-21  24 
-43  37 
3  -22 
-22  -17 
-33  15 
7  -14 
-32  20 
36  56 
16  10 
-16  -16 
5  3 
-4  -14 
-10  2 
-49  4 
17  29 
-32  21 
32  15 
40  23 
-3  2 
-16  -5 
-26  14 
-5  4 
14  25 
-17  79 
-4  39 
15  20 
-43  -10 
1  13 
-20  6 
3  -6 
9  3 
-13  47 
6  20 
14  9 
-35  26 
-4  0 
55  -32 
38  -30 
11  -35 
-18  24 
19  2 
8  -13 
14  11 
9  19 
-16  -13 
8  -4 
-21  3 
14  37 
-11  -12 
2  6 
23  17 
8  15 
23  -15 
37  7 
-21  -26 
20  -6 
18  5 
8  58 
10  -10 
-4  38 
-19  -12 
-3  4 
12  -3 
6  9 
-15  51 
-10  -17 
30  20 
11  13 
-24  14 
-7  -3 
34  -7 
-10  -15 
-27  -8 
17  -22 
-1  27 
-14  -17 
-12  46 
18  -5 
18  16 
-35  18 
29  17 
2  -2 
22  45 
20  1 
-36  32 
8  8 
-12  3 
-9  -21 
4  -11 
1  54 
44  -12 
4  40 
-11  42 
-12  -23 
-26  -17 
8  12 
-21  24 
-42  35 
8  -25 
-22  -16 
-36  15 
5  -14 
-32  20 
35  55 
15  8 
-16  -16 
5  3 
-6  -13 
-9  0 
-46  5 
19  29 
-37  20 
37  15 
42  21 
-2  3 
-14  -4 
-29  13 
-5  4 
10  29 
-16  80 
-4  40 
14  20 
-42  -8 
-2  10 
-20  5 
8  -1 
8  3 
-14  45 
8  21 
9  9 
-36  27 
-7  2 
57  -31 
40  -29 
10  -35 
-17  25 
19  3 
9  -12 
15  10 
9  19 
-18  -15 
11  -5 
-20  3 
11  32 
-8  -10 
1  8 
22  18 
9  17 
22  -16 
40  7 
-17  -25 
19  -6 
18  6 
5  56 
13  -13 
-3  38 
-18  -12 
-3  3 
14  -3 
3  11 
-16  48 
-11  -17 
28  18 
13  16 
-24  14 
-6  -5 
34  -6 
-12  -13 
-28  -8 
16  -23 
-1  27 
-14  -17 
-7  46 
20  -6 
20  20 
-37  19 
26  18 
3  -2 
23  44 
20  1 
-39  34 
7  7 
-13  5 
-8  -26 
3  -11 
4  51 
43  -13 
5  42 
-7  40 
-11  -22 
-30  -16 
7  7 
-23  23 
-42  36 
6  -25 
-23  -16 
-37  15 
5  -14 
-31  19 
37  58 
18  10 
-18  -16 
5  3 
-4  -15 
-9  -1 
-46  6 
18  24 
-34  23 
40  19 
42  21 
-1  10 
-15  -3 
-31  9 
-5  4 
14  31 
-17  79 
-6  43 
13  22 
-40  -9 
-7  7 
-19  2 
10  10 
11  2 
-14  44 
8  21 
4  8 
-37  27 
-6  1 
54  -33 
42  -29 
12  -33 
-17  24 
18  3 
8  -14 
12  6 
10  18 
-18  -15 
14  -11 
-18  2 
11  35 
-8  -3 
-2  5 
24  12 
5  15 
20  -20 
42  8 
-13  -25 
21  -8 
19  4 
10  61 
15  -9 
-3  37 
-18  -11 
-3  2 
14  -3 
1  13 
-16  47 
-11  -17 
29  17 
13  20 
-23  15 
-7  -3 
35  -4 
-5  -13 
-30  -8 
16  -22 
-1  27 
-13  -19 
-4  46 
18  -5 
15  21 
-36  18 
25  18 
8  -3 
25  42 
18  1 
-37  31 
10  3 
-12  8 
-4  -24 
3  -11 
3  50 
43  -14 
4  41 
-10  37 
-7  -14 
-30  -15 
8  7 
-21  22 
-40  40 
11  -25 
-23  -16 
-37  14 
8  -14 
-32  16 
37  58 
14  6 
-20  -14 
10  3 
-2  -13 
-13  -2 
-47  3 
15  28 
-31  23 
38  21 
42  21 
-3  9 
-12  -5 
-34  5 
-5  4 
14  31 
-17  77 
-10  44 
14  23 
-40  -10 
-12  12 
-21  5 
6  7 
9  2 
-10  48 
8  20 
4  8 
-37  25 
-4  0 
54  -39 
43  -31 
15  -34 
-13  28 
21  3 
9  -12 
10  9 
5  18 
-18  -16 
11  -11 
-14  4 
14  27 
-6  -6 
0  5 
27  7 
6  15 
18  -14 
43  7 
-13  -25 
21  -5 
17  10 
6  61 
18  -10 
-4  38 
-18  -11 
-2  3 
13  -9 
3  18 
-15  46 
-12  -19 
33  17 
12  18 
-23  15 
-6  -3 
37  -3 
-9  -13 
-25  -8 
14  -24 
-1  27 
-13  -18 
-4  46 
20  -6 
11  19 
-37  19 
22  18 
9  -5 
25  41 
17  2 
-37  35 
11  4 
-14  10 
-4  -26 
2  -12 
3  51 
41  -12 
6  43 
-7  38 
-6  -15 
-27  -16 
8  8 
-21  23 
-40  41 
11  -25 
-20  -17 
-37  15 
10  -12 
-33  14 
41  58 
14  5 
-20  -12 
9  1 
-3  -10 
-15  -3 
-44  0 
12  27 
-32  23 
38  25 
42  21 
-1  10 
-11  -5 
-33  4 
-5  4 
14  28 
-20  80 
-11  42 
11  22 
-40  -9 
-10  10 
-20  5 
4  8 
3  4 
-11  49 
11  19 
3  7 
-39  27 
-4  8 
54  -40 
44  -28 
16  -34 
-9  29 
18  1 
6  -12 
8  12 
8  16 
-17  -15 
6  -15 
-11  -1 
12  26 
-7  -5 
2  9 
24  7 
7  21 
14  -14 
43  6 
-16  -25 
20  -6 
18  10 
9  57 
14  -9 
-3  37 
-14  -10 
2  4 
16  -4 
5  18 
-15  46 
-12  -19 
31  17 
9  23 
-21  15 
-6  -6 
36  -2 
-9  -15 
-28  -9 
17  -22 
-1  27 
-11  -20 
-3  44 
17  -5 
10  22 
-36  20 
24  21 
8  -5 
25  41 
19  4 
-39  33 
10  4 
-14  15 
-6  -24 
5  -11 
8  51 
43  -11 
6  39 
-7  38 
-6  -13 
-26  -17 
6  4 
-24  20 
-39  39 
11  -25 
-20  -20 
-37  14 
14  -9 
-32  16 
38  55 
14  5 
-22  -17 
10  3 
-3  -7 
-14  -1 
-43  2 
12  29 
-29  25 
35  24 
39  23 
2  9 
-13  -7 
-34  3 
-8  6 
14  28 
-22  76 
-8  41 
7  26 
-42  -10 
-1  10 
-24  5 
4  8 
3  6 
-12  46 
9  22 
6  7 
-41  24 
-3  10 
53  -40 
43  -29 
10  -36 
-10  29 
17  -4 
5  -10 
7  16 
10  18 
-18  -16 
5  -17 
-12  1 
10  22 
-6  -6 
4  7 
26  5 
6  22 
10  -12 
39  5 
-20  -26 
21  -6 
18  11 
9  59 
14  -8 
-6  30 
-12  -8 
2  5 
16  -5 
7  21 
-15  46 
-6  -20 
30  20 
10  30 
-21  15 
-6  -5 
37  -3 
-13  -15 
-27  -8 
19  -23 
-1  27 
-7  -23 
-6  47 
20  -9 
9  23 
-36  20 
23  17 
-1  -7 
23  45 
20  3 
-39  33 
10  5 
-12  8 
-8  -23 
3  -11 
8  47 
42  -12 
5  41 
-4  36 
-5  -9 
-26  -17 
6  5 
-22  19 
-41  40 
11  -25 
-19  -22 
-37  15 
16  -6 
-36  18 
42  54 
15  6 
-21  -18 
14  0 
-6  -12 
-16  -7 
-46  2 
16  38 
-28  30 
35  24 
38  23 
1  12 
-11  -5 
-33  1 
-6  5 
14  31 
-20  75 
-12  41 
3  31 
-41  -10 
3  13 
-23  4 
2  4 
3  6 
-12  47 
6  24 
3  7 
-41  26 
-3  10 
51  -43 
41  -26 
9  -34 
-6  29 
18  -5 
4  -9 
14  14 
8  17 
-21  -17 
6  -18 
-12  -1 
9  23 
-7  -3 
4  7 
27  7 
8  20 
9  -11 
39  5 
-30  -22 
18  -4 
17  9 
8  55 
16  -4 
-2  30 
-12  -8 
3  5 
13  -8 
12  20 
-15  46 
-4  -20 
29  22 
10  30 
-16  14 
-11  -3 
37  -1 
-14  -17 
-27  -4 
20  -17 
-1  27 
-5  -25 
-5  51 
20  -9 
10  23 
-35  23 
23  19 
-3  -8 
20  45 
21  4 
-36  35 
10  4 
-10  8 
-11  -21 
6  -5 
8  48 
39  -16 
6  41 
-3  37 
-4  -9 
-27  -18 
3  5 
-16  8 
-42  42 
11  -25 
-17  -23 
-36  15 
15  -5 
-34  20 
44  46 
19  5 
-23  -18 
14  2 
-8  -13 
-17  -5 
-44  0 
15  38 
-30  28 
35  26 
38  23 
-2  12 
-11  -3 
-33  4 
-5  8 
9  26 
-21  76 
-12  41 
1  33 
-41  -10 
3  11 
-21  4 
1  3 
0  5 
-10  44 
8  27 
5  6 
-40  23 
-4  7 
48  -43 
41  -26 
11  -35 
-5  31 
18  -5 
3  -11 
12  17 
10  17 
-21  -20 
7  -19 
-12  -4 
8  28 
-7  -3 
2  4 
27  5 
8  20 
8  -14 
40  6 
-31  -19 
16  -2 
18  10 
6  55 
17  -5 
-3  29 
-12  -5 
4  3 
12  -6 
11  18 
-14  42 
-6  -20 
31  28 
10  31 
-15  15 
-10  0 
37  -2 
-18  -18 
-28  -2 
20  -20 
-1  27 
-7  -25 
-3  52 
20  -9 
10  25 
-31  29 
23  19 
-3  -10 
22  48 
22  1 
-34  39 
9  2 
-6  7 
-13  -25 
2  -11 
17  53 
39  -18 
4  41 
-3  37 
-4  -9 
-29  -21 
3  5 
-16  8 
-42  41 
11  -25 
-17  -21 
-40  17 
16  -3 
-33  21 
43  47 
13  7 
-23  -16 
14  0 
-10  -8 
-15  -2 
-45  0 
14  37 
-24  26 
34  25 
40  25 
2  5 
-11  -3 
-35  7 
-8  12 
6  23 
-19  73 
-12  41 
1  35 
-33  -13 
4  11 
-22  3 
0  3 
4  10 
-12  47 
6  28 
4  7 
-38  21 
-5  6 
45  -39 
38  -24 
9  -38 
-2  28 
19  -5 
3  -9 
9  18 
10  20 
-21  -21 
8  -21 
-17  -6 
10  28 
-6  -6 
2  4 
28  6 
8  20 
5  -17 
39  7 
-34  -15 
12  -3 
17  10 
4  55 
16  -6 
-4  30 
-14  -5 
4  4 
14  -4 
9  19 
-15  46 
-5  -16 
28  29 
14  35 
-12  15 
-10  3 
36  -2 
-16  -19 
-25  -2 
22  -22 
-3  28 
-3  -23 
-3  49 
18  -10 
6  22 
-31  29 
23  18 
-12  -9 
23  46 
24  3 
-34  38 
9  3 
-7  0 
-19  -26 
2  -11 
14  49 
35  -19 
7  42 
-3  38 
-5  -9 
-29  -21 
3  7 
-17  6 
-40  41 
11  -25 
-18  -22 
-37  17 
18  -5 
-34  24 
44  47 
10  10 
-21  -18 
14  0 
-7  -11 
-14  -3 
-43  2 
12  37 
-21  25 
33  26 
41  28 
2  4 
-12  0 
-36  11 
-4  11 
6  25 
-22  74 
-12  41 
-1  35 
-33  -13 
1  14 
-20  8 
-3  4 
7  15 
-11  48 
8  23 
7  5 
-38  21 
-5  6 
45  -41 
41  -25 
11  -36 
-1  24 
24  -5 
0  -9 
11  22 
8  28 
-20  -20 
5  -25 
-14  -5 
12  30 
-6  -5 
-1  3 
28  10 
5  18 
5  -19 
39  7 
-32  -14 
13  -3 
23  15 
3  52 
15  -5 
-6  31 
-12  -7 
3  5 
11  -2 
8  15 
-15  46 
-5  -19 
24  28 
17  35 
-13  14 
-11  3 
36  -2 
-11  -21 
-23  -4 
20  -25 
-5  28 
-3  -23 
-3  49 
20  -10 
5  23 
-31  29 
23  18 
-12  -8 
17  47 
20  -1 
-33  41 
10  5 
-6  1 
-22  -24 
2  -11 
14  47 
34  -17 
10  44 
-1  37 
-6  -12 
-27  -20 
3  5 
-17  4 
-43  42 
14  -29 
-19  -23 
-36  19 
21  -7 
-35  23 
44  47 
10  10 
-21  -16 
14  0 
-11  -12 
-11  -5 
-46  1 
14  36 
-22  26 
35  29 
43  29 
5  1 
-14  2 
-36  14 
-3  9 
9  23 
-21  77 
-7  37 
-3  36 
-32  -18 
1  14 
-20  6 
0  3 
14  17 
-10  48 
8  31 
5  6 
-38  21 
-2  5 
44  -40 
46  -25 
9  -38 
4  24 
24  -5 
3  -9 
14  25 
6  27 
-20  -21 
8  -25 
-12  1 
11  29 
-6  -6 
1  3 
26  10 
5  17 
3  -21 
39  7 
-32  -11 
15  -4 
23  14 
7  55 
16  -4 
-6  29 
-12  -2 
9  6 
11  -7 
9  17 
-15  44 
-5  -16 
24  28 
18  35 
-11  14 
-12  6 
37  -2 
-11  -22 
-21  3 
19  -24 
-4  30 
-5  -22 
-1  51 
18  -10 
6  23 
-26  28 
25  18 
-12  -8 
17  47 
21  -1 
-34  40 
10  4 
-6  3 
-21  -25 
2  -11 
11  45 
36  -20 
12  43 
-3  35 
-5  -9 
-25  -19 
6  3 
-17  5 
-43  42 
12  -29 
-23  -25 
-28  17 
21  -8 
-35  23 
43  47 
11  8 
-21  -13 
16  0 
-11  -11 
-15  -4 
-46  0 
14  34 
-23  26 
36  34 
43  29 
6  0 
-12  1 
-36  14 
-7  14 
10  23 
-22  79 
-11  37 
-4  37 
-32  -20 
-1  16 
-12  11 
0  3 
14  16 
-12  43 
8  27 
7  6 
-38  21 
-5  4 
42  -42 
43  -29 
12  -33 
5  26 
26  -5 
-2  -4 
12  26 
9  23 
-20  -20 
7  -33 
-9  1 
8  26 
-7  -3 
-1  2 
23  15 
4  18 
3  -22 
39  5 
-30  -12 
11  -5 
19  24 
8  55 
17  -2 
-5  26 
-5  -2 
8  8 
15  -4 
9  19 
-15  41 
-3  -17 
24  27 
16  36 
-9  17 
-14  5 
37  -3 
-13  -25 
-21  3 
18  -25 
-10  32 
0  -19 
0  50 
20  -9 
7  23 
-26  28 
25  17 
-12  -8 
18  47 
18  -2 
-30  42 
11  4 
-6  3 
-19  -24 
2  -12 
11  43 
36  -22 
9  42 
-6  35 
-3  -13 
-23  -16 
5  1 
-16  7 
-43  42 
14  -30 
-22  -30 
-29  19 
22  -11 
-35  23 
45  46 
9  9 
-24  -15 
14  0 
-10  -10 
-15  -3 
-46  3 
16  37 
-24  20 
36  34 
44  32 
8  1 
-15  -2 
-34  14 
-9  15 
8  26 
-19  73 
-11  35 
-3  37 
-32  -25 
1  14 
-12  11 
3  5 
13  16 
-12  38 
9  26 
7  1 
-38  21 
-5  4 
44  -42 
46  -25 
11  -35 
10  28 
23  -5 
0  -6 
14  27 
9  22 
-20  -20 
4  -32 
-5  1 
6  22 
-6  -3 
2  3 
23  13 
5  19 
3  -22 
38  3 
-26  -9 
12  -8 
22  25 
9  59 
19  -6 
-2  25 
1  -1 
8  7 
16  -4 
15  18 
-17  39 
0  -14 
23  29 
16  35 
-12  19 
-14  3 
44  -6 
-13  -25 
-20  5 
18  -25 
-7  37 
-2  -19 
-3  50 
16  -14 
7  27 
-26  28 
26  18 
-8  -10 
19  50 
20  -1 
-31  44 
12  3 
-7  0 
-24  -22 
2  -12 
10  42 
37  -22 
11  44 
-5  28 
-3  -11 
-20  -17 
2  4 
-16  8 
-41  45 
14  -33 
-23  -30 
-29  19 
22  -11 
-35  23 
49  48 
8  8 
-21  -16 
14  3 
-10  -12 
-16  -6 
-47  0 
14  41 
-23  17 
36  34 
46  25 
15  -4 
-17  0 
-36  15 
-12  18 
8  26 
-19  73 
-6  37 
1  36 
-32  -28 
3  15 
-14  10 
4  7 
17  18 
-11  34 
5  26 
8  -1 
-38  21 
-4  6 
43  -41 
45  -24 
11  -35 
12  30 
24  -8 
-3  -1 
14  26 
11  24 
-19  -21 
8  -33 
-6  0 
7  21 
-9  -3 
3  5 
18  15 
6  17 
3  -23 
39  3 
-23  -9 
14  -9 
23  26 
9  59 
21  -6 
1  23 
4  -2 
7  7 
19  -6 
16  16 
-16  41 
-1  -13 
23  29 
8  40 
-15  17 
-14  2 
46  -5 
-15  -25 
-21  2 
17  -25 
-11  37 
-3  -16 
-7  52 
15  -16 
4  24 
-17  34 
25  21 
-6  -15 
17  49 
20  0 
-31  42 
10  4 
-12  -5 
-22  -24 
-2  -15 
5  38 
35  -22 
10  45 
-10  30 
-5  -11 
-23  -17 
2  4 
-18  5 
-42  48 
14  -28 
-23  -31 
-28  19 
19  -10 
-34  25 
46  48 
8  7 
-21  -20 
14  3 
-8  -8 
-17  -9 
-49  0 
15  41 
-24  17 
36  34 
55  26 
20  -4 
-16  -1 
-28  14 
-12  20 
8  26 
-17  75 
-8  31 
3  34 
-31  -31 
0  15 
-16  7 
3  7 
16  16 
-7  30 
5  26 
6  1 
-38  21 
-10  10 
48  -45 
46  -23 
10  -37 
10  28 
25  -10 
-1  4 
14  27 
15  18 
-23  -23 
10  -35 
-6  0 
8  21 
-7  -3 
3  6 
18  15 
4  15 
5  -19 
37  2 
-31  -12 
14  -10 
25  23 
9  58 
18  -4 
-3  24 
2  -2 
8  8 
18  -8 
13  18 
-15  37 
-1  -13 
23  29 
5  36 
-17  17 
-14  2 
46  -5 
-18  -26 
-22  1 
21  -27 
-9  39 
2  -11 
-4  51 
15  -9 
0  23 
-17  32 
27  21 
-6  -15 
19  49 
20  0 
-31  37 
10  4 
-13  -5 
-24  -21 
-1  -17 
6  38 
34  -26 
9  42 
-12  30 
-9  -7 
-23  -16 
1  3 
-17  5 
-41  50 
17  -30 
-18  -29 
-29  17 
17  -11 
-34  27 
46  44 
9  6 
-20  -19 
11  4 
-10  -11 
-19  -8 
-46  0 
14  43 
-23  17 
36  34 
54  29 
18  -5 
-17  0 
-30  20 
-12  20 
10  28 
-22  76 
-5  28 
3  35 
-26  -24 
0  20 
-16  7 
4  8 
17  15 
-6  22 
5  26 
5  1 
-38  21 
-10  10 
48  -45 
43  -23 
8  -37 
9  29 
23  -11 
-1  3 
13  22 
13  18 
-24  -22 
8  -39 
-4  0 
10  23 
-10  -3 
2  4 
16  16 
6  18 
5  -17 
37  2 
-37  -13 
18  -8 
26  23 
10  54 
20  -5 
-9  28 
2  -2 
7  7 
18  -10 
14  14 
-15  38 
-1  -15 
22  29 
6  35 
-19  13 
-13  2 
43  -9 
-15  -26 
-23  1 
21  -24 
-7  37 
-2  -12 
-8  46 
14  -12 
-1  22 
-16  35 
29  19 
-5  -15 
20  51 
18  3 
-31  38 
10  2 
-12  -3 
-25  -19 
-3  -17 
3  38 
34  -23 
9  42 
-11  27 
-6  -9 
-20  -14 
3  6 
-17  -1 
-40  50 
14  -30 
-17  -26 
-29  22 
14  -9 
-31  26 
47  42 
6  3 
-23  -23 
14  8 
-12  -13 
-23  -5 
-45  6 
14  43 
-21  18 
37  29 
50  34 
21  -8 
-20  0 
-28  20 
-6  17 
8  32 
-24  80 
-7  30 
1  34 
-27  -22 
1  19 
-16  7 
4  8 
18  16 
-5  21 
3  24 
8  -5 
-38  21 
-15  16 
48  -43 
43  -23 
10  -38 
8  34 
28  -12 
3  5 
6  22 
14  14 
-24  -21 
8  -40 
-5  0 
10  25 
-13  1 
-1  4 
15  18 
5  18 
5  -17 
38  2 
-37  -13 
18  -10 
23  18 
7  54 
18  -5 
-10  30 
4  -2 
4  11 
16  -9 
11  15 
-15  37 
2  -11 
23  29 
8  36 
-24  16 
-12  1 
44  -4 
-13  -24 
-21  7 
27  -25 
-4  35 
-2  -15 
-6  45 
22  -16 
0  23 
-15  34 
29  17 
-6  -13 
23  51 
17  2 
-28  37 
10  3 
-13  0 
-27  -20 
-1  -18 
2  38 
33  -23 
11  46 
-11  23 
-11  -6 
-21  -16 
3  -1 
-17  -3 
-41  50 
15  -29 
-19  -27 
-31  22 
8  -5 
-33  25 
47  44 
8  6 
-24  -22 
8  8 
-11  -11 
-24  -4 
-46  5 
15  41 
-20  19 
37  29 
54  31 
21  -8 
-23  -2 
-31  19 
-7  17 
16  34 
-24  80 
-3  37 
-1  36 
-26  -24 
-1  14 
-13  7 
3  9 
18  16 
-6  21 
4  27 
6  -5 
-38  21 
-16  14 
45  -43 
43  -25 
5  -37 
4  35 
28  -9 
3  4 
6  22 
18  15 
-20  -20 
7  -44 
-6  0 
9  27 
-14  0 
0  3 
13  16 
5  18 
6  -16 
37  2 
-37  -14 
18  -10 
22  18 
8  52 
19  0 
-8  30 
6  -3 
7  15 
20  -9 
11  15 
-12  40 
2  -11 
23  31 
9  37 
-26  14 
-13  1 
45  1 
-12  -22 
-17  5 
25  -24 
-10  28 
-2  -15 
-7  47 
24  -16 
3  22 
-17  34 
33  20 
-2  -6 
26  52 
19  2 
-28  37 
8  7 
-12  1 
-22  -17 
-1  -13 
6  38 
35  -25 
15  46 
-10  19 
-9  -6 
-23  -13 
2  -2 
-17  -3 
-43  50 
11  -28 
-21  -30 
-30  23 
8  -4 
-31  25 
46  47 
9  6 
-24  -22 
9  7 
-11  -11 
-25  -9 
-50  4 
14  40 
-19  16 
37  29 
51  29 
19  -4 
-23  -2 
-32  20 
-5  16 
16  36 
-24  80 
-3  37 
-3  35 
-28  -26 
-2  16 
-10  5 
2  9 
19  20 
-6  21 
4  27 
3  -6 
-41  17 
-18  14 
45  -42 
44  -27 
7  -39 
7  36 
23  -9 
0  5 
7  22 
14  15 
-20  -20 
7  -45 
-7  0 
8  27 
-14  -4 
0  3 
15  15 
3  18 
7  -14 
38  3 
-41  -13 
14  -9 
21  14 
8  52 
19  4 
-9  35 
5  -5 
4  15 
24  -8 
4  14 
-9  39 
0  -12 
28  35 
11  38 
-30  8 
-11  2 
43  -1 
-14  -20 
-17  4 
23  -25 
-9  33 
-8  -14 
-4  49 
25  -17 
5  17 
-19  33 
25  16 
-2  -6 
29  57 
17  4 
-31  38 
8  6 
-14  -1 
-25  -20 
-4  -16 
5  41 
32  -23 
11  42 
-7  18 
-6  -6 
-26  -15 
2  -2 
-17  -1 
-42  52 
9  -31 
-23  -30 
-29  24 
10  -2 
-33  27 
46  47 
6  3 
-25  -22 
9  6 
-5  -11 
-26  -9 
-50  5 
12  38 
-22  16 
38  30 
56  29 
21  -5 
-23  -3 
-32  21 
-5  16 
16  38 
-24  80 
-3  38 
-1  36 
-27  -25 
3  17 
-2  7 
3  11 
20  20 
-6  21 
2  25 
2  -11 
-41  22 
-23  19 
46  -41 
48  -28 
7  -39 
10  40 
23  -8 
2  8 
7  26 
15  15 
-18  -21 
7  -45 
-7  -2 
6  24 
-11  -3 
-1  4 
16  16 
3  18 
8  -16 
40  3 
-43  -16 
17  -11 
21  20 
10  50 
19  3 
-9  35 
9  -5 
3  14 
27  -4 
6  15 
-11  43 
2  -16 
30  28 
10  37 
-26  7 
-11  2 
46  0 
-14  -24 
-14  2 
20  -30 
-10  32 
-4  -10 
-3  51 
30  -17 
5  17 
-18  31 
24  15 
-6  -6 
28  60 
13  0 
-28  37 
8  7 
-9  -7 
-26  -17 
-2  -19 
2  40 
33  -23 
9  38 
-12  19 
-7  -8 
-29  -11 
4  -2 
-15  1 
-42  50 
8  -34 
-26  -33 
-29  25 
3  -5 
-31  29 
46  47 
7  5 
-24  -24 
10  8 
-3  -12 
-24  -6 
-50  2 
12  41 
-22  16 
35  28 
52  27 
23  2 
-20  -5 
-30  23 
-6  16 
16  38 
-25  81 
-5  40 
1  33 
-25  -28 
2  18 
-1  3 
7  13 
18  22 
-6  23 
8  25 
2  -16 
-41  27 
-23  19 
40  -37 
48  -28 
6  -40 
10  44 
25  -5 
0  6 
5  23 
12  11 
-20  -20 
6  -42 
-12  -3 
7  27 
-11  -1 
-2  3 
18  15 
5  19 
3  -10 
39  2 
-43  -18 
15  -18 
20  19 
7  46 
17  9 
-9  35 
10  -10 
4  12 
25  -3 
9  15 
-9  44 
3  -14 
27  28 
8  36 
-26  10 
-10  5 
51  -1 
-12  -25 
-14  3 
20  -29 
-6  31 
-3  -10 
-1  50 
29  -17 
5  18 
-16  28 
24  15 
-6  -6 
29  58 
14  0 
-28  37 
2  11 
-2  -9 
-26  -19 
-3  -16 
6  42 
37  -22 
6  39 
-13  21 
-5  -9 
-27  -9 
2  -2 
-17  -2 
-41  50 
10  -35 
-26  -34 
-27  26 
0  -9 
-32  32 
43  45 
8  7 
-23  -22 
7  8 
-5  -12 
-24  -4 
-48  3 
14  36 
-23  15 
34  31 
49  29 
20  3 
-19  -6 
-30  23 
-9  12 
18  35 
-27  80 
-5  40 
-2  34 
-22  -28 
3  17 
-1  2 
4  12 
19  20 
-5  21 
6  27 
3  -14 
-46  28 
-24  17 
37  -38 
50  -28 
7  -39 
7  47 
26  -5 
-1  4 
7  22 
8  9 
-19  -27 
12  -40 
-13  -5 
10  30 
-12  1 
-3  9 
23  15 
4  20 
4  -5 
42  4 
-40  -14 
14  -20 
16  18 
8  46 
15  6 
-9  35 
10  -18 
6  10 
27  -7 
10  14 
-9  44 
3  -9 
25  26 
8  35 
-26  5 
-14  5 
54  -3 
-11  -22 
-16  4 
19  -35 
-8  27 
-3  -10 
2  46 
34  -17 
6  19 
-16  27 
25  18 
-7  -3 
29  57 
14  1 
-31  39 
2  9 
-5  -9 
-25  -18 
-4  -14 
2  41 
40  -20 
5  37 
-12  18 
-3  -13 
-25  -9 
3  -2 
-17  -1 
-42  50 
9  -38 
-31  -31 
-28  26 
-1  -10 
-32  32 
42  45 
12  11 
-27  -23 
11  9 
-6  -9 
-23  -2 
-53  4 
4  35 
-23  16 
31  34 
52  28 
19  2 
-12  -12 
-30  24 
-4  14 
22  34 
-26  80 
-4  38 
-3  35 
-30  -30 
5  23 
0  5 
6  10 
20  20 
-7  22 
9  26 
8  -14 
-42  31 
-23  17 
38  -37 
50  -32 
7  -34 
7  42 
34  -6 
-3  10 
11  22 
13  11 
-19  -27 
12  -40 
-13  -5 
8  29 
-11  -1 
-7  7 
29  16 
4  21 
5  -2 
40  3 
-37  -11 
16  -20 
14  17 
9  48 
16  7 
-9  35 
11  -16 
4  8 
25  -3 
8  19 
-10  45 
4  -9 
27  27 
4  38 
-25  6 
-12  7 
50  -3 
-10  -20 
-17  6 
21  -34 
-6  27 
-3  -11 
1  51 
36  -16 
9  17 
-17  30 
25  21 
-12  -3 
28  55 
12  3 
-29  39 
2  8 
-5  -12 
-23  -16 
-6  -15 
2  41 
40  -19 
3  37 
-13  21 
0  -12 
-26  -15 
-2  -5 
-17  -2 
-42  50 
10  -38 
-25  -31 
-27  26 
0  -12 
-32  32 
43  45 
13  16 
-28  -20 
8  8 
-9  -8 
-23  -3 
-48  9 
4  35 
-25  15 
29  35 
50  28 
20  1 
-15  -14 
-32  24 
-4  14 
17  35 
-27  80 
0  40 
0  35 
-23  -27 
2  21 
-2  1 
8  7 
19  20 
-8  27 
6  22 
6  -17 
-45  31 
-24  17 
40  -34 
49  -31 
5  -35 
5  41 
36  -4 
-2  11 
11  24 
11  5 
-17  -23 
15  -39 
-12  -9 
9  25 
-11  -6 
-5  6 
27  15 
4  21 
8  1 
35  4 
-33  -13 
16  -20 
14  14 
8  46 
19  2 
-7  37 
10  -15 
2  8 
25  -1 
7  21 
-10  50 
0  -9 
26  25 
5  37 
-21  10 
-15  3 
46  -1 
-8  -23 
-17  6 
17  -38 
-6  27 
-3  -10 
3  54 
38  -17 
9  17 
-16  27 
29  20 
-11  -1 
26  55 
9  3 
-29  39 
-1  7 
-4  -10 
-22  -14 
-6  -14 
-1  43 
40  -21 
5  38 
-10  23 
2  -11 
-29  -12 
-3  -2 
-14  -3 
-42  50 
10  -38 
-23  -30 
-26  20 
-1  -15 
-30  32 
44  49 
11  15 
-27  -20 
12  12 
-6  -10 
-22  -3 
-54  10 
3  30 
-27  17 
27  35 
51  29 
21  -6 
-17  -13 
-32  26 
1  13 
17  35 
-24  80 
0  40 
4  31 
-21  -30 
2  21 
-3  2 
7  8 
19  19 
-5  24 
6  22 
6  -17 
-46  29 
-20  19 
37  -33 
55  -29 
3  -35 
4  40 
41  -8 
-2  12 
10  23 
11  4 
-18  -22 
9  -38 
-12  -8 
9  27 
-10  -9 
-2  8 
23  15 
3  17 
6  4 
42  8 
-31  -11 
15  -20 
16  16 
8  47 
17  3 
-6  37 
7  -15 
6  8 
24  -5 
7  27 
-10  50 
0  -9 
23  31 
16  38 
-20  10 
-18  4 
43  -1 
-6  -26 
-14  5 
18  -37 
-5  35 
-6  -9 
3  46 
38  -25 
11  19 
-17  28 
28  21 
-8  -2 
28  60 
10  5 
-28  40 
2  9 
-4  -6 
-23  -11 
-6  -15 
0  43 
43  -22 
6  35 
-11  23 
3  -11 
-32  -14 
-5  -2 
-18  -2 
-42  52 
11  -38 
-25  -29 
-26  22 
0  -17 
-25  28 
42  53 
11  15 
-25  -20 
6  15 
-5  -16 
-23  -2 
-57  11 
3  35 
-27  18 
28  35 
43  26 
18  -6 
-15  -14 
-30  22 
1  14 
18  35 
-24  80 
0  40 
2  29 
-23  -30 
2  21 
-3  2 
8  7 
20  19 
-2  23 
5  21 
6  -17 
-46  23 
-23  19 
33  -33 
59  -33 
4  -31 
4  41 
41  -7 
0  11 
9  22 
10  4 
-22  -23 
10  -37 
-10  -8 
9  29 
-10  -10 
-1  3 
26  18 
3  17 
5  -1 
41  3 
-33  -15 
17  -16 
17  17 
10  48 
22  4 
-13  41 
7  -16 
10  11 
26  2 
7  26 
-12  51 
6  -8 
27  27 
10  40 
-23  13 
-17  5 
45  3 
-11  -23 
-11  3 
19  -38 
-7  40 
-8  -8 
-3  45 
38  -24 
11  17 
-21  30 
28  21 
-13  -4 
24  55 
11  4 
-26  40 
1  7 
-6  -9 
-23  -11 
-8  -14 
-5  41 
43  -22 
4  32 
-10  25 
1  -12 
-33  -13 
-4  -3 
-15  -3 
-42  50 
11  -40 
-29  -28 
-26  23 
-2  -14 
-22  32 
40  51 
14  14 
-24  -20 
5  15 
-5  -16 
-21  -3 
-61  10 
4  35 
-26  17 
29  37 
42  25 
18  -5 
-17  -14 
-27  20 
-1  16 
17  37 
-25  78 
1  40 
3  29 
-25  -31 
2  21 
-3  4 
5  6 
13  17 
-1  24 
5  19 
6  -22 
-49  24 
-23  18 
34  -35 
57  -38 
3  -29 
10  34 
37  -5 
4  16 
11  19 
6  5 
-19  -27 
9  -38 
-12  -7 
9  29 
-13  -10 
0  3 
27  15 
3  19 
2  -2 
38  5 
-31  -17 
19  -17 
16  16 
6  47 
22  8 
-13  41 
6  -16 
15  11 
25  -2 
6  26 
-8  50 
7  -12 
28  26 
9  38 
-23  10 
-16  7 
46  2 
-10  -23 
-10  2 
20  -40 
-6  40 
-6  -14 
-4  45 
39  -20 
12  20 
-21  29 
26  19 
-10  -2 
24  51 
14  7 
-26  41 
2  4 
-6  -9 
-22  -16 
-5  -12 
-10  45 
40  -25 
2  32 
-10  24 
-1  -13 
-26  -10 
-5  -2 
-15  -3 
-42  50 
11  -41 
-29  -25 
-23  22 
0  -17 
-23  29 
44  55 
13  17 
-26  -18 
6  16 
-5  -16 
-20  -1 
-61  10 
7  35 
-28  18 
28  40 
44  27 
17  -6 
-18  -15 
-25  20 
6  15 
17  37 
-24  79 
-4  34 
6  30 
-25  -29 
2  21 
-4  6 
7  8 
14  17 
0  21 
5  19 
9  -33 
-50  25 
-24  18 
35  -34 
58  -37 
8  -31 
8  37 
34  -6 
4  21 
9  18 
5  3 
-19  -28 
9  -38 
-12  -5 
10  30 
-12  -8 
2  4 
31  20 
3  19 
4  -2 
37  5 
-29  -16 
17  -16 
15  16 
4  48 
22  8 
-12  41 
5  -19 
17  10 
22  -2 
6  23 
-11  49 
8  -14 
28  27 
6  38 
-21  15 
-17  6 
46  2 
-12  -21 
-10  3 
19  -38 
-4  40 
-6  -13 
-6  43 
41  -17 
12  17 
-17  25 
25  18 
-14  -3 
28  50 
13  11 
-27  40 
-1  7 
-10  -16 
-20  -20 
-13  -10 
-11  46 
45  -25 
-2  34 
-8  27 
-1  -16 
-25  -9 
-1  -3 
-17  -2 
-40  51 
10  -42 
-28  -31 
-23  22 
-2  -15 
-23  29 
39  54 
10  17 
-26  -20 
6  15 
-5  -16 
-22  -4 
-63  10 
7  35 
-28  20 
28  41 
44  28 
18  -10 
-17  -11 
-26  23 
5  17 
21  37 
-24  78 
-4  36 
11  32 
-23  -29 
2  21 
-1  3 
10  10 
13  15 
0  23 
8  20 
1  -29 
-51  23 
-22  15 
33  -34 
61  -46 
10  -32 
7  36 
35  -5 
2  18 
8  15 
6  3 
-21  -30 
10  -38 
-8  -9 
8  29 
-10  -8 
3  5 
33  20 
6  20 
4  -8 
36  5 
-30  -15 
17  -16 
12  17 
3  47 
22  9 
-13  40 
6  -18 
17  12 
21  -1 
6  24 
-5  46 
7  -13 
28  27 
5  38 
-19  13 
-17  4 
47  1 
-11  -23 
-10  3 
23  -38 
-4  40 
-6  -13 
-6  41 
41  -17 
14  17 
-17  26 
23  19 
-12  -2 
28  52 
14  14 
-29  37 
-2  3 
-9  -15 
-21  -24 
-17  -8 
-15  43 
44  -22 
-3  35 
-6  26 
2  -12 
-26  -13 
0  -3 
-17  -3 
-40  51 
10  -46 
-25  -31 
-23  22 
-2  -14 
-23  30 
41  54 
12  17 
-26  -20 
6  15 
-5  -16 
-16  -5 
-61  5 
8  39 
-26  14 
28  40 
44  27 
15  -9 
-18  -11 
-21  24 
3  20 
22  38 
-23  75 
-4  36 
11  37 
-20  -30 
3  24 
0  0 
10  10 
15  15 
0  21 
9  19 
5  -23 
-51  22 
-20  19 
32  -31 
63  -45 
6  -35 
5  38 
33  -3 
3  19 
6  17 
7  5 
-21  -30 
5  -34 
-6  -9 
8  27 
-10  -12 
6  2 
33  20 
8  18 
1  -7 
37  4 
-30  -23 
18  -15 
12  11 
2  45 
22  8 
-16  44 
7  -18 
18  12 
17  -2 
11  25 
-5  46 
7  -14 
26  26 
7  35 
-17  11 
-20  3 
47  1 
-8  -21 
-10  4 
25  -39 
-1  39 
-12  -14 
-5  40 
38  -19 
11  19 
-21  27 
23  18 
-11  -3 
26  50 
11  15 
-26  37 
-1  3 
-9  -16 
-25  -22 
-12  -8 
-14  43 
44  -22 
-2  35 
-6  25 
6  -11 
-30  -12 
-2  -6 
-17  -2 
-40  51 
16  -44 
-29  -27 
-23  23 
-3  -13 
-22  32 
38  55 
13  16 
-24  -16 
4  14 
-6  -17 
-5  -7 
-61  4 
10  40 
-26  16 
28  40 
43  26 
16  -6 
-17  -11 
-23  22 
3  17 
21  35 
-21  75 
-3  38 
8  38 
-20  -30 
2  25 
-3  -3 
14  11 
17  10 
1  19 
6  25 
5  -19 
-50  23 
-18  21 
35  -29 
67  -44 
8  -31 
3  39 
34  -6 
7  21 
6  23 
8  6 
-21  -30 
4  -32 
-11  -18 
9  29 
-10  -10 
6  4 
28  21 
8  15 
1  -7 
31  6 
-28  -20 
18  -17 
10  12 
2  44 
20  5 
-17  44 
10  -18 
17  9 
16  -2 
15  26 
-1  45 
7  -16 
28  27 
10  38 
-17  11 
-21  3 
46  2 
-7  -20 
-11  3 
24  -36 
1  34 
-15  -14 
4  40 
36  -20 
10  17 
-23  24 
26  19 
-14  -2 
26  52 
11  15 
-26  37 
-1  2 
-6  -18 
-25  -20 
-12  -8 
-15  43 
45  -22 
-2  36 
-6  27 
16  -10 
-30  -12 
1  -12 
-16  0 
-40  50 
16  -44 
-28  -23 
-21  27 
-1  -15 
-23  33 
38  54 
10  18 
-25  -16 
3  15 
-7  -20 
-4  -10 
-58  4 
9  37 
-34  15 
30  40 
45  26 
21  -6 
-22  -14 
-21  23 
3  18 
20  31 
-23  78 
-3  35 
6  41 
-22  -32 
5  31 
-1  -4 
14  11 
18  10 
6  18 
7  27 
5  -19 
-46  20 
-18  21 
34  -25 
68  -45 
8  -28 
3  37 
32  -6 
7  16 
6  23 
8  8 
-21  -30 
4  -33 
-10  -16 
10  31 
-10  -10 
8  7 
31  22 
14  14 
-2  -5 
34  1 
-28  -20 
20  -17 
14  8 
5  45 
17  2 
-17  46 
11  -16 
14  9 
16  -2 
14  25 
0  45 
7  -14 
29  26 
10  37 
-16  9 
-21  1 
46  5 
-11  -18 
-10  5 
24  -36 
6  34 
-14  -13 
3  39 
35  -20 
5  18 
-23  24 
26  24 
-13  1 
23  51 
15  11 
-32  41 
1  3 
-6  -13 
-23  -23 
-10  -8 
-18  45 
45  -23 
-2  36 
-5  26 
21  -7 
-33  -12 
3  -11 
-17  -1 
-42  50 
9  -46 
-27  -24 
-24  25 
-2  -17 
-23  30 
35  58 
9  19 
-24  -16 
4  15 
-7  -20 
-3  -11 
-58  4 
12  40 
-33  15 
31  39 
48  27 
19  -5 
-17  -15 
-21  24 
5  18 
20  31 
-23  75 
0  34 
9  43 
-21  -35 
0  30 
1  -6 
12  6 
18  11 
5  15 
6  29 
5  -19 
-46  23 
-20  23 
33  -23 
70  -40 
6  -28 
6  37 
36  -4 
12  14 
6  22 
7  7 
-25  -31 
5  -31 
-7  -18 
10  32 
-10  -10 
9  9 
30  26 
17  17 
-2  -5 
36  0 
-30  -18 
17  -18 
18  12 
4  45 
16  -2 
-15  46 
10  -17 
14  7 
22  -2 
10  31 
-1  47 
10  -16 
26  25 
12  38 
-18  9 
-26  0 
50  5 
-9  -16 
-14  4 
23  -33 
11  33 
-12  -11 
3  38 
34  -18 
8  20 
-23  23 
25  23 
-12  1 
21  53 
14  13 
-31  42 
-1  3 
-7  -9 
-23  -22 
-5  -9 
-19  43 
44  -22 
-4  37 
-6  26 
17  -4 
-33  -14 
2  -10 
-17  -1 
-42  50 
11  -46 
-28  -22 
-24  20 
0  -20 
-24  31 
36  58 
9  17 
-25  -16 
6  15 
-9  -21 
-3  -10 
-61  7 
6  39 
-33  15 
32  40 
48  27 
17  -2 
-17  -14 
-26  27 
2  14 
20  31 
-25  76 
3  31 
9  43 
-22  -37 
-2  32 
4  -8 
12  10 
18  16 
2  9 
0  26 
4  -19 
-46  23 
-23  22 
29  -22 
69  -41 
12  -29 
5  37 
31  -5 
14  17 
8  26 
3  9 
-29  -33 
1  -37 
-10  -15 
10  28 
-11  -13 
10  10 
31  33 
21  13 
-4  -6 
33  0 
-33  -24 
13  -18 
15  11 
5  46 
19  -2 
-13  41 
9  -18 
11  8 
23  -2 
9  29 
-5  46 
10  -8 
26  22 
12  39 
-20  8 
-25  2 
46  4 
-10  -17 
-15  3 
23  -33 
8  29 
-16  -12 
6  37 
34  -20 
8  20 
-21  23 
25  21 
-12  1 
19  54 
18  5 
-27  37 
-6  11 
-10  -9 
-23  -23 
-7  -6 
-20  43 
46  -24 
-6  35 
-10  24 
18  -5 
-29  -11 
5  -12 
-17  -3 
-41  50 
12  -47 
-26  -23 
-25  18 
0  -20 
-22  31 
36  58 
8  18 
-26  -15 
9  15 
-9  -21 
-8  -13 
-61  7 
7  41 
-34  18 
33  40 
43  26 
17  -2 
-16  -13 
-23  27 
5  16 
20  31 
-27  75 
3  32 
8  43 
-26  -38 
-10  28 
7  -12 
11  4 
18  21 
-3  10 
-3  23 
2  -22 
-44  20 
-23  24 
25  -22 
68  -45 
12  -31 
8  41 
31  -5 
14  16 
7  27 
3  9 
-24  -36 
-1  -38 
-9  -17 
8  26 
-11  -11 
10  10 
28  29 
21  14 
-1  -6 
30  0 
-31  -23 
14  -17 
18  10 
3  47 
18  -4 
-14  44 
9  -17 
12  6 
21  -1 
14  27 
2  45 
7  -10 
25  21 
11  37 
-21  4 
-23  -3 
45  3 
-12  -12 
-17  4 
22  -36 
9  27 
-16  -12 
9  34 
34  -20 
5  17 
-22  23 
25  19 
-12  -3 
24  51 
14  11 
-24  36 
-7  11 
-6  -8 
-26  -25 
-4  -3 
-21  43 
46  -25 
-6  34 
-11  22 
20  -3 
-22  -10 
2  -6 
-17  -2 
-45  51 
14  -46 
-27  -23 
-28  14 
-2  -26 
-23  33 
37  57 
8  15 
-30  -18 
11  15 
-7  -20 
-10  -15 
-60  3 
6  42 
-35  17 
30  43 
43  27 
23  -1 
-16  -13 
-24  26 
3  11 
20  31 
-29  73 
9  37 
8  43 
-26  -40 
-3  31 
6  -17 
11  5 
16  20 
-1  5 
-3  22 
4  -20 
-46  21 
-25  26 
27  -26 
69  -42 
9  -31 
11  38 
41  -6 
12  11 
9  28 
4  4 
-25  -36 
-2  -39 
-14  -15 
9  24 
-14  -13 
12  10 
19  27 
21  19 
-2  -5 
28  1 
-32  -23 
13  -18 
20  10 
2  49 
20  -1 
-11  45 
11  -16 
20  6 
20  0 
17  29 
3  46 
8  -8 
26  17 
12  37 
-21  10 
-25  -5 
44  1 
-16  -10 
-15  6 
23  -36 
13  26 
-16  -12 
5  38 
35  -19 
3  17 
-23  24 
25  21 
-17  -6 
23  55 
14  9 
-30  31 
-10  10 
-6  -10 
-23  -25 
1  -4 
-21  43 
47  -25 
-7  33 
-13  21 
18  -4 
-23  -10 
3  -9 
-18  -2 
-46  51 
13  -43 
-20  -24 
-30  14 
-4  -26 
-22  32 
39  58 
10  17 
-31  -17 
11  15 
-7  -22 
-13  -13 
-60  3 
6  43 
-36  15 
30  43 
44  27 
24  1 
-17  -14 
-21  24 
1  13 
20  31 
-28  71 
9  38 
15  46 
-26  -37 
-6  25 
7  -12 
13  3 
15  22 
0  5 
-3  19 
3  -20 
-48  21 
-26  28 
23  -26 
69  -43 
10  -30 
9  39 
42  -6 
17  18 
15  29 
-1  2 
-25  -39 
-3  -36 
-15  -19 
10  22 
-11  -14 
10  8 
22  29 
22  21 
-3  -5 
26  2 
-35  -25 
14  -18 
20  10 
1  48 
18  -4 
-12  47 
16  -20 
19  7 
18  1 
19  30 
3  45 
9  -6 
24  16 
13  36 
-23  9 
-25  -9 
45  3 
-17  -11 
-13  4 
21  -37 
18  25 
-15  -14 
6  37 
33  -20 
5  17 
-21  23 
26  18 
-17  -5 
24  52 
11  9 
-33  35 
-12  12 
-6  -11 
-20  -25 
-2  -6 
-22  43 
48  -19 
-10  31 
-12  26 
15  -5 
-32  -12 
2  -10 
-15  -2 
-46  51 
14  -43 
-21  -25 
-32  17 
-4  -26 
-24  31 
36  58 
8  16 
-32  -21 
11  15 
-3  -22 
-9  -16 
-61  3 
6  42 
-31  15 
32  46 
44  27 
24  1 
-17  -14 
-20  23 
3  18 
19  30 
-23  70 
11  39 
15  46 
-28  -37 
-6  25 
5  -14 
10  4 
19  24 
-5  4 
-2  14 
2  -22 
-47  20 
-25  31 
23  -26 
69  -41 
8  -28 
8  41 
38  -5 
19  22 
11  33 
-1  -4 
-23  -37 
-2  -36 
-15  -19 
9  22 
-12  -14 
11  8 
22  28 
23  20 
-11  -8 
26  0 
-35  -21 
14  -20 
18  10 
3  45 
17  -5 
-14  45 
15  -20 
20  7 
20  1 
17  33 
2  44 
10  -3 
23  17 
11  37 
-26  8 
-27  -9 
46  3 
-16  -12 
-13  4 
20  -40 
16  25 
-14  -16 
5  37 
30  -22 
3  19 
-22  23 
29  17 
-18  -6 
24  58 
9  8 
-37  35 
-12  7 
-6  -13 
-22  -24 
1  -6 
-20  45 
50  -18 
-13  35 
-8  29 
14  3 
-27  -16 
2  -11 
-15  -5 
-45  51 
10  -40 
-19  -29 
-35  17 
-4  -26 
-22  30 
37  58 
8  15 
-31  -21 
15  15 
-7  -23 
-10  -15 
-65  4 
7  41 
-30  14 
32  46 
44  28 
28  0 
-17  -14 
-22  23 
5  18 
18  35 
-23  69 
13  38 
13  51 
-29  -36 
-9  23 
5  -14 
8  3 
19  25 
-3  4 
-1  13 
4  -22 
-51  17 
-26  31 
26  -25 
67  -44 
3  -29 
7  42 
37  -5 
21  19 
7  27 
0  -5 
-23  -38 
-1  -31 
-13  -20 
10  22 
-12  -11 
17  10 
21  34 
25  21 
-6  -13 
29  3 
-34  -21 
14  -20 
20  11 
3  44 
18  -2 
-15  43 
14  -19 
18  7 
16  -1 
19  30 
2  44 
13  -10 
23  17 
14  34 
-26  6 
-27  -6 
46  5 
-17  -8 
-14  4 
20  -40 
15  26 
-14  -17 
4  35 
28  -23 
3  19 
-21  22 
32  20 
-19  -8 
24  60 
7  6 
-35  36 
-14  2 
-6  -15 
-14  -26 
0  -6 
-22  46 
49  -19 
-13  35 
-11  29 
14  3 
-30  -15 
2  -10 
-12  -5 
-48  52 
13  -45 
-19  -29 
-36  18 
-4  -26 
-26  30 
39  58 
13  17 
-32  -23 
14  14 
-4  -22 
-10  -18 
-63  4 
8  41 
-33  16 
35  49 
44  28 
27  1 
-17  -15 
-25  28 
3  14 
20  34 
-23  72 
15  35 
16  56 
-30  -36 
-9  24 
4  -13 
8  4 
19  22 
-1  3 
-2  15 
2  -22 
-51  18 
-25  31 
25  -29 
71  -41 
3  -29 
6  43 
38  -4 
20  20 
8  27 
1  -7 
-21  -36 
2  -31 
-15  -22 
7  27 
-10  -12 
17  10 
17  35 
24  21 
-17  -5 
28  0 
-34  -23 
14  -20 
20  11 
1  47 
17  -3 
-11  48 
14  -15 
16  11 
16  0 
18  32 
1  43 
12  -14 
23  19 
15  36 
-26  7 
-28  -6 
45  1 
-17  -11 
-14  5 
22  -39 
22  24 
-13  -12 
4  32 
31  -27 
-1  16 
-20  23 
35  21 
-21  -5 
23  58 
8  6 
-31  37 
-15  -1 
-7  -13 
-13  -25 
-2  -10 
-21  47 
50  -17 
-11  39 
-9  29 
13  2 
