Created:October-13-2022 
Coverage:25 
N:20 
NUM-IONS:100 
NSTEPS:15000 
WRITE-PERIODICITY:100 
epsilon:1.71 
18  34 
43  33 
-13  22 
-4  33 
0  14 
10  -7 
10  15 
16  7 
23  10 
5  8 
36  0 
20  -12 
9  12 
11  -20 
-7  32 
3  17 
25  -6 
-7  -20 
-7  21 
-3  22 
-1  42 
2  5 
-4  34 
-17  4 
25  -11 
35  12 
11  -2 
30  -18 
-3  16 
14  -15 
22  49 
-28  43 
22  2 
-14  24 
17  -3 
28  8 
1  27 
14  20 
20  24 
5  6 
21  18 
11  -15 
12  0 
8  25 
10  9 
11  32 
-39  -1 
-17  11 
32  37 
44  17 
8  31 
9  5 
29  -6 
13  27 
1  -17 
-22  -27 
10  18 
17  0 
5  17 
20  12 
8  22 
-3  3 
7  15 
-10  5 
13  18 
19  -20 
-14  11 
-8  -11 
0  -5 
-2  3 
6  6 
-1  11 
4  -16 
-2  24 
-10  10 
-4  42 
-15  -5 
1  46 
35  -13 
13  16 
19  19 
38  17 
-13  -10 
7  -2 
34  -9 
33  13 
6  -19 
3  12 
22  14 
-7  -6 
55  44 
-12  -6 
-7  28 
6  18 
-20  21 
69  8 
12  27 
10  11 
22  10 
10  12 
21  36 
41  33 
-12  18 
-6  31 
2  15 
11  -11 
9  15 
16  7 
22  10 
3  6 
33  -3 
13  -10 
2  9 
13  -19 
-14  37 
4  17 
23  -4 
-4  -20 
-9  20 
-1  21 
-1  43 
5  8 
-4  33 
-14  3 
24  -10 
33  14 
6  -2 
36  -18 
-3  16 
15  -14 
23  48 
-28  42 
22  2 
-13  20 
17  -3 
26  7 
-2  28 
14  23 
20  24 
1  6 
21  19 
8  -13 
12  1 
7  26 
10  9 
12  40 
-43  0 
-18  14 
33  32 
45  13 
5  29 
5  6 
27  -6 
16  29 
2  -17 
-21  -26 
9  18 
15  1 
4  16 
20  12 
7  23 
-2  3 
8  11 
-13  1 
14  20 
18  -16 
-18  11 
-8  -11 
0  -2 
1  3 
4  5 
3  12 
6  -19 
-3  24 
-10  11 
-1  39 
-16  -5 
-1  48 
37  -10 
17  21 
18  17 
33  18 
-10  -7 
9  1 
36  -14 
35  11 
5  -23 
6  11 
19  20 
-10  -4 
48  48 
-14  -5 
-7  28 
6  19 
-20  21 
70  6 
6  26 
10  7 
23  11 
8  12 
20  32 
41  33 
-9  17 
-2  34 
3  16 
10  -9 
7  14 
13  8 
23  12 
0  8 
32  -7 
16  -11 
5  5 
11  -15 
-15  39 
5  17 
26  -3 
-7  -16 
-7  20 
-3  22 
-3  44 
7  9 
-5  31 
-13  3 
26  -6 
34  15 
5  -5 
38  -16 
-1  14 
16  -13 
25  46 
-27  47 
24  1 
-8  24 
17  -5 
27  5 
-6  29 
12  23 
20  24 
1  6 
21  19 
9  -18 
14  5 
7  26 
12  9 
14  41 
-46  -2 
-18  14 
33  38 
46  18 
6  30 
6  11 
29  -5 
15  29 
3  -12 
-21  -25 
10  16 
14  0 
4  17 
20  14 
8  22 
-1  3 
14  12 
-11  0 
13  21 
16  -18 
-16  6 
-10  -11 
-2  -1 
-1  0 
8  5 
2  9 
6  -19 
-1  28 
-10  10 
0  37 
-15  -6 
-1  46 
37  -10 
19  21 
17  17 
32  20 
-7  -6 
9  -1 
34  -13 
37  13 
5  -19 
5  8 
17  23 
-7  -8 
47  47 
-17  -3 
-8  27 
6  19 
-21  18 
71  8 
3  30 
15  6 
22  10 
7  13 
20  28 
42  35 
-9  20 
0  35 
6  13 
10  -9 
10  15 
13  8 
22  10 
4  10 
31  -8 
23  -14 
5  8 
10  -14 
-17  37 
4  16 
25  -10 
-6  -13 
-9  23 
-5  18 
-2  43 
11  10 
-6  31 
-18  2 
27  -6 
35  12 
8  -7 
38  -12 
-4  13 
11  -15 
23  44 
-23  41 
26  -2 
-8  24 
17  -3 
24  7 
-8  29 
9  21 
24  24 
-4  9 
21  19 
8  -15 
14  5 
8  28 
11  9 
14  41 
-47  -1 
-17  16 
33  34 
49  18 
3  32 
6  10 
30  -4 
16  27 
4  -11 
-20  -26 
13  18 
13  0 
4  17 
19  15 
7  23 
0  2 
15  11 
-6  0 
13  22 
17  -16 
-15  6 
-13  -14 
1  3 
0  1 
7  5 
2  9 
9  -21 
0  27 
-10  10 
-1  40 
-19  -5 
1  47 
38  -6 
17  20 
17  16 
31  22 
-7  -8 
9  -9 
33  -14 
39  8 
7  -18 
6  6 
19  27 
-12  -8 
48  44 
-14  -3 
-7  27 
6  19 
-21  18 
71  7 
-3  28 
15  7 
23  10 
8  14 
18  29 
42  34 
-8  20 
1  35 
4  12 
12  -6 
10  16 
13  8 
23  13 
4  10 
32  -8 
25  -11 
3  12 
6  -14 
-18  35 
6  19 
25  -12 
-9  -13 
-6  25 
-7  16 
-3  41 
11  9 
-7  31 
-19  3 
30  -7 
36  9 
8  -9 
41  -4 
-5  12 
9  -21 
23  44 
-23  44 
23  -5 
-8  23 
17  -4 
20  7 
-8  29 
9  21 
25  22 
-7  10 
20  21 
7  -11 
13  3 
8  28 
6  9 
14  41 
-45  -3 
-16  17 
37  35 
46  18 
-1  34 
7  14 
31  -3 
19  27 
6  -9 
-21  -27 
16  18 
11  0 
6  14 
20  14 
7  23 
-3  0 
14  11 
-6  0 
12  27 
18  -17 
-13  6 
-9  -15 
2  2 
-1  3 
10  11 
5  6 
4  -24 
2  28 
-9  11 
-8  45 
-20  -8 
2  49 
39  -2 
16  20 
20  15 
30  21 
-5  -9 
8  -16 
35  -14 
36  6 
12  -19 
4  11 
18  24 
-7  -7 
50  46 
-15  -6 
-7  26 
6  23 
-23  23 
73  7 
-3  30 
16  7 
22  10 
10  15 
17  36 
42  34 
-8  21 
0  34 
2  10 
14  -5 
10  15 
13  8 
23  16 
5  8 
26  -10 
23  -10 
2  11 
3  -13 
-15  37 
3  17 
25  -11 
-9  -15 
-6  27 
-7  14 
-1  38 
11  9 
-8  32 
-18  2 
32  -7 
36  8 
6  -2 
37  -5 
-1  13 
11  -23 
24  44 
-23  43 
24  -10 
-9  20 
18  -3 
22  12 
-8  29 
8  21 
25  18 
-9  18 
19  23 
6  -9 
12  4 
8  34 
7  11 
14  40 
-43  1 
-14  14 
37  37 
49  19 
-1  32 
6  13 
30  -7 
20  27 
7  -5 
-20  -25 
16  20 
13  1 
6  19 
24  17 
7  22 
-6  5 
14  11 
-8  0 
13  26 
13  -22 
-19  7 
-12  -12 
8  2 
-2  3 
10  9 
0  8 
1  -27 
-2  25 
-10  11 
-11  47 
-20  -9 
1  51 
38  -6 
19  20 
22  15 
30  25 
-5  -9 
8  -15 
33  -8 
36  6 
14  -14 
3  12 
18  24 
-4  -6 
45  46 
-13  -6 
-9  27 
8  20 
-23  24 
73  7 
0  32 
19  10 
21  6 
14  18 
18  34 
42  34 
-9  22 
-1  36 
5  9 
13  -6 
10  16 
13  7 
24  17 
7  6 
31  -10 
25  -14 
4  7 
5  -12 
-17  36 
3  17 
26  -17 
-6  -15 
-1  29 
-7  10 
-2  43 
11  12 
-10  29 
-19  3 
34  -9 
36  9 
6  -1 
37  -4 
-3  10 
13  -27 
24  44 
-26  40 
27  -7 
-11  22 
19  -7 
28  8 
-8  29 
9  19 
26  21 
-9  18 
17  22 
3  -10 
10  5 
11  33 
13  12 
13  39 
-43  0 
-14  14 
37  37 
47  15 
-4  34 
5  14 
32  -8 
19  28 
8  -2 
-21  -26 
15  24 
14  4 
6  16 
25  15 
8  22 
-8  4 
15  11 
-13  -4 
11  24 
12  -20 
-19  7 
-11  -13 
9  1 
-1  3 
11  9 
0  7 
3  -29 
-4  27 
-10  10 
-15  57 
-21  -5 
3  52 
36  -7 
20  17 
22  15 
28  25 
-6  -8 
9  -17 
34  -11 
37  4 
18  -15 
6  11 
19  20 
-5  -8 
48  44 
-13  -6 
-5  27 
6  18 
-24  22 
76  6 
0  32 
22  10 
21  6 
13  20 
17  35 
43  34 
-4  18 
1  33 
2  10 
13  -7 
4  19 
13  4 
27  14 
3  11 
33  -8 
25  -18 
4  10 
6  -14 
-13  32 
3  16 
27  -17 
-9  -18 
-3  30 
-5  9 
-4  42 
11  12 
-13  26 
-18  3 
39  -7 
40  15 
5  -3 
38  -3 
2  8 
13  -23 
24  44 
-26  45 
27  -11 
-15  26 
14  -11 
30  6 
-10  30 
6  18 
26  21 
-7  18 
13  23 
3  -7 
11  7 
16  33 
8  10 
13  41 
-43  0 
-15  14 
41  39 
52  17 
-3  36 
7  15 
31  -2 
18  24 
6  -3 
-21  -26 
13  20 
11  0 
9  17 
26  11 
7  22 
-4  7 
14  11 
-12  -2 
13  27 
16  -20 
-19  6 
-14  -10 
12  0 
-3  4 
12  9 
0  8 
4  -27 
-4  29 
-12  12 
-16  56 
-20  -8 
5  49 
38  -7 
22  22 
22  9 
28  26 
-5  -9 
9  -19 
36  -12 
39  8 
19  -14 
7  11 
19  20 
-4  -6 
53  46 
-14  -4 
-6  27 
4  17 
-24  21 
72  2 
-1  35 
23  9 
20  4 
12  24 
19  35 
42  34 
-7  19 
-3  35 
7  10 
13  -4 
4  16 
14  4 
25  14 
2  10 
33  -8 
24  -19 
2  9 
3  -12 
-14  36 
6  18 
28  -22 
-7  -20 
-5  31 
-5  7 
-7  43 
14  11 
-10  25 
-18  2 
40  -8 
39  16 
3  -3 
36  -2 
-2  11 
7  -29 
23  44 
-32  42 
28  -12 
-23  30 
16  -13 
31  9 
-11  32 
5  18 
27  22 
-7  18 
14  25 
2  -8 
4  4 
15  32 
5  11 
12  40 
-43  1 
-17  12 
40  36 
53  22 
-3  36 
7  14 
35  1 
18  24 
3  -4 
-20  -32 
14  21 
11  0 
10  16 
26  11 
7  23 
-5  6 
15  9 
-13  -3 
13  28 
17  -16 
-19  7 
-13  -5 
10  2 
-2  3 
12  13 
0  7 
5  -25 
-1  28 
-8  9 
-17  58 
-22  -7 
5  48 
40  -5 
21  22 
25  9 
26  26 
-8  -4 
9  -21 
37  -11 
48  7 
21  -14 
10  13 
17  23 
-1  -7 
51  45 
-14  -1 
-7  27 
4  17 
-26  20 
71  2 
0  34 
23  10 
20  4 
13  24 
20  34 
41  39 
-4  20 
0  35 
8  11 
17  -4 
8  14 
14  5 
27  11 
5  5 
33  -6 
19  -20 
5  6 
7  -15 
-18  35 
7  21 
27  -18 
-9  -20 
-5  29 
-4  9 
-9  45 
13  12 
-9  27 
-19  3 
40  -9 
38  17 
4  -3 
37  -3 
-7  4 
8  -28 
23  44 
-31  41 
28  -12 
-23  30 
15  -14 
30  9 
-10  30 
5  15 
28  22 
-7  18 
13  26 
3  -4 
4  4 
16  33 
5  8 
13  40 
-44  2 
-19  6 
39  38 
53  22 
-4  34 
4  8 
37  0 
14  20 
7  -5 
-21  -33 
12  20 
14  -2 
10  16 
22  9 
6  23 
-6  11 
13  10 
-16  -6 
14  27 
17  -16 
-19  7 
-11  -1 
10  2 
-2  4 
9  15 
4  10 
6  -29 
-1  26 
-10  6 
-14  56 
-20  -8 
6  46 
39  -5 
19  23 
23  13 
28  24 
-9  -10 
8  -21 
36  -13 
47  6 
18  -17 
12  12 
17  23 
-8  -3 
49  47 
-15  -3 
-7  27 
6  20 
-28  23 
71  2 
-5  32 
22  11 
20  4 
13  21 
20  32 
42  35 
-4  21 
-1  35 
9  12 
12  -8 
8  14 
14  7 
25  6 
3  8 
30  -4 
19  -22 
4  9 
9  -19 
-17  31 
3  16 
27  -18 
-9  -20 
-9  25 
-4  9 
-8  47 
13  19 
-14  23 
-18  2 
38  -15 
37  16 
5  -5 
37  -3 
-7  4 
11  -31 
23  44 
-32  42 
26  -14 
-21  34 
12  -17 
31  10 
-8  29 
6  18 
28  15 
-9  18 
19  23 
5  -2 
6  4 
16  33 
8  11 
14  38 
-44  0 
-19  6 
39  42 
52  20 
-4  34 
4  10 
37  1 
14  22 
5  -6 
-22  -31 
13  20 
16  -2 
10  15 
22  9 
8  19 
-5  10 
14  11 
-14  -6 
15  26 
17  -17 
-15  9 
-13  -5 
12  4 
-4  7 
7  14 
3  10 
7  -31 
-1  28 
-8  1 
-15  57 
-20  -5 
5  48 
44  -5 
18  23 
24  14 
27  26 
-10  -9 
6  -21 
35  -11 
51  7 
22  -17 
6  11 
17  24 
-11  -1 
53  47 
-16  -3 
-7  28 
13  17 
-27  21 
73  3 
-5  32 
27  11 
20  4 
15  22 
18  34 
40  34 
-4  22 
5  35 
11  10 
5  -11 
7  14 
12  7 
26  6 
1  6 
30  -4 
20  -23 
5  8 
12  -16 
-19  36 
4  16 
24  -21 
-9  -20 
-4  28 
-1  8 
-10  46 
9  18 
-15  23 
-18  2 
39  -13 
37  16 
4  -3 
33  0 
-6  7 
11  -33 
23  44 
-34  41 
27  -14 
-18  32 
13  -19 
28  7 
-7  24 
7  16 
26  19 
-9  18 
17  22 
6  -2 
4  4 
15  35 
8  11 
15  42 
-43  0 
-22  10 
41  38 
54  20 
-9  32 
3  10 
36  0 
12  23 
3  -9 
-23  -30 
12  20 
14  2 
10  15 
22  10 
8  26 
-4  9 
17  9 
-14  -7 
16  26 
18  -12 
-16  6 
-13  -7 
10  7 
-3  7 
5  14 
3  12 
6  -29 
0  28 
-9  2 
-12  54 
-23  -3 
5  45 
43  -3 
19  23 
23  13 
28  22 
-11  -13 
4  -20 
35  -11 
54  3 
22  -17 
2  14 
18  24 
-11  -1 
53  47 
-14  -3 
-7  28 
13  18 
-26  18 
72  2 
-7  34 
28  8 
21  7 
9  24 
21  33 
40  34 
-4  27 
4  41 
11  9 
10  -9 
4  14 
10  9 
30  6 
-1  6 
31  -2 
19  -28 
4  4 
14  -15 
-17  32 
3  17 
28  -21 
-7  -16 
0  28 
-2  4 
-8  49 
8  22 
-13  23 
-18  2 
37  -16 
37  16 
9  -1 
37  0 
-5  6 
10  -38 
22  43 
-33  42 
22  -12 
-18  35 
12  -19 
26  4 
-6  23 
4  17 
28  20 
-7  19 
14  20 
6  1 
3  10 
16  34 
7  11 
15  44 
-41  -1 
-19  7 
41  38 
54  21 
-5  35 
5  8 
36  2 
18  23 
3  -7 
-26  -31 
11  22 
12  0 
10  16 
23  9 
9  21 
-2  9 
18  10 
-13  -11 
15  27 
20  -13 
-18  10 
-15  -6 
6  6 
-7  7 
2  14 
4  10 
7  -30 
-3  30 
-9  -1 
-13  55 
-23  -3 
6  51 
46  -2 
17  23 
23  16 
27  21 
-16  -14 
1  -20 
34  -13 
51  7 
21  -17 
-1  15 
14  24 
-11  -3 
56  40 
-15  -3 
-7  28 
14  18 
-27  16 
72  4 
-7  32 
28  8 
21  6 
2  27 
19  33 
39  36 
-6  27 
6  38 
12  9 
8  -5 
3  16 
10  9 
27  11 
-2  3 
28  -9 
19  -26 
4  4 
11  -15 
-17  33 
6  17 
32  -23 
-10  -15 
-3  30 
-3  4 
-9  51 
8  22 
-14  23 
-20  0 
37  -19 
35  12 
7  -1 
39  1 
-7  8 
10  -34 
22  43 
-33  43 
23  -9 
-23  37 
16  -21 
24  8 
-7  23 
3  17 
28  18 
-8  20 
13  20 
6  -1 
6  10 
15  29 
7  10 
14  45 
-42  -1 
-20  7 
39  40 
56  22 
-5  31 
3  10 
34  2 
15  22 
2  -11 
-27  -30 
13  25 
11  0 
10  16 
25  5 
6  21 
-4  13 
20  12 
-15  -9 
16  28 
23  -12 
-17  12 
-18  -10 
1  7 
-10  7 
2  11 
3  4 
10  -30 
-2  33 
-13  -2 
-12  54 
-23  -4 
7  49 
44  -4 
19  23 
24  17 
25  17 
-14  -14 
1  -21 
36  -13 
45  6 
17  -20 
0  18 
13  21 
-11  -1 
56  40 
-19  -5 
-9  29 
9  15 
-26  18 
71  2 
-10  31 
27  7 
25  9 
8  25 
18  32 
35  32 
-8  25 
7  38 
12  9 
6  -1 
4  19 
12  7 
25  13 
-3  4 
22  -11 
19  -26 
3  3 
14  -17 
-16  30 
6  17 
29  -23 
-9  -18 
-4  26 
-1  3 
-5  55 
8  22 
-14  24 
-19  -2 
33  -19 
37  9 
7  3 
42  2 
-7  8 
8  -36 
21  43 
-34  43 
23  -9 
-23  37 
15  -23 
23  7 
-7  22 
3  16 
27  15 
-8  21 
13  17 
4  -3 
11  17 
13  27 
14  11 
11  47 
-40  -6 
-23  7 
38  40 
51  20 
-5  31 
5  9 
33  5 
14  24 
3  -7 
-26  -31 
9  24 
12  2 
11  18 
24  8 
7  22 
-7  16 
16  7 
-16  -6 
17  35 
25  -12 
-22  11 
-18  -8 
1  6 
-10  5 
6  11 
2  3 
10  -30 
-4  33 
-12  -1 
-12  54 
-23  -4 
3  50 
44  -4 
19  20 
25  15 
23  17 
-18  -12 
-1  -22 
35  -14 
42  10 
16  -20 
-4  14 
20  20 
-12  0 
50  42 
-18  -5 
-10  29 
5  14 
-24  22 
69  1 
-9  29 
31  4 
26  6 
5  27 
14  25 
35  31 
-13  26 
11  29 
10  8 
6  6 
2  22 
15  -1 
27  13 
2  1 
21  -14 
21  -29 
3  4 
19  -17 
-12  31 
4  17 
29  -22 
-9  -18 
-10  25 
-1  0 
-4  54 
9  21 
-13  23 
-21  -2 
33  -16 
38  4 
8  2 
39  -5 
-7  8 
9  -35 
21  43 
-33  42 
20  -6 
-23  37 
14  -20 
26  4 
-6  21 
5  17 
31  12 
-4  22 
16  18 
8  0 
13  19 
18  23 
16  9 
8  48 
-38  -10 
-22  11 
39  41 
52  20 
-6  29 
5  6 
30  6 
13  22 
2  -11 
-23  -30 
4  24 
13  1 
11  18 
23  11 
7  20 
-10  15 
14  7 
-17  -3 
17  35 
23  -12 
-21  12 
-15  -6 
-1  8 
-9  8 
6  11 
2  3 
10  -27 
-4  33 
-12  -2 
-11  59 
-23  -4 
3  50 
42  -6 
17  24 
23  12 
24  18 
-15  -13 
-2  -21 
32  -16 
44  6 
16  -20 
-3  13 
21  19 
-14  -1 
48  39 
-19  -4 
-8  27 
3  16 
-20  20 
71  4 
-10  29 
34  4 
21  8 
5  29 
11  25 
34  31 
-12  31 
12  29 
8  8 
6  6 
0  22 
15  1 
23  12 
6  3 
21  -14 
19  -32 
-3  2 
20  -20 
-14  29 
5  17 
29  -19 
-8  -18 
-10  26 
-3  -3 
-14  59 
1  19 
-13  23 
-22  -1 
31  -16 
36  2 
10  2 
38  -6 
-4  9 
8  -35 
19  42 
-36  50 
20  -6 
-23  36 
12  -20 
24  6 
-7  21 
6  22 
33  12 
-6  22 
13  20 
6  -2 
13  14 
19  20 
12  4 
11  47 
-35  -13 
-18  15 
36  41 
51  18 
-7  30 
-2  5 
30  11 
10  25 
-1  -14 
-23  -30 
5  25 
13  -2 
9  17 
21  13 
8  20 
-11  15 
12  7 
-16  -2 
16  34 
25  -12 
-21  13 
-12  -6 
-4  7 
-14  10 
6  11 
1  3 
11  -24 
-5  32 
-14  -7 
-13  62 
-20  -5 
2  52 
43  -6 
19  23 
26  14 
25  18 
-17  -9 
3  -24 
32  -21 
43  10 
17  -20 
-3  13 
19  18 
-16  -3 
48  30 
-29  -3 
-10  29 
4  14 
-23  24 
74  5 
-13  26 
31  2 
20  8 
5  31 
12  22 
38  35 
-15  35 
12  29 
8  7 
8  8 
-1  19 
15  2 
24  17 
7  7 
20  -12 
21  -34 
-8  3 
19  -20 
-8  27 
4  18 
29  -19 
-2  -19 
-12  26 
-3  -4 
-11  55 
0  19 
-13  22 
-20  -3 
31  -13 
35  4 
11  0 
40  0 
-1  10 
11  -35 
15  41 
-38  48 
20  -8 
-22  34 
12  -19 
22  10 
-7  24 
6  19 
34  18 
-6  24 
13  21 
6  -4 
12  13 
20  16 
13  5 
16  48 
-35  -14 
-22  9 
36  42 
51  18 
-9  32 
-1  3 
31  9 
13  27 
-3  -13 
-15  -35 
7  26 
13  3 
9  19 
19  14 
6  21 
-10  15 
13  8 
-19  -7 
13  38 
29  -13 
-21  16 
-12  -6 
-6  5 
-15  9 
7  12 
1  3 
10  -24 
-4  29 
-20  -6 
-12  62 
-30  -9 
3  50 
45  -3 
17  24 
27  18 
27  23 
-18  -9 
8  -22 
33  -20 
42  9 
17  -19 
-4  14 
19  18 
-17  -3 
47  29 
-22  3 
-15  34 
7  14 
-22  24 
76  6 
-14  23 
31  2 
19  7 
4  30 
17  21 
36  34 
-13  35 
13  25 
12  2 
4  9 
-2  21 
16  1 
24  14 
8  5 
20  -13 
21  -34 
-7  3 
20  -20 
-9  27 
9  19 
28  -18 
-2  -21 
-11  27 
-4  0 
-17  56 
-3  16 
-13  22 
-21  -2 
30  -18 
32  4 
11  0 
39  3 
2  8 
13  -32 
15  42 
-36  50 
19  -5 
-23  33 
13  -25 
23  11 
-6  25 
6  19 
33  13 
-6  26 
14  20 
3  -3 
13  14 
21  15 
16  8 
17  44 
-37  -10 
-23  10 
40  42 
53  18 
-10  29 
-4  2 
33  10 
16  26 
-6  -8 
-13  -34 
10  30 
13  0 
9  17 
19  13 
6  21 
-10  15 
16  7 
-22  -9 
12  41 
31  -16 
-20  15 
-12  -6 
-9  5 
-15  9 
9  15 
3  4 
10  -24 
-4  29 
-22  -6 
-13  63 
-28  -11 
2  50 
47  -3 
18  23 
25  15 
26  23 
-20  -12 
9  -19 
32  -20 
49  12 
17  -20 
0  14 
21  18 
-16  -5 
48  31 
-21  0 
-15  34 
6  13 
-23  22 
77  7 
-16  27 
31  2 
19  8 
1  33 
13  27 
34  35 
-18  34 
13  25 
11  2 
2  9 
-6  20 
17  3 
28  14 
8  8 
25  -12 
21  -33 
-5  4 
18  -20 
-8  27 
7  15 
30  -15 
-4  -18 
-9  25 
-2  -3 
-15  57 
-3  16 
-12  22 
-17  -6 
30  -18 
33  0 
11  0 
39  0 
5  6 
16  -34 
16  39 
-34  42 
19  -5 
-20  35 
6  -19 
25  10 
-9  27 
6  19 
35  15 
-6  27 
17  22 
2  1 
19  14 
16  14 
19  6 
17  44 
-37  -10 
-20  12 
40  42 
53  18 
-10  30 
-6  5 
34  11 
15  27 
-6  -8 
-13  -34 
10  31 
15  -3 
11  17 
17  15 
4  21 
-10  15 
13  4 
-24  -12 
13  36 
33  -18 
-21  13 
-20  -6 
-13  7 
-15  9 
6  16 
4  4 
10  -24 
-4  29 
-22  -6 
-14  63 
-30  -11 
4  50 
47  2 
19  23 
28  11 
27  23 
-20  -13 
12  -23 
32  -20 
46  6 
13  -19 
1  18 
22  23 
-19  3 
45  34 
-21  1 
-18  35 
9  15 
-22  23 
78  4 
-19  26 
32  1 
20  8 
2  30 
13  28 
33  30 
-16  30 
13  24 
13  3 
0  7 
-10  22 
17  2 
27  12 
8  8 
24  -16 
19  -32 
-6  3 
17  -17 
-5  26 
7  15 
30  -14 
-3  -19 
-8  25 
1  -1 
-14  56 
-3  17 
-13  22 
-13  -11 
29  -19 
36  1 
12  0 
39  0 
7  6 
16  -34 
16  40 
-34  42 
18  -6 
-20  35 
6  -19 
23  8 
-12  25 
6  18 
35  15 
-9  27 
17  20 
4  -6 
20  14 
19  7 
20  8 
13  41 
-38  -9 
-21  13 
39  35 
53  14 
-9  29 
-12  7 
36  7 
14  27 
-7  -8 
-18  -32 
12  33 
9  -1 
8  17 
17  16 
7  18 
-11  17 
11  2 
-27  -13 
13  38 
34  -15 
-25  12 
-21  -6 
-15  8 
-15  9 
-1  21 
3  4 
12  -28 
-4  29 
-23  -10 
-15  62 
-28  -11 
2  50 
48  2 
17  24 
28  14 
26  23 
-19  -13 
9  -22 
32  -18 
48  6 
12  -19 
2  15 
22  22 
-19  3 
43  30 
-27  2 
-18  34 
10  15 
-22  25 
78  4 
-15  35 
36  2 
21  6 
1  32 
13  26 
34  31 
-15  28 
11  22 
11  5 
0  7 
-12  22 
14  0 
27  10 
11  6 
25  -14 
18  -36 
-3  2 
14  -19 
-5  31 
7  15 
32  -15 
0  -23 
-10  27 
2  2 
-12  60 
-2  14 
-13  23 
-12  -9 
27  -19 
31  0 
6  -2 
38  -1 
1  11 
13  -35 
13  40 
-33  42 
19  -6 
-20  34 
9  -20 
25  7 
-14  19 
13  18 
36  14 
-10  31 
15  17 
4  -5 
21  15 
21  7 
19  10 
14  38 
-36  -10 
-21  13 
39  36 
58  13 
-9  27 
-12  8 
37  7 
13  27 
-11  -8 
-18  -31 
13  34 
9  -1 
1  19 
15  15 
9  21 
-13  18 
13  4 
-28  -16 
11  37 
36  -13 
-24  12 
-20  -7 
-13  14 
-15  9 
-1  15 
3  4 
9  -33 
-4  26 
-23  -10 
-12  64 
-30  -11 
-4  53 
50  6 
15  22 
28  14 
26  21 
-23  -16 
9  -22 
34  -15 
44  9 
12  -17 
2  15 
21  23 
-18  3 
43  30 
-26  2 
-15  35 
11  19 
-24  20 
77  3 
-16  37 
33  1 
21  6 
0  32 
11  24 
35  29 
-17  24 
13  25 
12  5 
-3  9 
-11  21 
10  1 
26  11 
14  7 
24  -16 
17  -37 
-2  4 
16  -18 
-5  32 
8  14 
34  -15 
-1  -19 
-12  31 
2  2 
-12  56 
0  14 
-15  22 
-13  -9 
24  -24 
33  0 
10  -5 
39  0 
6  13 
11  -35 
17  41 
-34  43 
19  -9 
-20  32 
9  -26 
25  9 
-15  17 
14  20 
36  9 
-9  29 
17  17 
6  -2 
20  15 
21  6 
20  8 
14  31 
-37  -8 
-22  14 
39  35 
62  9 
-9  27 
-10  6 
39  8 
20  27 
-10  -11 
-17  -30 
13  34 
11  -2 
0  18 
16  14 
11  22 
-11  17 
13  4 
-27  -13 
13  39 
36  -13 
-24  13 
-21  -10 
-13  9 
-16  9 
5  15 
3  2 
5  -35 
-4  26 
-23  -10 
-18  66 
-27  -8 
-4  52 
45  8 
15  21 
27  15 
27  21 
-23  -16 
14  -22 
33  -12 
44  10 
14  -16 
2  15 
21  22 
-19  3 
43  31 
-24  0 
-13  34 
9  19 
-23  20 
79  2 
-17  37 
33  1 
21  7 
3  27 
9  27 
34  27 
-16  26 
12  23 
11  5 
-5  12 
-15  27 
8  2 
25  14 
15  6 
26  -19 
18  -36 
-1  2 
15  -19 
-4  29 
7  15 
34  -15 
-4  -22 
-12  31 
5  -1 
-12  54 
1  19 
-14  23 
-9  -11 
24  -22 
31  -2 
13  -4 
40  0 
5  15 
10  -34 
13  40 
-34  33 
16  -7 
-20  34 
13  -27 
25  5 
-14  19 
11  19 
41  7 
-10  30 
18  17 
4  -5 
19  13 
21  6 
22  9 
14  31 
-37  -9 
-21  15 
42  34 
60  11 
-10  29 
-8  9 
40  8 
21  28 
-10  -8 
-18  -28 
13  32 
15  -3 
-1  18 
16  14 
11  22 
-13  22 
16  1 
-29  -13 
17  43 
36  -12 
-22  13 
-27  -2 
-14  11 
-20  2 
3  16 
4  0 
8  -32 
-4  27 
-22  -10 
-16  68 
-28  -7 
-5  51 
46  6 
13  24 
27  14 
27  23 
-23  -16 
17  -20 
33  -13 
45  8 
13  -15 
1  16 
16  22 
-18  2 
44  29 
-27  -6 
-10  31 
10  17 
-21  20 
80  1 
-12  39 
32  4 
19  5 
3  30 
13  25 
34  27 
-15  22 
11  20 
11  2 
-4  12 
-18  23 
9  3 
27  14 
6  -2 
27  -17 
21  -33 
-4  2 
14  -19 
-2  28 
7  15 
34  -17 
-4  -19 
-13  30 
6  -1 
-12  54 
1  19 
-14  23 
-9  -8 
23  -24 
33  -5 
10  2 
39  -2 
5  15 
8  -35 
12  43 
-37  32 
29  -8 
-17  37 
12  -20 
25  9 
-16  19 
15  15 
39  13 
-14  26 
17  15 
0  -8 
16  14 
21  6 
24  15 
16  29 
-39  -7 
-20  14 
40  37 
56  13 
-10  30 
-5  12 
40  7 
23  30 
-9  -13 
-15  -33 
15  30 
13  -6 
-1  19 
13  12 
9  21 
-16  18 
16  0 
-31  -10 
21  43 
36  -13 
-21  16 
-25  4 
-10  7 
-27  0 
5  17 
5  -2 
8  -38 
-7  28 
-23  -10 
-15  68 
-28  -11 
-6  51 
44  10 
16  26 
26  14 
27  22 
-23  -16 
18  -21 
35  -14 
45  6 
11  -15 
-1  21 
17  22 
-18  2 
44  26 
-21  -6 
-10  31 
10  13 
-21  20 
77  3 
-11  39 
33  7 
20  8 
3  31 
14  27 
33  26 
-12  20 
11  18 
8  2 
-1  15 
-18  22 
8  8 
27  15 
5  -6 
24  -16 
18  -32 
-6  1 
12  -20 
0  24 
10  15 
31  -15 
-7  -20 
-17  32 
5  -2 
-12  54 
1  19 
-17  23 
-8  -11 
22  -26 
30  -4 
11  2 
41  -2 
7  12 
5  -34 
11  40 
-38  29 
26  -7 
-17  37 
8  -22 
22  10 
-14  19 
17  16 
39  14 
-13  26 
17  17 
-1  -7 
16  14 
21  7 
22  15 
16  26 
-35  -5 
-20  14 
40  37 
56  13 
-13  30 
-5  11 
40  8 
23  27 
-11  -15 
-15  -31 
10  31 
13  -7 
-4  22 
13  12 
7  22 
-13  14 
13  4 
-32  -8 
22  43 
36  -12 
-20  15 
-29  4 
-9  7 
-28  -5 
9  17 
4  -2 
6  -39 
-7  27 
-23  -10 
-17  68 
-30  -10 
-6  51 
43  10 
18  24 
30  9 
27  23 
-21  -17 
18  -17 
31  -14 
46  6 
12  -19 
-1  21 
20  22 
-21  2 
43  24 
-25  -8 
-14  31 
9  12 
-21  16 
77  3 
-11  39 
32  7 
18  5 
3  31 
16  26 
33  24 
-14  21 
11  18 
7  2 
-2  11 
-17  16 
7  7 
25  15 
3  -3 
22  -11 
17  -31 
-7  -2 
14  -11 
0  24 
10  15 
33  -13 
-4  -22 
-18  28 
6  -1 
-11  59 
-1  20 
-18  22 
-9  -10 
23  -29 
30  -4 
7  1 
39  -2 
9  17 
4  -32 
12  40 
-38  30 
25  -7 
-14  36 
9  -19 
24  4 
-12  18 
20  17 
39  14 
-16  29 
16  20 
-1  -7 
18  14 
25  9 
22  14 
19  27 
-36  -3 
-20  15 
41  39 
56  14 
-12  32 
-6  11 
40  7 
25  26 
-12  -18 
-14  -34 
12  29 
15  -5 
-2  23 
15  11 
8  20 
-17  10 
15  7 
-33  -6 
23  44 
40  -12 
-19  15 
-28  2 
-12  7 
-29  0 
10  18 
5  -3 
6  -37 
-3  30 
-16  -14 
-20  71 
-30  -10 
-8  53 
48  10 
19  23 
30  11 
27  23 
-23  -13 
17  -25 
30  -15 
47  6 
12  -19 
-3  21 
20  18 
-23  0 
45  24 
-25  -8 
-17  27 
8  11 
-24  13 
77  4 
-12  35 
35  6 
18  4 
3  32 
14  25 
30  26 
-10  22 
11  18 
8  2 
-1  13 
-16  17 
8  7 
25  13 
4  -4 
22  -11 
18  -29 
-7  -2 
17  -11 
0  24 
10  12 
33  -12 
-9  -23 
-16  30 
8  -1 
-10  56 
0  17 
-18  22 
-7  -8 
22  -29 
27  -5 
6  1 
37  2 
16  13 
5  -35 
12  43 
-37  32 
21  -5 
-12  37 
9  -19 
25  8 
-15  19 
17  16 
39  15 
-16  28 
16  22 
-2  -6 
18  15 
25  7 
23  16 
20  28 
-31  -1 
-21  16 
39  40 
60  11 
-3  35 
-5  12 
43  8 
26  24 
-13  -19 
-17  -33 
10  29 
13  -6 
-3  20 
15  9 
12  20 
-18  10 
14  7 
-32  -6 
23  44 
41  -14 
-20  14 
-29  0 
-12  8 
-27  7 
5  15 
3  -3 
6  -37 
-3  30 
-18  -12 
-20  72 
-30  -9 
-8  55 
46  11 
21  23 
31  9 
27  23 
-29  -13 
17  -23 
30  -13 
46  7 
13  -20 
-7  21 
21  19 
-21  3 
42  23 
-24  -8 
-13  26 
7  12 
-21  8 
78  -1 
-13  33 
36  7 
19  12 
6  33 
15  24 
32  24 
-11  21 
7  20 
11  0 
-6  11 
-14  18 
20  2 
24  17 
4  -5 
25  -12 
13  -33 
-6  0 
21  -7 
0  24 
10  12 
34  -13 
-9  -22 
-16  30 
7  -6 
-10  55 
0  20 
-18  22 
-9  -8 
25  -31 
27  -5 
6  3 
33  0 
11  14 
8  -35 
11  45 
-33  33 
22  -5 
-11  34 
8  -21 
25  6 
-15  19 
17  16 
40  15 
-14  31 
17  21 
-2  -7 
20  12 
19  8 
20  17 
21  27 
-33  2 
-21  15 
35  41 
62  14 
-7  38 
-1  13 
43  7 
27  26 
-11  -23 
-24  -31 
12  29 
13  -10 
-2  24 
15  12 
13  24 
-17  8 
10  10 
-31  -1 
25  42 
42  -10 
-23  17 
-23  -5 
-9  6 
-26  5 
3  13 
9  -2 
4  -39 
-3  30 
-17  -9 
-22  74 
-29  -11 
-12  51 
47  9 
23  24 
29  12 
28  20 
-29  -13 
19  -21 
31  -16 
50  6 
12  -20 
-3  23 
21  19 
-21  0 
44  24 
-24  -7 
-14  26 
10  11 
-20  7 
79  -2 
-15  31 
35  6 
16  12 
3  30 
14  20 
34  25 
-11  21 
7  22 
8  5 
-2  11 
-14  19 
19  3 
23  17 
3  -4 
26  -14 
15  -35 
-6  1 
20  -6 
-1  18 
5  11 
33  -13 
-3  -25 
-18  29 
7  -8 
-10  56 
-3  23 
-19  23 
-3  -4 
29  -28 
30  -5 
7  3 
31  4 
11  18 
12  -36 
13  41 
-35  33 
22  -5 
-13  34 
4  -23 
26  4 
-10  17 
17  17 
40  15 
-10  33 
13  24 
-3  -7 
23  10 
18  5 
17  20 
21  26 
-34  1 
-19  16 
36  40 
62  12 
-7  36 
0  12 
46  11 
27  26 
-14  -26 
-23  -30 
12  29 
13  -6 
-5  22 
13  13 
14  23 
-19  7 
10  10 
-31  -1 
25  46 
42  -15 
-22  17 
-21  -8 
-10  5 
-25  6 
6  18 
5  -6 
4  -39 
-4  28 
-18  -10 
-22  69 
-30  -9 
-13  53 
45  15 
24  24 
31  11 
29  18 
-31  -14 
19  -20 
33  -17 
50  6 
11  -21 
-2  23 
20  18 
-22  4 
45  25 
-25  -8 
-12  28 
10  9 
-20  7 
78  -6 
-12  34 
36  9 
16  14 
4  28 
12  23 
32  24 
-9  22 
7  22 
9  7 
-2  11 
-14  18 
19  -1 
26  19 
4  -3 
27  -14 
16  -33 
-4  0 
17  -4 
-1  23 
7  9 
33  -12 
-2  -27 
-18  30 
8  -7 
-9  57 
-3  23 
-18  22 
-1  -6 
28  -35 
30  -4 
6  1 
32  7 
11  19 
11  -35 
13  43 
-36  26 
22  -5 
-12  34 
1  -29 
27  3 
-9  13 
17  17 
36  13 
-15  39 
10  27 
-2  -6 
26  6 
17  4 
13  20 
20  28 
-34  4 
-17  16 
35  41 
61  6 
-2  37 
-1  12 
42  12 
30  26 
-14  -29 
-25  -29 
11  29 
12  -6 
-3  20 
14  11 
15  24 
-20  7 
10  12 
-31  1 
27  47 
40  -16 
-24  22 
-20  -7 
-7  5 
-24  9 
5  23 
7  -6 
6  -37 
-6  25 
-17  -9 
-20  72 
-29  -6 
-13  55 
47  13 
23  24 
31  10 
26  17 
-31  -18 
21  -17 
32  -19 
56  6 
12  -23 
-2  23 
22  14 
-24  1 
44  24 
-28  -8 
-16  27 
12  9 
-18  9 
82  -4 
-9  31 
35  9 
16  12 
1  27 
11  25 
33  27 
-10  25 
8  22 
7  5 
-5  4 
-12  20 
21  -1 
24  17 
5  -2 
23  -14 
18  -32 
-2  4 
10  -7 
4  20 
5  15 
36  -13 
-4  -31 
-17  32 
14  -11 
-7  61 
0  22 
-18  22 
2  -6 
30  -33 
27  -7 
5  -1 
31  7 
11  20 
12  -36 
12  45 
-36  21 
23  -4 
-14  37 
0  -28 
27  2 
-10  10 
17  16 
36  14 
-12  34 
7  26 
-4  -7 
27  9 
15  2 
12  20 
20  28 
-34  3 
-17  17 
33  42 
60  11 
-5  35 
-4  12 
42  11 
30  26 
-14  -29 
-25  -29 
11  28 
11  -2 
-3  22 
15  9 
10  24 
-23  4 
10  11 
-31  1 
27  47 
40  -16 
-23  20 
-21  -6 
-8  7 
-24  8 
6  19 
5  -6 
7  -37 
-4  26 
-20  -13 
-21  75 
-28  -7 
-13  54 
45  13 
25  29 
24  4 
28  18 
-32  -13 
21  -17 
34  -20 
54  7 
10  -25 
-4  22 
23  11 
-24  0 
43  24 
-27  -8 
-15  27 
13  10 
-19  7 
78  -6 
-9  29 
37  10 
13  18 
6  26 
8  27 
33  28 
-10  26 
8  22 
11  2 
-3  3 
-14  21 
21  -1 
27  20 
5  -6 
25  -12 
23  -30 
-4  2 
11  -2 
6  19 
3  12 
36  -13 
-4  -31 
-23  33 
14  -11 
-7  56 
-3  20 
-18  24 
1  -2 
31  -35 
28  -9 
9  -1 
31  7 
11  20 
12  -36 
13  45 
-41  20 
23  -3 
-11  41 
2  -30 
26  -2 
-8  9 
14  18 
33  12 
-13  35 
1  27 
-4  -6 
22  9 
15  1 
13  20 
19  28 
-34  3 
-17  16 
32  41 
53  15 
-3  36 
-5  12 
42  14 
24  26 
-11  -28 
-29  -28 
11  29 
8  -2 
-2  20 
14  11 
13  24 
-22  3 
10  11 
-30  2 
28  48 
40  -16 
-23  21 
-22  -6 
-7  7 
-25  6 
10  15 
5  -7 
7  -37 
-6  27 
-18  -15 
-19  76 
-30  -4 
-14  56 
46  12 
25  31 
23  4 
25  17 
-35  -14 
21  -17 
36  -20 
54  5 
8  -26 
-6  20 
22  15 
-26  4 
42  23 
-27  -6 
-16  24 
15  11 
-19  6 
76  -8 
-10  29 
39  14 
13  18 
4  30 
8  28 
33  27 
-12  27 
6  19 
13  -2 
-3  3 
-15  25 
17  -3 
26  23 
4  -5 
25  -13 
25  -29 
-3  4 
12  -8 
6  18 
4  8 
36  -12 
-7  -29 
-18  34 
12  -11 
-9  52 
-1  26 
-18  29 
1  -1 
33  -38 
30  -14 
8  -1 
30  9 
13  23 
11  -35 
13  44 
-41  19 
25  -2 
-11  41 
1  -27 
26  -3 
-9  9 
16  17 
33  14 
-15  35 
0  27 
-1  -2 
24  7 
16  7 
12  20 
24  25 
-32  2 
-15  19 
34  41 
50  16 
-3  36 
-1  13 
40  12 
26  26 
-14  -29 
-27  -28 
10  30 
6  1 
-7  21 
14  11 
14  25 
-21  0 
10  11 
-29  2 
27  46 
40  -16 
-22  24 
-20  -3 
-10  7 
-26  7 
9  15 
6  -4 
10  -39 
-5  25 
-13  -18 
-20  75 
-27  -3 
-13  58 
47  15 
25  28 
23  4 
23  16 
-36  -14 
22  -17 
37  -20 
56  2 
7  -26 
-6  20 
21  16 
-24  -2 
41  23 
-25  -3 
-16  24 
15  11 
-24  9 
75  -8 
-10  28 
39  14 
12  21 
1  27 
9  27 
33  28 
-10  25 
9  19 
11  0 
-3  3 
-13  23 
17  -5 
28  22 
3  -10 
21  -14 
28  -29 
-2  5 
14  1 
8  20 
4  9 
39  -12 
-5  -28 
-18  35 
12  -11 
-17  53 
-2  23 
-11  23 
1  -2 
33  -42 
26  -14 
6  -1 
30  11 
11  25 
10  -34 
15  46 
-42  19 
26  -3 
-11  41 
2  -30 
23  -3 
-10  9 
19  23 
40  15 
-16  35 
0  28 
-1  -6 
16  9 
14  5 
13  20 
24  24 
-31  -2 
-16  21 
31  42 
59  15 
-3  36 
-4  14 
38  11 
25  28 
-17  -29 
-31  -23 
11  29 
6  2 
-7  23 
13  14 
17  22 
-20  0 
10  10 
-28  1 
31  47 
40  -16 
-20  18 
-21  -2 
-5  7 
-29  4 
10  16 
10  -5 
7  -45 
-4  26 
-13  -18 
-17  72 
-30  -7 
-14  56 
45  14 
24  30 
22  2 
29  15 
-35  -11 
19  -21 
36  -22 
56  2 
5  -27 
-8  24 
16  13 
-22  4 
42  23 
-23  -3 
-17  24 
14  9 
-24  7 
73  -8 
-15  25 
40  14 
13  17 
1  27 
5  27 
33  28 
-10  27 
7  21 
12  -3 
0  7 
-12  22 
17  -10 
26  19 
6  -9 
21  -14 
29  -28 
-4  7 
18  4 
6  21 
1  7 
45  -11 
-7  -30 
-18  35 
12  -11 
-17  50 
-3  24 
-14  26 
0  -2 
31  -42 
24  -16 
5  -2 
30  9 
11  25 
11  -33 
15  41 
-40  20 
25  -3 
-11  41 
3  -32 
24  -3 
-9  9 
19  18 
39  14 
-14  34 
-1  28 
-3  -4 
18  9 
15  7 
12  20 
26  23 
-33  0 
-14  18 
31  40 
58  17 
-1  33 
-5  14 
35  11 
22  29 
-18  -28 
-29  -23 
10  31 
7  2 
-2  23 
13  12 
19  20 
-23  2 
11  10 
-25  6 
28  46 
40  -12 
-24  14 
-21  -5 
-6  7 
-24  -1 
10  16 
10  -5 
5  -45 
-4  26 
-11  -21 
-20  75 
-33  -5 
-13  53 
45  14 
24  30 
21  3 
32  13 
-36  -14 
21  -21 
35  -18 
57  0 
3  -23 
-10  28 
15  9 
-27  1 
42  22 
-27  -2 
-17  24 
12  4 
-20  12 
73  -6 
-13  23 
43  12 
17  17 
1  28 
2  32 
33  27 
-12  27 
6  16 
14  0 
0  8 
-13  22 
17  -10 
25  22 
5  -9 
16  -12 
27  -26 
-5  6 
17  3 
6  21 
1  6 
44  -16 
-5  -29 
-21  33 
10  -10 
-15  49 
-2  23 
-11  32 
-1  -2 
33  -44 
31  -13 
8  -2 
30  9 
8  25 
10  -34 
13  43 
-44  22 
25  -1 
-13  40 
8  -36 
26  -2 
-9  13 
23  12 
39  14 
-10  35 
-6  29 
-3  -3 
23  11 
16  7 
14  24 
27  23 
-31  1 
-14  19 
33  38 
57  16 
0  34 
-4  18 
32  13 
24  29 
-18  -30 
-29  -22 
10  31 
8  2 
-1  23 
12  15 
19  20 
-22  4 
11  9 
-28  0 
35  47 
39  -8 
-25  12 
-25  -6 
-7  4 
-23  0 
12  17 
10  -4 
3  -43 
-6  25 
-12  -21 
-18  74 
-34  -7 
-15  54 
45  15 
27  30 
22  3 
33  12 
-36  -19 
21  -21 
34  -13 
54  1 
0  -28 
-4  29 
12  9 
-35  6 
44  19 
-31  -1 
-17  24 
12  4 
-20  15 
73  -6 
-14  23 
44  10 
17  15 
4  28 
1  29 
31  25 
-13  27 
9  14 
12  0 
-1  10 
-10  27 
17  -10 
25  24 
10  -10 
15  -14 
28  -26 
-5  7 
21  -1 
6  21 
1  6 
40  -13 
-6  -29 
-20  31 
13  -10 
-16  50 
-1  23 
-12  31 
0  -3 
31  -42 
25  -15 
7  -5 
33  12 
5  26 
10  -38 
15  41 
-44  22 
26  -1 
-11  37 
3  -33 
25  -6 
-14  11 
23  12 
38  14 
-15  35 
-2  31 
-3  -3 
26  16 
14  7 
17  23 
28  20 
-32  -2 
-15  17 
34  40 
57  16 
-5  31 
-4  19 
29  15 
23  30 
-21  -27 
-30  -25 
12  32 
9  1 
1  23 
13  18 
19  19 
-21  7 
10  9 
-29  0 
33  44 
35  -8 
-20  12 
-27  -6 
-6  5 
-24  0 
10  16 
11  -7 
3  -43 
-14  26 
-11  -21 
-19  76 
-38  -9 
-15  50 
44  15 
25  29 
22  3 
30  6 
-35  -22 
19  -25 
33  -12 
53  -1 
2  -26 
-4  29 
11  9 
-40  8 
48  17 
-34  -2 
-17  24 
12  1 
-20  14 
73  -7 
-14  23 
45  8 
20  15 
2  28 
4  24 
32  22 
-9  27 
5  15 
11  0 
-1  15 
-8  27 
17  -11 
26  23 
10  -11 
16  -14 
25  -26 
-7  2 
24  -2 
8  25 
1  7 
40  -13 
-6  -33 
-17  32 
15  -9 
-18  53 
-3  23 
-14  30 
0  -2 
27  -44 
25  -12 
7  -6 
28  11 
7  25 
8  -38 
17  40 
-48  20 
27  -5 
-15  37 
2  -31 
22  -5 
-14  6 
18  11 
37  16 
-18  30 
-7  34 
-5  -3 
28  14 
12  4 
17  21 
30  17 
-30  -5 
-16  17 
33  40 
57  17 
-6  31 
-4  12 
26  11 
25  27 
-22  -28 
-30  -24 
10  31 
10  2 
1  23 
17  24 
18  24 
-23  7 
12  9 
-21  0 
31  46 
31  -7 
-21  14 
-25  -5 
-4  7 
-22  3 
13  18 
11  -11 
3  -44 
-11  28 
-14  -22 
-17  71 
-36  -10 
-11  47 
43  17 
22  28 
22  2 
33  4 
-38  -26 
20  -25 
33  -13 
53  -1 
0  -26 
-1  28 
8  12 
-44  13 
46  19 
-32  -2 
-17  24 
9  -1 
-20  21 
73  -7 
-13  22 
40  11 
18  14 
3  30 
-3  32 
33  24 
-6  27 
6  19 
12  2 
-1  15 
-7  28 
17  -12 
26  24 
10  -10 
15  -10 
25  -25 
-8  0 
20  2 
7  22 
3  7 
41  -13 
-6  -35 
-16  37 
17  -7 
-14  51 
-9  26 
-12  31 
-1  0 
28  -46 
25  -14 
4  -4 
27  10 
16  20 
8  -38 
17  40 
-40  18 
24  -5 
-15  39 
4  -33 
19  -6 
-20  4 
22  15 
37  16 
-18  28 
-7  34 
-5  -3 
27  11 
7  6 
17  24 
33  18 
-30  -5 
-14  16 
33  40 
56  18 
-5  32 
-4  13 
26  10 
25  27 
-20  -28 
-30  -24 
10  31 
9  -1 
2  23 
18  23 
17  23 
-24  6 
12  9 
-20  -5 
30  45 
31  -10 
-24  12 
-23  -3 
-8  4 
-21  2 
14  12 
10  -11 
3  -44 
-9  29 
-13  -27 
-17  71 
-36  -10 
-14  46 
41  23 
23  28 
22  2 
31  2 
-38  -30 
23  -23 
35  -14 
53  -1 
-1  -27 
-1  28 
4  12 
-46  11 
49  17 
-34  -2 
-17  24 
9  0 
-20  21 
74  -10 
-14  23 
40  14 
16  7 
3  32 
-5  35 
35  26 
-7  28 
7  22 
11  0 
0  16 
-13  29 
21  -13 
26  23 
10  -10 
19  -12 
27  -26 
-6  0 
15  4 
7  23 
8  4 
45  -14 
-2  -36 
-11  39 
16  -6 
-10  56 
-7  27 
-12  31 
-3  -3 
32  -43 
25  -10 
9  0 
28  8 
16  18 
9  -43 
16  37 
-39  19 
26  -6 
-16  37 
3  -31 
19  -6 
-21  7 
28  13 
37  16 
-19  26 
-9  30 
-7  -2 
22  12 
9  7 
19  26 
31  18 
-35  -5 
-14  18 
32  40 
55  21 
-5  32 
-7  14 
26  11 
27  26 
-20  -29 
-33  -24 
10  31 
8  -4 
3  24 
17  20 
17  23 
-24  7 
12  9 
-19  -7 
25  49 
31  -11 
-24  12 
-20  -3 
-8  3 
-21  0 
17  10 
11  -13 
3  -43 
-10  29 
-18  -26 
-11  69 
-35  -9 
-12  47 
42  22 
23  30 
22  1 
33  1 
-36  -30 
24  -26 
37  -13 
53  0 
0  -28 
0  28 
3  16 
-45  11 
46  16 
-35  -1 
-15  28 
15  -3 
-17  19 
77  -11 
-13  20 
38  17 
14  9 
-1  30 
-3  33 
33  24 
-6  25 
7  22 
13  0 
1  15 
-14  30 
22  -11 
26  23 
9  -13 
21  -13 
23  -23 
-8  2 
14  3 
6  24 
9  3 
51  -13 
-5  -39 
-13  43 
15  -9 
-9  58 
-7  28 
-12  31 
-3  -3 
37  -40 
22  -10 
9  1 
28  6 
16  20 
7  -46 
20  40 
-39  19 
25  -5 
-15  33 
3  -33 
18  -9 
-22  9 
26  11 
35  14 
-15  28 
-10  31 
-7  -2 
23  13 
9  4 
20  28 
28  19 
-39  -10 
-12  18 
31  42 
59  22 
-5  33 
-1  15 
25  10 
22  28 
-19  -29 
-34  -22 
14  34 
10  -4 
4  24 
18  24 
17  24 
-22  8 
10  9 
-20  -5 
26  46 
27  -10 
-27  11 
-22  -1 
-7  5 
-21  -2 
20  13 
8  -12 
4  -39 
-10  30 
-18  -19 
-15  69 
-38  -9 
-9  44 
42  22 
25  31 
19  0 
33  6 
-33  -34 
21  -24 
35  -15 
53  2 
1  -27 
0  27 
5  17 
-45  6 
47  15 
-34  -4 
-19  26 
14  0 
-11  19 
76  -11 
-12  22 
39  14 
16  8 
0  37 
-2  34 
34  24 
-7  27 
11  18 
11  0 
-1  15 
-14  38 
22  -10 
26  23 
14  -15 
20  -12 
23  -23 
-6  0 
16  6 
6  21 
11  2 
50  -14 
-2  -37 
-13  42 
14  -9 
-9  57 
-7  28 
-16  34 
-7  3 
35  -39 
23  -8 
12  0 
27  5 
17  17 
8  -46 
19  38 
-41  20 
29  -1 
-15  34 
5  -33 
17  -10 
-24  7 
26  11 
33  17 
-15  29 
-11  32 
-8  -3 
28  11 
5  8 
20  27 
27  23 
-41  -6 
-13  15 
32  43 
55  15 
-4  34 
0  14 
22  11 
24  28 
-24  -27 
-34  -21 
13  32 
9  -5 
1  23 
13  21 
17  20 
-26  7 
12  9 
-23  -9 
23  51 
29  0 
-27  14 
-20  -2 
-7  4 
-18  -6 
17  8 
8  -12 
5  -43 
-9  27 
-23  -16 
-15  62 
-36  -5 
-9  45 
40  24 
24  36 
16  0 
35  4 
-30  -33 
19  -24 
33  -20 
51  4 
0  -25 
-1  30 
4  17 
-41  8 
49  18 
-35  -5 
-18  28 
13  -2 
-12  18 
74  -11 
-11  21 
43  13 
16  9 
1  39 
-1  34 
35  27 
-7  30 
3  17 
16  0 
-3  16 
-14  39 
23  -9 
26  24 
14  -20 
15  -14 
23  -24 
-3  4 
14  5 
7  22 
10  5 
53  -13 
-2  -35 
-14  41 
15  -9 
-12  59 
-7  26 
-14  31 
-4  -1 
37  -40 
24  -3 
12  2 
25  6 
18  17 
6  -47 
19  43 
-47  21 
29  -1 
-15  33 
16  -34 
17  -10 
-22  8 
25  11 
36  14 
-15  28 
-5  37 
-9  -2 
27  9 
4  7 
21  27 
25  23 
-42  -6 
-11  15 
29  42 
60  11 
-2  33 
-1  13 
23  12 
22  29 
-25  -28 
-35  -21 
6  30 
10  -4 
2  22 
15  21 
18  23 
-26  10 
9  12 
-21  -10 
20  52 
26  3 
-26  11 
-19  -1 
-8  0 
-21  -5 
18  6 
11  -11 
5  -45 
-10  26 
-19  -17 
-15  62 
-33  -6 
-13  46 
40  24 
26  37 
20  0 
32  4 
-25  -36 
22  -25 
36  -18 
51  2 
-8  -23 
-4  33 
8  20 
-40  10 
51  20 
-35  -6 
-21  32 
13  -6 
-13  20 
73  -8 
-11  21 
43  10 
20  8 
-1  40 
-4  33 
31  28 
-7  33 
3  16 
16  2 
-3  16 
-14  36 
23  -8 
27  23 
17  -17 
12  -18 
26  -22 
-7  7 
13  2 
7  22 
10  7 
56  -19 
-1  -37 
-12  38 
15  -9 
-11  61 
-5  26 
-10  35 
-4  0 
38  -38 
29  -2 
14  7 
24  4 
17  17 
4  -51 
19  42 
-46  20 
29  -1 
-13  35 
20  -32 
16  -13 
-20  7 
25  6 
32  17 
-15  28 
-7  38 
-8  -7 
26  6 
6  3 
21  27 
28  27 
-44  -8 
-10  16 
28  48 
61  6 
0  32 
0  15 
24  10 
24  27 
-25  -28 
-32  -20 
10  33 
11  -2 
2  22 
11  20 
17  24 
-29  10 
7  10 
-22  -8 
19  52 
28  2 
-25  9 
-21  -2 
-7  1 
-21  -6 
16  9 
12  -11 
8  -46 
-8  27 
-17  -16 
-16  58 
-32  -9 
-10  50 
40  24 
30  40 
26  1 
34  5 
-27  -34 
21  -25 
37  -20 
51  2 
-7  -23 
-3  33 
8  19 
-37  10 
53  20 
-35  -6 
-22  33 
13  -10 
-12  25 
74  -9 
-13  26 
47  14 
22  10 
-1  40 
-4  34 
32  34 
-6  38 
6  16 
11  0 
-3  16 
-16  37 
22  -8 
25  24 
20  -22 
15  -19 
26  -22 
-7  8 
13  6 
6  24 
12  7 
55  -16 
-4  -38 
-14  41 
14  -10 
-13  60 
-2  27 
-12  34 
-2  3 
38  -36 
29  -1 
15  6 
24  4 
19  15 
5  -54 
19  38 
-43  17 
25  -3 
-11  38 
17  -32 
13  -13 
-19  6 
25  8 
33  14 
-11  32 
-7  40 
-7  -8 
27  10 
6  6 
22  30 
30  25 
-45  -9 
-10  15 
31  45 
60  7 
-4  28 
0  15 
27  15 
25  25 
-23  -27 
-30  -24 
10  31 
11  -2 
-1  21 
13  18 
16  26 
-28  12 
6  13 
-20  -8 
15  55 
28  -1 
-25  9 
-21  -4 
-6  7 
-21  -6 
16  9 
11  -11 
7  -41 
-12  28 
-18  -18 
-14  59 
-36  -10 
-10  50 
38  25 
28  42 
25  2 
33  4 
-26  -36 
24  -26 
37  -18 
51  2 
-7  -23 
0  34 
9  17 
-36  6 
54  20 
-34  -3 
-22  34 
14  -9 
-15  29 
70  -7 
-9  27 
47  14 
23  13 
-3  43 
-4  32 
38  35 
-6  38 
6  16 
12  0 
-3  16 
-17  31 
22  -5 
27  22 
17  -19 
19  -17 
26  -18 
-6  7 
15  6 
8  19 
11  7 
54  -16 
-5  -43 
-13  40 
13  -10 
-12  61 
0  27 
-14  38 
-3  3 
38  -37 
27  -4 
16  6 
23  4 
19  13 
9  -50 
19  40 
-43  17 
25  -3 
-13  38 
22  -32 
13  -14 
-18  7 
25  9 
30  16 
-13  31 
-5  41 
-7  -6 
25  8 
2  10 
22  34 
31  25 
-45  -8 
-12  11 
30  46 
61  6 
-4  29 
0  14 
26  11 
26  23 
-21  -32 
-30  -25 
12  32 
5  -2 
-1  18 
11  18 
16  27 
-30  9 
5  15 
-23  -10 
16  53 
28  2 
-26  11 
-19  -5 
-8  7 
-20  -8 
15  9 
12  -11 
4  -43 
-16  30 
-19  -17 
-16  61 
-37  -8 
-10  51 
37  24 
27  43 
25  2 
33  1 
-31  -39 
26  -21 
36  -18 
52  1 
-4  -26 
-3  33 
9  19 
-35  11 
54  20 
-37  -3 
-21  34 
15  -9 
-12  24 
68  -6 
-11  28 
44  12 
25  14 
-2  44 
-4  33 
34  34 
-10  37 
8  14 
11  -1 
-3  22 
-19  27 
20  -5 
27  22 
18  -21 
21  -17 
24  -16 
-7  5 
14  3 
5  18 
8  5 
52  -17 
0  -38 
-11  37 
11  -12 
-9  58 
-5  26 
-14  38 
-2  5 
40  -40 
23  -8 
16  6 
22  2 
19  13 
10  -49 
16  40 
-42  17 
23  -4 
-11  41 
22  -31 
16  -23 
-24  7 
25  8 
33  18 
-16  30 
-5  37 
-7  -6 
27  7 
-1  14 
24  36 
31  25 
-46  -11 
-12  12 
30  50 
61  6 
-4  29 
0  14 
27  14 
25  25 
-20  -32 
-30  -24 
12  33 
3  -1 
1  19 
6  17 
14  24 
-29  9 
4  14 
-21  -12 
17  50 
28  8 
-25  12 
-21  -5 
-9  7 
-20  -8 
14  5 
12  -11 
4  -42 
-14  30 
-18  -17 
-16  60 
-37  -9 
-10  49 
33  19 
26  43 
25  7 
32  2 
-29  -38 
26  -21 
36  -18 
53  0 
-4  -26 
-2  34 
7  23 
-29  12 
52  20 
-35  -5 
-18  34 
13  -10 
-16  27 
70  -5 
-14  26 
42  10 
25  14 
-2  43 
-4  34 
34  38 
-9  38 
8  18 
12  4 
-3  27 
-13  26 
22  -6 
29  19 
19  -22 
21  -17 
25  -15 
-9  2 
17  3 
7  13 
8  8 
54  -13 
-1  -40 
-6  31 
11  -13 
-8  60 
-5  26 
-13  38 
-1  8 
38  -41 
22  -12 
16  9 
19  2 
18  14 
13  -46 
12  43 
-42  15 
28  -6 
-11  41 
17  -32 
16  -18 
-21  7 
23  7 
32  17 
-18  30 
-3  37 
-6  -4 
25  6 
0  12 
26  33 
27  22 
-47  -12 
-15  14 
30  49 
61  7 
-5  29 
-3  10 
26  14 
21  26 
-20  -32 
-35  -21 
13  32 
-1  -4 
-1  23 
7  14 
13  27 
-30  10 
5  15 
-20  -13 
16  46 
30  5 
-21  14 
-21  -5 
-5  11 
-24  -7 
14  5 
12  -11 
4  -45 
-15  31 
-18  -18 
-15  62 
-37  -9 
-10  51 
37  21 
26  41 
32  5 
32  2 
-27  -39 
26  -21 
38  -16 
60  1 
-3  -24 
-1  30 
5  17 
-26  9 
51  19 
-37  -3 
-20  37 
17  -7 
-15  28 
70  -4 
-20  24 
45  9 
26  11 
-2  43 
-2  31 
34  34 
-7  38 
3  16 
13  5 
-7  21 
-17  26 
22  -9 
29  19 
21  -21 
19  -21 
27  -17 
-14  1 
19  2 
4  8 
10  6 
55  -14 
-7  -38 
-6  30 
1  -13 
-9  58 
-5  27 
-15  38 
-2  8 
39  -42 
17  -16 
19  6 
16  0 
19  11 
13  -47 
8  48 
-38  14 
28  -9 
-11  43 
14  -36 
20  -18 
-20  7 
30  7 
33  19 
-15  33 
1  35 
-3  -3 
26  11 
-4  13 
22  30 
28  22 
-46  -13 
-13  14 
33  54 
65  9 
-4  29 
-5  11 
27  15 
20  25 
-21  -37 
-36  -22 
13  32 
-1  -5 
-2  19 
9  15 
12  20 
-30  10 
5  15 
-19  -14 
16  46 
31  5 
-20  16 
-16  -3 
-4  7 
-26  -9 
13  4 
11  -13 
-1  -39 
-16  30 
-19  -17 
-14  66 
-36  -5 
-10  51 
32  24 
26  39 
32  7 
33  0 
-29  -36 
30  -24 
38  -13 
54  -2 
-3  -24 
3  33 
6  13 
-24  14 
52  21 
-37  -3 
-20  38 
22  -11 
-21  27 
70  -5 
-20  24 
43  7 
23  11 
-3  40 
-8  34 
36  34 
-7  32 
6  16 
13  1 
-8  23 
-15  29 
25  -5 
29  19 
20  -19 
19  -20 
26  -17 
-9  -2 
22  3 
2  9 
11  5 
50  -11 
-9  -38 
-7  30 
4  -13 
-9  57 
-4  28 
-12  37 
-1  10 
41  -41 
14  -17 
19  6 
16  -1 
17  10 
12  -47 
6  46 
-34  13 
26  -10 
-11  41 
13  -36 
17  -19 
-17  5 
27  11 
32  25 
-13  34 
-2  33 
-3  -3 
27  10 
-1  14 
21  27 
27  22 
-45  -16 
-14  11 
34  51 
65  8 
3  24 
-5  9 
28  14 
19  23 
-23  -37 
-34  -26 
13  35 
0  -5 
-1  18 
9  15 
14  21 
-28  9 
5  14 
-19  -14 
16  47 
30  6 
-17  11 
-17  -4 
-5  6 
-25  -9 
13  3 
16  -11 
-3  -36 
-16  30 
-18  -18 
-13  66 
-38  -5 
-10  50 
27  27 
25  37 
30  5 
33  -4 
-28  -36 
30  -24 
40  -12 
52  -3 
-3  -24 
7  35 
4  17 
-20  12 
53  17 
-34  -2 
-21  36 
25  -15 
-20  27 
70  -5 
-20  24 
43  10 
30  7 
-5  41 
-2  33 
36  34 
-7  32 
6  23 
11  0 
-8  23 
-16  30 
25  -3 
25  19 
21  -22 
19  -22 
25  -18 
-7  -3 
21  3 
8  8 
13  5 
51  -11 
-7  -36 
-5  32 
3  -9 
-7  60 
-4  29 
-10  36 
-3  12 
41  -41 
15  -19 
19  8 
16  0 
20  8 
14  -49 
5  48 
-37  14 
22  -12 
-14  41 
11  -36 
13  -19 
-16  8 
26  11 
36  24 
-7  34 
0  38 
-4  -1 
28  11 
-2  14 
19  27 
27  22 
-41  -17 
-11  11 
40  47 
66  6 
2  23 
-2  6 
26  16 
17  23 
-24  -38 
-37  -27 
15  35 
0  -6 
-2  19 
10  11 
12  20 
-30  10 
10  9 
-19  -14 
19  46 
33  7 
-17  8 
-18  -5 
-5  6 
-20  -5 
11  2 
14  -13 
0  -39 
-18  29 
-18  -18 
-15  69 
-37  -4 
-9  47 
28  24 
23  37 
31  14 
33  -2 
-28  -36 
34  -22 
41  -13 
47  -6 
-3  -23 
5  34 
6  19 
-21  12 
51  18 
-31  -3 
-20  40 
23  -16 
-22  28 
70  -5 
-20  24 
42  11 
27  7 
-6  40 
-4  34 
36  29 
-10  32 
7  23 
11  0 
-7  21 
-15  29 
26  -4 
25  15 
26  -21 
19  -22 
24  -19 
-7  -7 
20  -2 
8  8 
11  4 
55  -5 
-7  -34 
-2  33 
-1  -8 
-7  60 
-3  30 
-7  35 
-5  12 
37  -40 
19  -19 
16  6 
16  0 
20  8 
13  -42 
1  46 
-38  15 
25  -15 
-13  42 
13  -35 
16  -12 
-18  10 
27  6 
38  24 
-6  37 
2  34 
-4  -1 
33  8 
0  14 
19  28 
27  20 
-41  -17 
-12  11 
45  46 
65  7 
3  24 
-3  4 
28  14 
17  23 
-26  -40 
-36  -25 
18  37 
-3  -4 
-4  22 
20  12 
12  20 
-29  9 
10  9 
-18  -14 
19  47 
31  7 
-17  10 
-15  -3 
-6  5 
-21  -5 
9  1 
13  -13 
0  -39 
-14  31 
-19  -17 
-15  68 
-33  -2 
-10  46 
31  25 
24  38 
30  16 
35  2 
-27  -37 
33  -23 
42  -11 
49  -1 
-3  -23 
7  30 
8  18 
-21  14 
48  22 
-37  -4 
-19  39 
24  -15 
-20  27 
67  -6 
-20  24 
44  14 
26  7 
-9  38 
0  32 
34  29 
-5  31 
6  21 
13  -1 
-7  24 
-18  31 
25  -3 
24  9 
24  -24 
20  -23 
24  -22 
-6  0 
20  -6 
4  8 
14  5 
63  -6 
-9  -41 
-2  34 
0  -7 
-4  60 
-3  30 
-9  37 
-5  12 
35  -45 
18  -19 
15  6 
17  1 
21  7 
7  -45 
1  46 
-37  11 
27  -11 
-15  42 
10  -30 
16  -14 
-16  15 
31  4 
38  28 
-9  38 
8  34 
-4  -2 
33  0 
-3  15 
17  27 
27  21 
-42  -15 
-7  14 
51  48 
65  11 
4  24 
-2  3 
25  13 
17  23 
-24  -38 
-37  -24 
18  37 
-3  -4 
-7  21 
16  9 
12  20 
-30  9 
8  13 
-21  -12 
24  46 
31  7 
-16  10 
-17  -3 
-5  7 
-21  -5 
8  -9 
14  -9 
-1  -42 
-13  27 
-19  -17 
-14  66 
-34  -1 
-10  47 
31  22 
30  35 
30  13 
40  -2 
-29  -40 
26  -22 
50  -14 
46  3 
-3  -23 
6  31 
7  22 
-23  13 
49  21 
-35  -2 
-19  38 
20  -9 
-20  28 
66  -7 
-20  24 
50  16 
32  4 
-7  38 
-1  33 
34  31 
-4  34 
9  19 
13  -3 
-10  25 
-16  26 
26  -3 
21  9 
32  -20 
19  -22 
26  -21 
-7  1 
19  -5 
-1  8 
13  7 
64  -10 
-7  -36 
-2  37 
3  -7 
-5  62 
-4  29 
-9  34 
-3  13 
33  -48 
19  -19 
15  6 
16  1 
21  7 
7  -45 
1  46 
-37  12 
30  -7 
-15  46 
10  -34 
14  -13 
-13  6 
35  4 
33  28 
-9  38 
9  40 
-7  -1 
34  0 
0  15 
19  26 
27  22 
-43  -16 
-5  14 
52  49 
65  9 
1  23 
-2  3 
25  15 
20  22 
-24  -40 
-34  -22 
14  38 
-3  -3 
-7  20 
17  10 
16  22 
-30  9 
6  14 
-21  -13 
26  46 
35  9 
-14  11 
-16  -6 
-7  6 
-20  -6 
8  -9 
15  -8 
-2  -36 
-12  28 
-18  -18 
-12  65 
-36  -5 
-16  44 
36  27 
30  36 
25  13 
45  -3 
-29  -38 
31  -23 
47  -15 
43  4 
-3  -24 
4  28 
6  23 
-23  15 
49  21 
-34  -4 
-17  31 
22  -6 
-21  29 
66  -10 
-20  24 
53  13 
32  3 
-4  39 
-1  35 
36  33 
-4  34 
9  19 
14  -2 
-2  24 
-15  26 
30  -4 
22  9 
34  -18 
20  -23 
23  -23 
-4  2 
19  -7 
1  7 
14  5 
68  -3 
-5  -34 
-3  37 
3  -7 
-8  64 
-3  30 
-7  34 
0  15 
35  -49 
17  -17 
12  9 
13  1 
16  9 
5  -46 
3  48 
-36  10 
31  -8 
-13  43 
8  -32 
13  -14 
-9  5 
33  7 
33  28 
-14  39 
4  37 
-9  0 
33  0 
0  14 
19  31 
26  18 
-41  -17 
-8  12 
51  49 
60  12 
1  23 
-2  3 
24  15 
19  19 
-23  -39 
-36  -20 
16  35 
-3  -5 
-3  20 
16  8 
20  19 
-30  11 
7  15 
-19  -14 
26  46 
36  6 
-14  9 
-12  -9 
-2  8 
-22  -5 
5  -12 
19  -8 
-2  -35 
-12  26 
-18  -18 
-9  67 
-39  -4 
-16  44 
40  27 
29  35 
33  12 
45  -5 
-31  -40 
36  -21 
53  -15 
40  1 
-4  -20 
2  31 
7  20 
-23  16 
47  22 
-35  -3 
-22  34 
22  -6 
-21  34 
67  -11 
-20  24 
52  17 
33  4 
-6  40 
-2  31 
39  34 
-6  33 
10  16 
14  5 
-2  24 
-17  26 
35  -5 
25  15 
32  -20 
20  -25 
22  -26 
-7  -1 
16  -7 
-2  6 
14  4 
67  -6 
-4  -34 
-6  41 
5  -6 
-6  60 
-3  30 
-10  33 
0  14 
33  -48 
19  -17 
10  6 
11  2 
14  7 
7  -43 
2  48 
-35  6 
35  -3 
-13  41 
5  -35 
13  -16 
-12  7 
33  7 
33  26 
-12  38 
3  37 
-9  0 
32  2 
-1  18 
22  29 
26  17 
-46  -10 
-7  18 
50  49 
60  12 
-4  20 
-3  3 
25  17 
19  22 
-27  -40 
-34  -17 
7  33 
-3  -4 
1  22 
16  9 
17  22 
-29  7 
8  14 
-19  -14 
25  49 
38  8 
-12  11 
-5  -8 
-2  5 
-18  -8 
4  -10 
19  -12 
-4  -33 
-13  26 
-19  -21 
-12  65 
-39  -7 
-15  43 
40  28 
30  35 
34  9 
43  -4 
-32  -38 
33  -19 
52  -16 
36  2 
-1  -27 
3  32 
11  18 
-23  17 
49  21 
-34  -1 
-21  35 
26  -9 
-22  34 
66  -6 
-20  24 
55  26 
32  9 
-6  43 
-2  33 
38  34 
-7  32 
10  16 
13  4 
-3  23 
-19  26 
36  -7 
27  15 
34  -20 
24  -28 
21  -25 
-5  1 
15  -8 
0  8 
12  1 
66  -7 
-7  -33 
-7  40 
4  -3 
-4  58 
-3  30 
-10  31 
-1  15 
35  -45 
18  -17 
12  9 
12  0 
14  4 
6  -42 
2  48 
-34  3 
35  -3 
-12  42 
3  -36 
13  -21 
-9  4 
35  6 
31  25 
-12  34 
3  36 
-7  -3 
33  8 
-2  19 
28  28 
29  21 
-46  -11 
-10  15 
44  50 
62  10 
-7  14 
-3  0 
25  14 
18  24 
-26  -35 
-36  -13 
4  36 
-3  -4 
1  23 
16  9 
16  22 
-32  5 
7  14 
-19  -13 
22  49 
36  12 
-15  8 
-6  -9 
-4  7 
-13  -11 
3  -14 
20  -13 
-5  -31 
-9  27 
-21  -17 
-11  59 
-33  -8 
-11  42 
37  27 
31  38 
39  10 
45  -3 
-33  -38 
31  -20 
52  -16 
41  -1 
-1  -27 
3  32 
13  16 
-22  17 
49  23 
-33  -2 
-20  38 
25  -11 
-23  32 
65  -7 
-20  24 
56  26 
31  9 
-7  46 
-1  33 
39  31 
-7  34 
8  14 
12  3 
0  22 
-19  27 
36  -6 
27  15 
33  -19 
30  -30 
19  -21 
0  1 
15  -8 
-4  9 
17  0 
65  -6 
-6  -35 
-5  41 
4  -2 
-3  63 
-3  30 
-10  28 
0  12 
33  -40 
18  -21 
10  9 
11  4 
19  0 
5  -45 
4  50 
-36  4 
36  2 
-11  38 
3  -36 
13  -22 
-4  5 
36  6 
33  24 
-10  33 
0  35 
-9  -2 
39  3 
1  19 
29  27 
25  22 
-44  -13 
-15  11 
46  51 
63  12 
-8  13 
-4  -1 
27  12 
20  27 
-28  -36 
-39  -14 
3  31 
-2  -3 
0  20 
15  9 
10  26 
-29  5 
6  10 
-11  -16 
25  44 
40  14 
-14  6 
-6  -9 
0  8 
-16  -11 
10  -13 
23  -12 
-5  -29 
-6  27 
-20  -22 
-14  63 
-31  -8 
-8  40 
39  28 
35  37 
38  11 
46  -2 
-33  -33 
33  -18 
51  -13 
39  -2 
-3  -23 
3  30 
13  19 
-24  20 
48  28 
-37  -4 
-21  35 
27  -14 
-24  33 
62  -11 
-20  24 
55  26 
30  15 
-6  44 
-3  36 
40  38 
-6  37 
9  10 
11  2 
2  22 
-13  27 
36  -1 
25  17 
36  -20 
30  -32 
20  -21 
-1  3 
15  -9 
-1  7 
17  0 
64  -3 
-10  -34 
-3  44 
7  -2 
-2  64 
-1  30 
-10  29 
-3  10 
33  -40 
19  -18 
10  10 
5  6 
18  -1 
7  -37 
3  52 
-36  6 
34  5 
-14  44 
3  -36 
16  -22 
-10  2 
33  5 
36  26 
-17  37 
2  34 
-8  -3 
38  3 
-1  18 
27  26 
26  20 
-45  -11 
-14  11 
45  48 
65  15 
-7  14 
-4  1 
27  10 
22  29 
-27  -39 
-39  -14 
2  30 
-3  -3 
1  18 
14  11 
8  28 
-28  5 
4  18 
-11  -13 
24  44 
39  15 
-19  3 
-4  -11 
1  7 
-15  -11 
11  -13 
25  -6 
-4  -27 
-4  28 
-19  -21 
-14  57 
-28  -7 
-9  38 
41  33 
41  36 
40  14 
45  -2 
-34  -34 
34  -22 
50  -13 
40  1 
-7  -21 
3  30 
14  20 
-24  22 
48  24 
-34  -1 
-21  34 
32  -16 
-24  34 
60  -8 
-20  24 
54  27 
26  18 
-1  40 
-3  37 
42  35 
-12  40 
11  11 
12  2 
3  23 
-16  24 
36  -1 
24  16 
34  -19 
29  -29 
19  -20 
-3  3 
15  -8 
-5  6 
20  1 
64  -5 
-10  -34 
-1  43 
15  -5 
3  72 
-3  31 
-9  29 
-4  7 
31  -40 
19  -18 
10  10 
4  6 
20  0 
7  -37 
7  55 
-40  7 
31  4 
-14  43 
3  -30 
16  -22 
-13  2 
35  11 
33  27 
-16  28 
-2  29 
-9  -2 
32  5 
1  19 
25  26 
27  21 
-53  -13 
-10  11 
45  49 
66  17 
-11  18 
-7  0 
30  13 
24  32 
-26  -40 
-41  -12 
2  29 
0  -2 
1  15 
14  11 
6  26 
-28  0 
4  21 
-15  -15 
26  41 
36  12 
-19  3 
-4  -11 
2  13 
-14  -9 
10  -8 
22  -6 
-4  -26 
-4  26 
-21  -25 
-15  55 
-28  -11 
-11  39 
38  31 
40  35 
41  16 
45  -2 
-30  -38 
32  -23 
48  -14 
37  2 
-7  -19 
3  31 
9  20 
-23  20 
48  28 
-36  -2 
-21  32 
31  -15 
-22  34 
60  -8 
-20  24 
53  28 
26  18 
-3  41 
-3  37 
42  34 
-15  39 
8  12 
18  1 
1  23 
-16  24 
33  1 
24  16 
38  -16 
25  -31 
17  -17 
-1  -1 
16  -6 
-6  5 
16  -1 
67  -5 
-11  -37 
-1  48 
11  -2 
5  75 
0  31 
-7  34 
0  7 
33  -33 
19  -20 
10  11 
-3  10 
21  -1 
6  -38 
6  51 
-39  6 
31  2 
-13  42 
2  -31 
13  -22 
-12  -2 
36  12 
33  28 
-14  26 
-4  33 
-7  0 
38  3 
-1  18 
27  26 
30  15 
-48  -13 
-12  4 
44  50 
65  17 
-8  17 
-4  6 
27  10 
26  38 
-27  -41 
-42  -9 
4  28 
4  0 
2  15 
13  10 
10  26 
-29  0 
5  22 
-13  -17 
29  41 
38  13 
-21  1 
-6  -13 
0  12 
-13  -11 
12  -11 
23  -9 
-6  -29 
-4  27 
-21  -26 
-15  54 
-29  -11 
-11  39 
37  31 
40  35 
38  17 
47  -6 
-30  -38 
32  -27 
52  -16 
36  2 
-5  -19 
3  30 
8  22 
-24  18 
47  27 
-36  -2 
-21  35 
32  -18 
-21  33 
58  -6 
-20  24 
50  27 
26  19 
-1  43 
-2  37 
48  34 
-23  40 
7  10 
14  0 
2  22 
-15  25 
34  7 
24  17 
37  -17 
23  -29 
20  -13 
-1  3 
18  -6 
-8  4 
12  -4 
64  -4 
-12  -36 
-5  44 
7  1 
3  72 
-2  31 
-7  32 
-7  10 
36  -34 
20  -23 
11  9 
-3  10 
21  -1 
4  -36 
7  51 
-40  10 
33  0 
-14  43 
-1  -27 
19  -20 
-9  -2 
35  10 
33  26 
-15  26 
-1  35 
-6  -2 
38  3 
-1  18 
28  28 
30  16 
-53  -14 
-14  6 
44  49 
66  19 
-5  22 
-5  9 
25  7 
29  39 
-28  -40 
-40  -8 
5  28 
2  1 
5  18 
12  13 
3  27 
-33  -6 
6  21 
-13  -18 
31  42 
39  14 
-20  1 
-1  -12 
1  13 
-10  -10 
10  -11 
25  -11 
-6  -29 
-4  28 
-19  -25 
-18  54 
-35  -5 
-11  43 
36  34 
43  36 
37  17 
48  -9 
-30  -34 
30  -27 
52  -17 
38  5 
-2  -21 
2  29 
8  22 
-26  21 
55  25 
-35  -1 
-20  34 
31  -20 
-20  33 
53  -6 
-20  24 
44  30 
26  18 
-4  42 
-3  40 
48  34 
-25  44 
8  11 
16  1 
2  23 
-15  28 
33  8 
27  15 
37  -17 
21  -27 
13  -10 
-2  3 
16  -6 
-16  7 
10  -4 
66  -2 
-8  -33 
-7  44 
8  -1 
2  70 
-1  28 
-7  37 
-5  11 
37  -31 
21  -21 
11  9 
-4  12 
20  -2 
3  -36 
10  50 
-36  10 
31  4 
-13  41 
-2  -26 
18  -21 
-15  -1 
35  12 
33  27 
-19  26 
-1  34 
-9  -2 
37  4 
0  22 
25  27 
30  15 
-50  -14 
-14  6 
42  45 
64  18 
-6  20 
-5  6 
28  8 
24  34 
-25  -42 
-42  -12 
5  29 
6  -1 
5  17 
15  15 
5  26 
-36  -3 
6  23 
-12  -22 
33  42 
38  13 
-23  2 
-4  -11 
0  11 
-9  -6 
10  -13 
28  -16 
-6  -30 
-6  31 
-18  -25 
-17  56 
-37  -9 
-11  39 
37  36 
45  34 
37  17 
52  -11 
-30  -32 
28  -30 
47  -18 
39  6 
-7  -17 
0  28 
6  21 
-22  17 
56  27 
-36  0 
-16  28 
31  -18 
-21  33 
53  -4 
-20  24 
47  30 
26  16 
-1  40 
-1  41 
50  35 
-29  42 
5  8 
13  -8 
1  23 
-15  27 
33  8 
26  11 
37  -16 
19  -29 
7  -15 
-3  2 
8  -9 
-21  6 
13  1 
64  -4 
-9  -33 
-6  44 
8  -1 
5  66 
-5  27 
-4  40 
-6  11 
37  -30 
20  -18 
11  9 
0  14 
19  -2 
3  -36 
12  49 
-37  12 
31  5 
-13  47 
-1  -26 
18  -19 
-13  -6 
34  12 
32  27 
-19  27 
-3  37 
-7  -6 
38  4 
-6  21 
24  26 
30  16 
-49  -14 
-14  3 
44  44 
64  17 
-4  22 
-4  6 
28  8 
24  35 
-23  -40 
-45  -14 
5  29 
7  2 
5  11 
16  15 
6  26 
-37  -3 
8  22 
-6  -20 
33  38 
38  14 
-27  3 
-4  -12 
-1  13 
-14  -1 
8  -13 
28  -16 
-5  -29 
-4  34 
-19  -25 
-15  55 
-34  -10 
-12  40 
38  33 
48  32 
37  16 
50  -7 
-33  -34 
27  -29 
47  -17 
37  7 
-8  -17 
4  30 
9  21 
-17  16 
53  27 
-34  -2 
-20  27 
35  -16 
-20  35 
55  -7 
-20  24 
46  37 
25  20 
0  38 
-3  40 
50  35 
-26  45 
1  7 
13  -8 
1  23 
-17  31 
35  11 
27  6 
38  -16 
19  -26 
0  -12 
-2  5 
10  -9 
-24  9 
8  2 
65  -5 
-15  -37 
-9  45 
8  -2 
5  68 
-5  26 
-3  41 
-8  11 
40  -29 
22  -18 
11  9 
0  15 
21  -1 
3  -36 
10  50 
-37  8 
32  1 
-13  50 
0  -23 
17  -16 
-11  -10 
33  14 
33  27 
-14  30 
-3  36 
-7  -3 
38  3 
-8  20 
23  32 
30  16 
-49  -18 
-14  1 
44  44 
65  18 
2  23 
-2  8 
30  9 
26  39 
-20  -42 
-45  -13 
1  26 
9  1 
4  10 
11  18 
8  25 
-37  -4 
12  17 
-5  -19 
33  39 
38  14 
-26  4 
-1  -14 
-5  12 
-15  -6 
10  -15 
30  -14 
-6  -33 
-4  34 
-21  -25 
-21  52 
-35  -11 
-11  39 
39  33 
54  32 
37  15 
50  -7 
-32  -36 
28  -26 
47  -18 
36  7 
-7  -19 
1  31 
11  20 
-23  17 
51  27 
-36  -6 
-20  27 
33  -16 
-19  33 
54  -9 
-20  24 
42  34 
25  22 
-1  40 
-1  38 
47  34 
-26  47 
-1  8 
8  -9 
2  23 
-18  29 
35  11 
25  7 
37  -17 
21  -25 
1  -14 
-2  3 
10  -11 
-24  8 
7  1 
68  -8 
-15  -38 
-4  47 
8  -2 
5  69 
-7  21 
-7  42 
-15  11 
36  -34 
22  -18 
6  11 
0  12 
20  1 
5  -32 
10  46 
-34  6 
31  0 
-16  50 
1  -21 
18  -16 
-13  -5 
31  14 
27  29 
-18  31 
-3  37 
-7  -2 
40  2 
-1  20 
23  30 
29  15 
-50  -15 
-14  1 
47  46 
67  20 
3  24 
-1  12 
33  11 
30  38 
-24  -48 
-46  -9 
3  27 
11  -2 
5  10 
11  9 
8  27 
-34  -4 
4  17 
-7  -20 
34  40 
42  12 
-27  4 
2  -12 
0  14 
-15  -6 
14  -15 
31  -15 
-8  -36 
-4  34 
-22  -26 
-21  54 
-33  -9 
-14  38 
39  33 
52  36 
38  17 
50  -10 
-32  -34 
23  -24 
46  -17 
36  13 
-8  -18 
5  35 
11  22 
-21  19 
47  27 
-37  -8 
-21  26 
33  -14 
-17  33 
53  -8 
-20  24 
42  35 
24  24 
-3  40 
1  39 
49  40 
-29  44 
3  8 
8  -6 
1  23 
-16  28 
34  9 
25  6 
39  -17 
20  -24 
-1  -12 
-1  0 
11  -10 
-24  9 
7  -2 
71  -7 
-12  -41 
-6  47 
4  -4 
5  68 
-6  24 
-7  43 
-20  8 
36  -34 
20  -23 
2  12 
1  13 
17  4 
1  -34 
8  47 
-34  6 
33  2 
-18  50 
-1  -21 
19  -14 
-15  -6 
33  14 
26  30 
-20  32 
-1  35 
-7  -2 
37  -3 
-7  20 
23  33 
30  15 
-52  -12 
-13  0 
48  46 
66  19 
4  24 
-4  13 
33  8 
28  42 
-26  -49 
-44  -2 
4  30 
11  0 
5  9 
10  10 
10  26 
-32  -2 
6  17 
-11  -19 
36  41 
45  17 
-29  3 
3  -10 
0  14 
-16  -5 
14  -15 
32  -13 
-8  -35 
0  31 
-21  -24 
-20  55 
-32  -9 
-14  41 
42  35 
53  41 
39  14 
52  -7 
-29  -33 
23  -23 
47  -18 
39  13 
-8  -17 
6  31 
11  22 
-21  18 
45  27 
-37  -8 
-23  20 
37  -10 
-13  35 
50  -9 
-20  24 
43  36 
26  23 
-2  43 
0  38 
49  39 
-26  45 
4  4 
6  -4 
2  22 
-18  29 
38  8 
25  7 
41  -18 
21  -24 
2  -12 
-3  0 
6  -9 
-26  9 
7  -2 
71  -11 
-14  -41 
-5  46 
3  -8 
2  70 
-6  23 
-4  47 
-20  8 
36  -34 
20  -20 
3  10 
5  14 
18  3 
1  -34 
8  48 
-33  2 
36  1 
-15  49 
-1  -20 
19  -12 
-13  -5 
33  12 
30  30 
-22  33 
-3  37 
-3  2 
37  -4 
-8  20 
23  31 
30  15 
-49  -13 
-16  1 
50  46 
66  18 
3  24 
-5  15 
33  7 
29  38 
-25  -49 
-45  -3 
6  30 
11  2 
5  11 
12  9 
7  26 
-31  1 
8  11 
-12  -18 
36  42 
44  17 
-29  0 
6  -14 
-1  14 
-15  -3 
14  -13 
32  -15 
-10  -35 
0  31 
-19  -17 
-20  52 
-38  -6 
-14  41 
42  35 
53  40 
38  14 
54  -2 
-30  -31 
25  -27 
45  -17 
41  15 
-7  -16 
10  27 
7  20 
-21  18 
42  25 
-36  -14 
-21  21 
37  -10 
-12  39 
53  -4 
-20  24 
43  37 
27  23 
-3  44 
0  35 
53  36 
-29  38 
4  4 
5  -2 
2  22 
-16  27 
39  8 
33  4 
38  -17 
20  -18 
4  -10 
-8  1 
8  -12 
-24  9 
5  -1 
65  -9 
-16  -44 
-6  46 
-1  -11 
3  67 
-8  22 
-7  48 
-19  7 
38  -35 
17  -18 
2  9 
7  14 
18  4 
-2  -33 
8  51 
-34  1 
37  4 
-14  46 
-2  -18 
21  -14 
-13  -5 
33  10 
31  30 
-21  33 
-3  37 
-4  0 
36  -6 
-9  20 
23  31 
28  12 
-47  -7 
-15  -3 
49  45 
66  17 
3  24 
-5  15 
31  12 
26  39 
-24  -47 
-47  1 
5  28 
10  2 
5  14 
11  9 
10  26 
-31  1 
5  9 
-15  -18 
36  42 
40  18 
-28  4 
8  -14 
-2  14 
-13  -7 
11  -13 
34  -13 
-7  -37 
6  34 
-19  -17 
-22  53 
-38  -5 
-16  37 
44  35 
55  40 
42  14 
53  0 
-27  -28 
35  -23 
46  -17 
40  12 
-9  -15 
13  27 
8  18 
-20  16 
42  28 
-36  -11 
-21  18 
37  -7 
-11  39 
53  -3 
-20  24 
45  35 
27  23 
-3  43 
3  36 
53  36 
-30  38 
4  4 
4  -4 
2  22 
-19  26 
41  7 
34  7 
39  -19 
16  -19 
5  -7 
-8  0 
8  -12 
-24  6 
8  -2 
64  -3 
-14  -42 
-5  42 
2  -8 
5  68 
-8  24 
-7  47 
-18  10 
36  -31 
16  -21 
-1  13 
10  16 
20  1 
-2  -36 
6  51 
-34  1 
37  2 
-12  44 
-3  -17 
19  -12 
-13  -9 
33  10 
23  30 
-20  34 
-3  35 
-9  2 
35  -8 
-7  20 
23  31 
30  12 
-47  -7 
-11  -3 
47  43 
69  18 
4  26 
-7  14 
30  11 
26  39 
-25  -49 
-49  -2 
9  26 
6  3 
6  17 
12  9 
11  29 
-23  0 
7  6 
-15  -14 
27  41 
41  19 
-27  4 
6  -14 
-2  14 
-18  -12 
10  -10 
33  -12 
-6  -35 
5  38 
-18  -19 
-24  53 
-42  -8 
-15  35 
48  34 
57  36 
42  15 
53  3 
-27  -28 
35  -23 
48  -18 
40  12 
-10  -12 
10  26 
9  19 
-15  14 
43  32 
-37  -12 
-21  20 
34  -9 
-11  35 
53  -2 
-20  24 
50  33 
27  22 
-3  44 
3  36 
56  39 
-26  40 
3  4 
5  -7 
1  23 
-28  27 
39  8 
35  4 
39  -17 
18  -17 
0  -5 
-8  0 
7  -15 
-26  5 
9  1 
67  2 
-15  -42 
-4  42 
0  -8 
7  70 
-6  23 
-1  46 
-18  10 
35  -32 
18  -21 
-1  18 
7  18 
19  1 
-4  -32 
6  51 
-32  2 
37  3 
-7  40 
-2  -18 
21  -14 
-12  -9 
33  6 
23  31 
-14  38 
-2  34 
-7  4 
35  -3 
-5  21 
15  32 
31  10 
-47  -6 
-11  -1 
46  43 
67  14 
4  26 
-3  15 
34  12 
26  39 
-23  -47 
-47  -4 
8  28 
4  4 
9  12 
11  9 
10  30 
-27  1 
6  4 
-20  -13 
28  41 
40  18 
-30  2 
6  -14 
-1  13 
-22  -12 
11  -8 
30  -14 
-8  -35 
12  36 
-18  -18 
-24  53 
-40  -6 
-15  37 
50  35 
57  36 
41  15 
54  4 
-27  -27 
36  -20 
47  -14 
39  14 
-8  -16 
11  27 
9  18 
-15  15 
44  30 
-35  -15 
-20  21 
40  -10 
-10  36 
51  0 
-20  24 
47  31 
31  22 
-5  46 
4  37 
57  36 
-24  42 
3  4 
8  -9 
2  22 
-27  24 
38  5 
33  6 
39  -18 
22  -14 
-3  -7 
-8  0 
8  -14 
-27  1 
11  -2 
68  2 
-20  -47 
-6  45 
-1  -5 
11  69 
-4  21 
-6  47 
-18  10 
36  -34 
17  -16 
0  22 
9  19 
20  0 
-7  -30 
6  51 
-36  1 
39  0 
-9  40 
-3  -17 
19  -19 
-13  -5 
32  3 
22  34 
-13  34 
-1  33 
-9  2 
35  -8 
-5  22 
18  31 
30  11 
-45  -3 
-13  -2 
43  37 
66  10 
2  27 
-7  18 
33  14 
26  37 
-20  -48 
-43  0 
6  26 
7  3 
13  12 
11  10 
10  26 
-29  7 
9  -2 
-24  -13 
26  41 
41  19 
-31  1 
4  -10 
5  9 
-22  -10 
13  -7 
35  -9 
-8  -36 
10  30 
-19  -17 
-24  54 
-40  -2 
-15  35 
45  37 
57  37 
39  18 
53  0 
-26  -29 
39  -21 
48  -16 
37  15 
-7  -17 
11  25 
12  13 
-15  18 
42  31 
-36  -16 
-23  22 
39  -12 
-10  36 
56  0 
-20  24 
46  29 
30  22 
-5  46 
4  37 
57  35 
-24  40 
3  4 
8  -9 
1  23 
-27  28 
36  6 
32  9 
39  -17 
25  -11 
-1  -6 
-8  0 
6  -14 
-28  2 
11  -2 
67  3 
-18  -52 
-7  42 
1  -7 
10  69 
-5  21 
-6  47 
-18  9 
37  -33 
18  -17 
-1  19 
7  22 
16  1 
-1  -32 
3  50 
-34  -4 
41  -1 
-8  43 
-5  -18 
18  -15 
-13  -5 
33  5 
20  35 
-15  34 
-1  35 
-7  -2 
36  -8 
-4  22 
22  30 
30  11 
-47  -4 
-14  -2 
43  37 
65  11 
6  31 
-7  14 
36  14 
21  36 
-22  -46 
-43  3 
3  31 
9  -1 
11  12 
10  10 
10  26 
-27  7 
9  -3 
-17  -12 
26  41 
40  17 
-33  0 
4  -10 
4  8 
-20  -8 
13  -8 
31  -11 
-9  -40 
7  26 
-18  -17 
-21  53 
-40  -6 
-10  36 
43  33 
57  36 
39  18 
53  1 
-24  -31 
39  -20 
45  -18 
35  14 
-7  -16 
8  27 
13  9 
-15  15 
43  32 
-36  -16 
-32  24 
41  -13 
-6  35 
57  0 
-20  24 
42  32 
28  22 
0  48 
3  36 
56  34 
-24  40 
3  4 
7  -9 
3  23 
-27  28 
34  5 
30  10 
38  -16 
24  -13 
3  -7 
-4  -1 
2  -11 
-32  2 
11  0 
67  9 
-15  -52 
-5  44 
1  -7 
5  66 
-7  24 
-4  47 
-16  9 
37  -37 
13  -13 
-1  18 
7  23 
21  3 
0  -33 
6  51 
-32  -4 
41  -1 
-8  41 
-3  -20 
21  -13 
-16  -7 
33  -3 
22  34 
-16  38 
1  38 
-3  -4 
34  -9 
-4  22 
22  30 
30  9 
-48  -8 
-17  -3 
45  34 
66  16 
6  30 
-7  12 
35  12 
26  41 
-21  -45 
-40  8 
-1  30 
9  -2 
13  13 
11  9 
7  26 
-27  3 
5  -1 
-16  -10 
28  39 
40  15 
-31  1 
3  -10 
3  7 
-21  -12 
11  -10 
32  -11 
-7  -40 
4  24 
-18  -18 
-23  50 
-42  -7 
-10  35 
44  35 
59  33 
39  20 
48  6 
-25  -34 
37  -18 
46  -18 
29  19 
-8  -17 
6  24 
13  10 
-13  13 
43  31 
-37  -12 
-34  26 
41  -14 
-7  34 
58  1 
-20  24 
42  32 
27  22 
-2  48 
2  34 
49  38 
-28  37 
4  4 
5  -9 
1  23 
-25  26 
31  2 
31  7 
40  -18 
28  -14 
5  -5 
-3  -4 
4  -12 
-34  1 
13  1 
65  8 
-18  -51 
-7  44 
2  -8 
8  65 
-6  25 
-1  52 
-15  6 
38  -35 
16  -11 
-1  21 
5  25 
22  2 
-4  -34 
6  51 
-35  -7 
41  -2 
-9  45 
-8  -20 
19  -14 
-16  -2 
27  -2 
21  35 
-14  38 
1  39 
-1  -6 
33  -9 
-9  20 
26  30 
31  9 
-47  -6 
-15  -2 
56  34 
63  12 
8  31 
-7  13 
39  13 
27  34 
-26  -49 
-41  7 
3  31 
6  -1 
10  11 
7  2 
10  26 
-26  7 
11  -3 
-16  -10 
28  34 
38  14 
-30  2 
3  -10 
1  6 
-21  -12 
10  -10 
32  -11 
-3  -38 
6  26 
-22  -17 
-26  49 
-40  -8 
-10  35 
45  34 
59  30 
37  23 
49  1 
-20  -33 
36  -21 
42  -25 
33  18 
-7  -18 
7  26 
17  7 
-13  15 
44  27 
-39  -13 
-37  25 
43  -7 
-9  38 
56  0 
-20  24 
39  36 
27  23 
-3  44 
2  35 
53  37 
-26  38 
3  4 
13  -12 
1  23 
-26  27 
33  1 
27  6 
38  -17 
28  -13 
3  -4 
-4  -6 
2  -11 
-31  -1 
12  0 
67  10 
-18  -50 
-7  38 
3  -8 
4  70 
-7  24 
-2  54 
-19  6 
37  -37 
16  -11 
-2  24 
12  29 
22  2 
-5  -34 
5  51 
-35  -1 
40  -5 
-10  46 
-8  -18 
21  -13 
-11  1 
26  3 
19  34 
-17  37 
-1  36 
-3  -7 
32  -15 
-9  20 
25  27 
29  7 
-46  -5 
-15  -3 
55  32 
65  8 
7  31 
-7  14 
40  11 
25  34 
-27  -47 
-41  8 
3  30 
4  -2 
10  10 
11  6 
8  24 
-26  5 
15  -3 
-14  -14 
28  34 
37  16 
-29  2 
6  -9 
0  8 
-21  -13 
6  -7 
31  -10 
0  -39 
13  27 
-23  -16 
-24  47 
-41  -7 
-12  35 
45  35 
63  31 
34  20 
47  1 
-20  -33 
37  -23 
42  -26 
31  18 
-7  -20 
8  28 
7  5 
-13  15 
45  26 
-36  -13 
-36  24 
46  -6 
-10  36 
56  -2 
-20  24 
37  35 
27  23 
0  50 
3  32 
55  37 
-28  41 
4  4 
13  -13 
1  23 
-24  26 
39  0 
26  6 
41  -21 
31  -11 
4  -4 
-1  -5 
4  -10 
-34  -1 
13  1 
68  7 
-17  -50 
-7  42 
1  -12 
0  67 
-7  24 
-4  53 
-19  6 
39  -37 
15  -12 
-6  20 
12  29 
22  2 
-5  -33 
7  54 
-35  -5 
42  -6 
-8  44 
-4  -18 
20  -12 
-17  -3 
27  0 
18  34 
-11  41 
-1  33 
-7  -6 
34  -13 
-8  19 
29  24 
30  9 
-48  -3 
-11  -1 
54  31 
65  7 
10  30 
-9  15 
39  10 
22  28 
-28  -48 
-44  8 
5  28 
4  -3 
5  9 
11  5 
6  24 
-26  5 
13  -2 
-15  -14 
33  35 
36  19 
-26  3 
8  -6 
-4  7 
-22  -12 
7  -7 
30  -9 
-3  -36 
11  27 
-16  -12 
-25  46 
-39  -4 
-10  35 
45  34 
61  27 
37  17 
51  2 
-21  -32 
38  -21 
44  -25 
33  19 
-8  -17 
10  27 
7  5 
-16  14 
46  22 
-33  -14 
-38  30 
46  -9 
-10  36 
57  0 
-20  24 
39  36 
27  22 
-2  52 
2  34 
54  35 
-27  38 
1  3 
13  -13 
1  19 
-23  24 
39  3 
25  6 
39  -19 
30  -11 
4  -4 
0  -6 
3  -14 
-35  -3 
14  -1 
69  8 
-18  -50 
-7  41 
3  -10 
0  68 
-9  25 
-1  55 
-20  7 
35  -39 
16  -6 
-4  18 
12  29 
22  2 
-4  -31 
9  59 
-35  -6 
42  -5 
-4  46 
-6  -15 
18  -16 
-17  -3 
26  1 
10  33 
-11  41 
-2  34 
-4  -3 
35  -14 
-4  22 
28  24 
28  7 
-54  -1 
-13  2 
55  32 
62  9 
10  31 
-8  13 
42  13 
25  28 
-32  -48 
-47  10 
2  32 
4  -3 
3  11 
14  7 
6  23 
-30  5 
14  -2 
-15  -17 
33  33 
37  20 
-28  4 
7  -6 
-3  3 
-24  -12 
5  -5 
33  -6 
-6  -40 
12  25 
-17  -13 
-24  47 
-41  -7 
-12  34 
52  37 
63  28 
37  16 
47  3 
-23  -30 
38  -17 
43  -24 
33  20 
-9  -13 
8  26 
7  7 
-13  15 
45  19 
-28  -13 
-37  32 
45  -10 
-10  35 
55  0 
-20  24 
39  38 
24  18 
-6  41 
-1  35 
54  35 
-27  37 
2  2 
13  -12 
0  17 
-24  27 
39  7 
24  4 
38  -17 
29  -10 
2  -6 
-1  -6 
1  -14 
-35  -3 
14  1 
65  9 
-18  -51 
-3  42 
6  -9 
5  68 
-8  20 
-3  57 
-21  8 
37  -40 
15  -8 
-3  21 
10  29 
19  3 
-5  -33 
13  58 
-32  -6 
42  -5 
-6  47 
-7  -15 
18  -15 
-14  -1 
28  2 
13  32 
-9  42 
-1  33 
-5  -3 
34  -9 
-1  22 
24  29 
27  7 
-53  -5 
-13  1 
55  31 
63  17 
11  29 
-9  13 
43  11 
20  27 
-32  -49 
-42  14 
0  32 
4  -3 
-2  13 
11  7 
3  24 
-28  4 
16  -7 
-11  -21 
33  30 
36  17 
-23  4 
11  -10 
1  -1 
-24  -12 
5  -5 
33  0 
-6  -40 
11  18 
-18  -10 
-20  48 
-39  -5 
-17  32 
59  30 
55  26 
36  19 
46  3 
-23  -30 
36  -18 
39  -20 
31  20 
-15  -14 
3  28 
10  13 
-10  11 
45  14 
-28  -13 
-38  31 
43  -13 
-7  36 
53  1 
-20  24 
39  38 
26  16 
-7  44 
-1  34 
53  37 
-29  32 
3  3 
13  -12 
1  19 
-25  26 
35  1 
23  4 
39  -20 
32  -8 
7  -6 
-2  -7 
0  -13 
-37  -3 
14  0 
62  9 
-17  -50 
-1  43 
6  -10 
5  69 
-7  21 
-5  57 
-25  9 
36  -38 
14  -9 
-3  20 
7  26 
20  2 
-6  -33 
13  58 
-32  -6 
42  -6 
-8  47 
-4  -11 
19  -12 
-16  -3 
28  0 
12  34 
-11  41 
-2  37 
-5  -1 
33  -8 
-2  19 
22  30 
25  8 
-54  -2 
-11  -1 
55  31 
66  19 
12  29 
-11  14 
45  11 
19  26 
-30  -54 
-40  15 
0  32 
6  -6 
-1  18 
11  9 
1  23 
-29  2 
15  -8 
-10  -24 
36  27 
39  15 
-23  4 
11  -13 
0  -2 
-27  -21 
8  -1 
32  0 
-3  -44 
9  17 
-17  -8 
-24  48 
-33  -7 
-15  34 
62  33 
53  27 
37  17 
47  2 
-25  -25 
38  -16 
38  -17 
31  20 
-16  -10 
7  29 
14  14 
-11  12 
50  9 
-26  -15 
-34  31 
50  -9 
-4  33 
53  0 
-20  24 
43  36 
27  15 
-8  45 
-1  35 
51  38 
-28  29 
2  3 
21  -13 
-3  22 
-23  30 
38  3 
24  4 
39  -20 
30  -9 
8  -6 
-2  -5 
-1  -12 
-35  -5 
13  4 
65  9 
-21  -46 
-4  41 
8  -12 
4  70 
-4  15 
-7  58 
-25  6 
42  -38 
13  -8 
-5  17 
7  26 
24  0 
-6  -33 
17  60 
-34  -9 
39  -2 
-7  48 
-3  -13 
18  -16 
-17  -3 
28  2 
9  32 
-8  42 
1  39 
-1  3 
32  -8 
-4  22 
22  27 
28  4 
-55  -2 
-11  -1 
55  32 
67  20 
10  29 
-13  15 
46  10 
21  25 
-26  -55 
-40  12 
3  32 
3  -9 
-1  19 
11  9 
1  23 
-31  5 
22  -8 
-11  -25 
36  27 
42  15 
-27  1 
5  -14 
-3  -3 
-28  -20 
4  -3 
33  0 
0  -45 
10  15 
-16  -14 
-28  41 
-35  -6 
-17  36 
62  30 
50  27 
35  15 
46  1 
-29  -23 
38  -14 
37  -16 
31  20 
-16  -8 
5  30 
14  14 
-12  11 
51  10 
-30  -14 
-31  27 
53  -3 
-4  33 
51  2 
-20  24 
41  38 
27  14 
-7  47 
2  35 
53  40 
-28  29 
3  3 
20  -13 
-1  21 
-20  28 
37  0 
23  4 
39  -20 
30  -11 
7  -6 
-1  -6 
-1  -13 
-37  -7 
13  1 
62  10 
-20  -48 
-5  41 
8  -12 
3  72 
-3  13 
-8  61 
-24  5 
42  -38 
13  -6 
-9  20 
7  26 
24  1 
-13  -35 
16  58 
-33  -9 
39  -2 
-8  47 
-6  -9 
16  -18 
-14  -2 
26  2 
9  36 
-10  45 
1  39 
-2  2 
32  -6 
-6  20 
25  29 
31  5 
-55  2 
-11  -1 
60  34 
66  21 
10  33 
-16  18 
47  10 
21  26 
-27  -52 
-38  9 
4  27 
9  -8 
0  18 
11  9 
1  23 
-27  4 
24  -4 
-10  -25 
33  27 
42  14 
-24  -1 
3  -9 
-3  -3 
-22  -15 
6  -4 
32  0 
0  -43 
10  16 
-15  -14 
-24  46 
-37  -4 
-16  34 
70  31 
54  25 
33  18 
45  -6 
-29  -27 
36  -13 
38  -17 
31  17 
-16  -3 
3  30 
15  15 
-14  12 
53  12 
-32  -13 
-27  25 
51  -4 
0  35 
52  2 
-20  24 
41  38 
27  15 
-9  47 
3  35 
53  41 
-29  29 
5  5 
20  -13 
-2  24 
-24  29 
36  2 
24  10 
36  -19 
30  -11 
8  -9 
-2  -6 
4  -13 
-35  -9 
13  0 
63  13 
-19  -44 
-2  43 
6  -13 
3  70 
-1  16 
-7  63 
-27  8 
42  -38 
13  -6 
-7  18 
4  26 
26  1 
-9  -30 
17  60 
-33  -5 
39  0 
-12  48 
-5  -9 
13  -16 
-9  -4 
29  1 
8  40 
-9  45 
1  39 
1  3 
30  -10 
-1  22 
27  29 
35  6 
-54  4 
-11  -3 
59  35 
67  18 
11  32 
-14  18 
50  11 
21  26 
-26  -53 
-40  14 
2  34 
7  -9 
-3  16 
5  7 
0  21 
-28  4 
28  -7 
-13  -26 
35  21 
42  15 
-24  0 
4  -11 
-3  -3 
-24  -14 
5  -2 
32  0 
-1  -42 
10  15 
-20  -12 
-28  47 
-37  -4 
-14  36 
73  32 
51  21 
26  17 
51  -2 
-32  -28 
33  -15 
39  -17 
40  17 
-14  -7 
6  30 
12  12 
-14  19 
51  13 
-35  -11 
-29  22 
53  -4 
-4  33 
51  0 
-20  24 
40  38 
25  15 
-12  46 
1  33 
57  42 
-29  29 
5  9 
19  -11 
-3  23 
-24  26 
39  3 
25  13 
37  -16 
30  -11 
5  -14 
0  -6 
2  -8 
-36  -10 
12  1 
63  11 
-18  -46 
-2  40 
5  -9 
2  70 
0  12 
-6  63 
-20  7 
43  -36 
13  -6 
-7  21 
8  27 
26  3 
-13  -30 
19  59 
-32  -9 
40  -2 
-12  48 
-4  -6 
13  -12 
-3  -3 
29  1 
8  34 
-9  42 
1  38 
4  4 
30  -10 
2  22 
33  24 
33  2 
-54  4 
-16  -9 
62  35 
68  19 
11  30 
-22  19 
51  13 
19  26 
-27  -53 
-39  15 
-1  33 
6  -9 
-3  16 
5  5 
-1  18 
-28  4 
30  -8 
-15  -26 
37  21 
39  14 
-22  3 
2  -9 
0  -5 
-25  -14 
4  -3 
33  0 
0  -43 
11  12 
-19  -14 
-28  45 
-37  -8 
-12  38 
70  31 
49  28 
26  19 
52  -3 
-27  -27 
32  -20 
38  -15 
38  21 
-14  -4 
12  36 
13  12 
-16  15 
52  12 
-37  -10 
-26  25 
56  -1 
-3  35 
49  -3 
-20  24 
38  34 
25  15 
-9  47 
2  31 
53  46 
-29  29 
6  6 
20  -13 
-2  22 
-26  27 
36  2 
20  12 
32  -17 
31  -10 
7  -13 
-4  -7 
-1  -5 
-39  -14 
8  5 
64  12 
-17  -49 
-3  40 
2  -11 
1  67 
-7  14 
-12  68 
-21  6 
45  -34 
14  -9 
-6  25 
10  16 
27  0 
-14  -29 
17  63 
-34  -10 
41  -1 
-10  46 
-4  -8 
11  -15 
-3  -3 
30  2 
5  34 
-7  42 
0  42 
7  6 
32  -11 
-1  18 
31  20 
31  2 
-53  2 
-16  -10 
62  34 
65  22 
5  27 
-23  21 
52  20 
23  28 
-27  -52 
-42  17 
-1  34 
7  -9 
-9  16 
9  1 
-2  19 
-28  7 
26  -2 
-15  -23 
34  20 
39  13 
-21  2 
0  -12 
-2  -6 
-24  -14 
3  -3 
32  1 
0  -45 
12  13 
-16  -16 
-25  44 
-38  -10 
-7  38 
70  31 
52  24 
29  17 
51  -2 
-25  -29 
31  -21 
38  -16 
36  21 
-11  -1 
13  40 
12  17 
-13  14 
48  11 
-40  -9 
-27  25 
56  0 
0  34 
48  0 
-20  24 
36  34 
28  14 
-10  50 
2  30 
53  48 
-29  29 
5  6 
21  -13 
2  22 
-29  25 
40  2 
19  12 
36  -21 
33  -6 
6  -14 
0  -6 
0  -2 
-37  -9 
8  7 
68  11 
-15  -43 
-13  46 
3  -4 
4  64 
-10  16 
-12  68 
-20  7 
41  -34 
14  -9 
-4  26 
10  15 
27  1 
-11  -28 
17  64 
-35  -11 
39  1 
-10  46 
-3  -5 
11  -13 
-3  -4 
28  -2 
4  34 
-5  44 
-1  39 
5  5 
30  -9 
1  18 
36  21 
33  4 
-51  0 
-14  -3 
67  34 
67  22 
1  23 
-20  28 
48  22 
23  32 
-27  -54 
-45  17 
-1  35 
4  -10 
-2  21 
7  3 
-1  20 
-30  10 
26  -2 
-15  -22 
37  23 
36  14 
-22  3 
-6  -11 
0  -8 
-27  -13 
4  -2 
34  4 
-2  -43 
13  12 
-17  -16 
-25  46 
-38  -13 
-8  43 
65  28 
54  18 
29  19 
52  0 
-25  -29 
33  -22 
38  -15 
36  17 
-14  -4 
15  41 
9  21 
-15  14 
42  15 
-45  -8 
-27  25 
57  0 
2  34 
46  -1 
-20  24 
35  35 
28  14 
-10  47 
3  30 
53  48 
-30  29 
6  11 
20  -13 
2  20 
-33  26 
35  2 
18  14 
31  -20 
30  -10 
2  -14 
2  -6 
-1  -2 
-37  -8 
10  -4 
65  15 
-16  -44 
-15  48 
1  -2 
3  64 
-13  20 
-14  66 
-21  8 
42  -32 
15  -8 
-4  27 
10  15 
29  -1 
-13  -31 
18  63 
-35  -11 
40  2 
-9  49 
-3  -4 
10  -14 
-4  2 
26  -7 
9  32 
-6  45 
0  37 
3  -3 
30  -9 
1  19 
33  21 
32  3 
-44  -7 
-13  -5 
65  39 
66  23 
1  23 
-23  30 
54  20 
27  31 
-25  -54 
-43  23 
-1  33 
7  -10 
-3  24 
4  4 
-1  22 
-29  10 
26  -2 
-16  -23 
38  25 
39  12 
-22  4 
-7  -8 
1  -7 
-19  -14 
3  -4 
29  3 
-3  -43 
8  4 
-18  -18 
-24  49 
-41  -13 
-9  47 
67  23 
51  24 
29  21 
53  2 
-25  -29 
33  -23 
39  -20 
35  17 
-15  -2 
17  40 
11  18 
-12  11 
40  12 
-40  -5 
-25  21 
54  -2 
9  37 
46  -3 
-20  24 
42  35 
27  14 
-12  48 
3  31 
50  45 
-33  31 
5  10 
19  -12 
5  14 
-30  26 
38  3 
20  12 
34  -20 
32  -11 
5  -14 
2  -11 
1  -4 
-35  -5 
10  -5 
63  17 
-16  -44 
-16  47 
-3  -4 
3  64 
-12  22 
-12  67 
-20  8 
46  -31 
18  -6 
-9  27 
8  14 
26  -2 
-15  -31 
19  62 
-35  -12 
37  3 
-12  51 
-4  -6 
13  -16 
-4  -1 
26  -3 
13  35 
-4  47 
-1  39 
3  -4 
30  -11 
1  18 
35  22 
32  0 
-42  -7 
-15  -3 
65  38 
64  24 
-4  20 
-19  27 
53  21 
24  31 
-27  -53 
-41  23 
-1  36 
11  -11 
-3  24 
3  7 
-6  18 
-32  6 
24  1 
-13  -19 
38  28 
40  11 
-22  4 
-7  -6 
-1  -5 
-14  -17 
1  -5 
31  -3 
-3  -43 
5  7 
-18  -18 
-27  52 
-38  -12 
-13  47 
69  19 
52  21 
29  21 
51  -2 
-27  -30 
36  -27 
37  -20 
36  18 
-16  -3 
16  42 
13  18 
-14  11 
39  14 
-38  -5 
-22  21 
53  0 
9  38 
51  0 
-19  26 
44  30 
23  12 
-17  49 
2  29 
46  46 
-33  29 
3  12 
19  -13 
5  14 
-32  31 
36  -2 
20  12 
34  -15 
30  -11 
6  -17 
3  -7 
-1  -1 
-34  -7 
10  -4 
62  14 
-17  -44 
-15  48 
0  -5 
2  62 
-13  23 
-12  64 
-24  7 
51  -30 
19  -6 
-9  27 
10  15 
25  -2 
-14  -29 
18  63 
-35  -14 
34  0 
-13  55 
-7  -9 
15  -13 
0  1 
25  -7 
15  31 
-7  48 
0  37 
4  -2 
30  -10 
1  18 
36  29 
33  1 
-40  -6 
-14  -2 
65  39 
66  24 
-4  22 
-20  27 
51  20 
30  32 
-26  -51 
-40  24 
2  30 
12  -11 
-3  23 
5  9 
-9  17 
-33  6 
29  -3 
-13  -13 
35  29 
37  10 
-22  4 
-4  -1 
-3  -3 
-11  -19 
2  -5 
33  -7 
-3  -44 
3  11 
-21  -20 
-27  54 
-37  -10 
-6  43 
67  21 
51  22 
27  22 
51  -2 
-27  -25 
34  -29 
40  -18 
39  23 
-15  -5 
12  43 
12  24 
-12  14 
39  13 
-36  -9 
-21  22 
53  0 
3  37 
52  0 
-19  26 
41  33 
15  14 
-14  49 
5  26 
42  50 
-35  31 
6  15 
19  -12 
6  11 
-34  34 
35  -1 
16  14 
30  -14 
33  -8 
7  -17 
3  -3 
1  0 
-32  -1 
10  -4 
62  15 
-13  -44 
-16  50 
-2  -3 
-3  64 
-14  24 
-14  67 
-25  6 
50  -30 
20  -8 
-9  27 
10  15 
25  -3 
-14  -27 
20  67 
-37  -13 
33  -2 
-16  61 
-5  -8 
10  -19 
0  1 
25  -5 
14  31 
-5  51 
-2  44 
6  -2 
31  -11 
-1  21 
32  29 
37  0 
-40  -5 
-13  0 
64  47 
65  22 
-7  20 
-18  29 
52  20 
30  31 
-24  -51 
-40  24 
0  31 
12  -8 
-6  21 
7  10 
-9  18 
-37  8 
28  0 
-12  -12 
32  33 
35  7 
-22  3 
-4  0 
-3  -3 
-11  -19 
-1  -7 
32  -3 
-1  -45 
2  14 
-24  -18 
-27  54 
-37  -8 
-7  50 
69  17 
53  21 
27  22 
53  -3 
-29  -23 
37  -24 
35  -19 
36  27 
-14  -1 
12  41 
8  24 
-13  15 
41  16 
-35  -12 
-22  25 
53  4 
4  39 
54  0 
-14  26 
43  30 
9  19 
-13  53 
0  27 
48  46 
-35  35 
7  18 
19  -12 
7  10 
-37  37 
37  -3 
20  14 
31  -13 
33  -8 
7  -17 
3  -6 
1  -1 
-33  0 
10  -5 
59  15 
-13  -45 
-13  46 
-1  -4 
-2  64 
-17  24 
-24  67 
-23  3 
47  -27 
22  -8 
-4  26 
8  14 
22  -5 
-17  -28 
22  69 
-35  -14 
30  -4 
-14  63 
-4  -6 
13  -16 
1  3 
25  -9 
14  31 
-5  51 
-1  40 
4  -3 
30  -10 
2  22 
33  35 
33  1 
-43  -10 
-14  1 
60  48 
68  20 
-9  20 
-15  27 
56  21 
32  29 
-28  -56 
-40  24 
-2  28 
20  -8 
-4  22 
2  8 
-7  18 
-39  7 
26  -2 
-9  -12 
35  37 
30  5 
-24  0 
-7  0 
-3  -4 
-11  -19 
-1  -7 
35  -1 
3  -49 
2  21 
-22  -17 
-31  52 
-41  -10 
-9  49 
66  17 
55  21 
27  21 
54  0 
-26  -22 
37  -25 
33  -24 
37  24 
-14  -4 
12  40 
10  26 
-15  13 
36  13 
-35  -12 
-25  26 
47  5 
9  37 
57  1 
-12  24 
44  28 
9  19 
-14  50 
0  27 
50  51 
-41  34 
3  16 
19  -11 
8  11 
-37  33 
36  -2 
19  15 
33  -12 
29  -8 
7  -13 
2  -10 
1  -1 
-30  1 
10  -5 
60  8 
-12  -46 
-15  49 
-2  -6 
-3  63 
-17  24 
-27  67 
-21  -2 
42  -26 
23  -10 
-9  27 
6  13 
22  -8 
-16  -30 
26  70 
-35  -14 
29  -5 
-14  63 
-4  -7 
14  -14 
-2  4 
27  -11 
13  32 
-1  53 
0  41 
6  -2 
30  -11 
1  23 
32  32 
35  1 
-43  -10 
-13  3 
61  47 
67  21 
-9  20 
-16  24 
56  22 
32  29 
-27  -56 
-40  24 
-5  26 
20  -8 
-3  24 
-1  8 
-8  24 
-39  6 
22  2 
-17  -14 
36  40 
27  6 
-27  -1 
-3  0 
-3  -3 
-12  -19 
2  -5 
36  -1 
1  -51 
-1  20 
-21  -18 
-25  52 
-44  -8 
-9  49 
65  15 
54  25 
29  19 
56  1 
-26  -22 
36  -26 
31  -22 
39  23 
-17  -9 
11  42 
11  25 
-13  15 
40  15 
-36  -14 
-27  21 
53  5 
8  39 
54  3 
-14  26 
45  27 
10  12 
-14  51 
2  27 
50  51 
-41  35 
3  13 
16  -11 
6  12 
-37  32 
37  -3 
20  15 
31  -13 
33  -8 
8  -12 
-1  -9 
0  -6 
-33  5 
5  -6 
60  11 
-17  -43 
-17  51 
-4  -6 
-2  59 
-17  24 
-27  68 
-20  -3 
46  -21 
24  -10 
-11  28 
2  14 
25  -14 
-18  -28 
28  73 
-32  -13 
29  -1 
-14  63 
-1  -6 
13  -16 
6  6 
27  -9 
14  31 
-2  54 
1  39 
4  1 
25  -7 
2  22 
31  30 
35  -1 
-43  -10 
-11  1 
61  46 
69  23 
-9  20 
-16  24 
59  23 
32  29 
-28  -55 
-40  24 
-5  26 
18  -9 
-3  23 
0  8 
-9  25 
-33  6 
21  3 
-15  -11 
34  40 
29  7 
-28  1 
0  0 
-3  -4 
-14  -19 
2  -5 
37  0 
3  -50 
-1  13 
-21  -22 
-26  49 
-45  -9 
-10  50 
64  17 
53  27 
28  19 
58  5 
-24  -20 
37  -25 
33  -25 
40  22 
-18  -10 
11  42 
10  27 
-12  14 
40  12 
-40  -13 
-28  22 
50  5 
8  42 
53  1 
-13  23 
44  27 
10  15 
-13  54 
-4  29 
50  50 
-40  34 
4  16 
13  -10 
6  14 
-37  32 
37  -4 
19  18 
32  -17 
32  -8 
9  -12 
0  -12 
-1  -5 
-35  7 
7  -6 
59  12 
-15  -46 
-17  50 
-7  -6 
-3  64 
-16  26 
-28  67 
-20  -2 
45  -22 
27  -11 
-9  27 
2  14 
25  -14 
-20  -28 
28  72 
-33  -13 
28  -6 
-13  61 
-5  -8 
13  -20 
7  11 
24  -12 
15  31 
-2  54 
1  39 
4  -3 
23  -4 
1  23 
25  29 
33  1 
-43  -13 
-9  2 
59  48 
68  28 
-5  15 
-15  25 
59  22 
30  31 
-30  -54 
-40  24 
-5  29 
17  -10 
-4  21 
-1  7 
-2  24 
-32  5 
22  2 
-16  -5 
31  39 
31  5 
-29  4 
0  2 
-2  -8 
-11  -19 
0  -5 
32  2 
2  -51 
-1  14 
-20  -24 
-26  51 
-44  -6 
-11  43 
69  19 
54  27 
27  18 
56  8 
-26  -20 
39  -27 
33  -24 
38  23 
-16  -10 
11  38 
13  23 
-15  15 
40  11 
-39  -14 
-25  26 
48  6 
7  40 
56  2 
-13  23 
43  27 
10  16 
-10  55 
-4  28 
50  51 
-41  34 
4  17 
13  -7 
5  14 
-36  31 
37  -5 
17  17 
40  -19 
29  -2 
11  -16 
1  -13 
-2  -6 
-38  6 
11  -2 
62  11 
-13  -45 
-18  49 
-2  -5 
-1  63 
-17  24 
-26  65 
-21  0 
48  -26 
27  -7 
-8  25 
2  15 
25  -15 
-20  -28 
27  71 
-28  -13 
29  -5 
-15  57 
-4  -6 
14  -20 
6  11 
22  -10 
17  33 
1  59 
-1  38 
5  -1 
23  -3 
2  22 
25  31 
30  0 
-44  -7 
-8  3 
60  48 
64  27 
-4  19 
-15  27 
58  24 
33  32 
-34  -54 
-40  24 
-7  27 
17  -10 
-4  21 
-6  9 
-3  23 
-32  6 
21  3 
-17  -7 
32  37 
31  5 
-30  6 
1  -2 
-5  -13 
-11  -19 
-1  -5 
33  4 
4  -50 
0  15 
-17  -24 
-25  51 
-42  -9 
-8  49 
74  18 
54  31 
26  18 
53  8 
-27  -19 
39  -30 
36  -20 
38  23 
-17  -10 
13  34 
13  23 
-15  15 
46  17 
-39  -14 
-23  24 
47  6 
9  39 
57  0 
-13  20 
42  28 
10  16 
-10  55 
-1  28 
50  50 
-41  32 
3  17 
10  -4 
8  14 
-34  36 
30  -5 
15  21 
39  -19 
26  1 
9  -21 
0  -12 
-1  -5 
-36  4 
8  -1 
65  9 
-12  -49 
-18  49 
-2  -5 
1  58 
-17  24 
-26  64 
-21  -2 
47  -26 
25  -5 
-7  24 
2  15 
28  -18 
-20  -28 
31  69 
-28  -13 
25  -3 
-13  60 
-2  -6 
11  -23 
13  12 
22  -9 
15  32 
-3  57 
-1  40 
6  0 
24  -5 
2  22 
28  27 
37  0 
-41  -7 
-7  0 
60  47 
64  27 
-4  14 
-15  22 
56  19 
33  34 
-34  -54 
-40  24 
-6  27 
21  -9 
-6  20 
-4  7 
-5  26 
-29  10 
21  3 
-17  -8 
31  38 
27  6 
-30  7 
1  -1 
-3  -16 
-12  -12 
0  -6 
31  7 
4  -54 
-1  14 
-15  -26 
-27  51 
-42  -17 
-8  49 
73  18 
56  33 
23  16 
51  5 
-27  -13 
42  -26 
33  -19 
37  23 
-18  -10 
12  34 
12  24 
-13  10 
46  18 
-37  -12 
-21  23 
50  9 
9  40 
60  0 
-4  18 
48  26 
4  16 
-15  59 
-1  26 
50  51 
-41  30 
7  20 
10  -4 
5  15 
-34  39 
29  -5 
20  20 
39  -21 
25  2 
4  -22 
0  -13 
-3  -7 
-36  4 
6  -2 
64  6 
-17  -51 
-15  48 
-3  -3 
3  53 
-17  24 
-27  66 
-25  1 
46  -26 
27  -5 
-1  23 
2  15 
31  -18 
-24  -27 
30  73 
-25  -18 
23  -4 
-11  59 
-1  -7 
14  -23 
13  18 
23  -10 
13  34 
-11  58 
-2  37 
4  -3 
27  -6 
2  22 
26  26 
36  2 
-40  -8 
-7  4 
61  47 
63  26 
-3  10 
-12  22 
52  20 
29  32 
-39  -56 
-40  24 
-4  27 
16  -6 
-8  21 
-3  7 
-4  29 
-29  9 
21  3 
-18  -12 
31  38 
34  7 
-29  7 
0  -2 
-2  -17 
-13  -14 
1  -7 
28  8 
3  -53 
0  15 
-16  -30 
-25  51 
-41  -19 
-7  48 
74  24 
60  28 
21  15 
55  5 
-27  -13 
44  -24 
38  -16 
36  20 
-15  -11 
12  33 
14  25 
-7  12 
45  17 
-32  -15 
-21  22 
52  9 
13  37 
61  -1 
-9  20 
44  28 
2  11 
-16  54 
1  26 
49  52 
-47  30 
6  21 
9  -1 
5  14 
-37  37 
30  -4 
17  24 
43  -28 
29  1 
5  -23 
5  -14 
-1  -6 
-34  3 
8  1 
71  5 
-15  -51 
-13  53 
-3  -4 
0  47 
-16  24 
-26  60 
-22  3 
48  -26 
28  -8 
-2  24 
6  14 
28  -20 
-18  -25 
34  71 
-29  -20 
26  -1 
-13  55 
-3  -3 
13  -24 
11  22 
27  3 
13  32 
-9  58 
-2  37 
6  -2 
28  -9 
2  22 
24  28 
36  -2 
-41  -7 
-7  6 
58  46 
62  28 
-4  8 
-13  28 
53  21 
30  29 
-37  -50 
-40  24 
-4  27 
21  -4 
-5  25 
-5  6 
-1  28 
-30  11 
21  3 
-20  -12 
27  40 
36  6 
-27  7 
1  -1 
-3  -20 
-13  -13 
2  -11 
30  6 
5  -52 
4  17 
-18  -30 
-24  49 
-45  -18 
-7  48 
71  24 
64  30 
19  15 
58  11 
-26  -13 
43  -27 
39  -17 
36  22 
-14  -9 
10  30 
12  23 
-5  15 
44  21 
-32  -18 
-21  18 
52  9 
14  38 
59  0 
-7  18 
43  31 
0  15 
-18  54 
