Created:October-13-2022 
Coverage:26 
N:20 
NUM-IONS:104 
NSTEPS:15000 
WRITE-PERIODICITY:100 
epsilon:1.71 
41  -5 
16  3 
10  2 
58  27 
7  12 
16  39 
37  6 
21  49 
25  -14 
15  16 
8  12 
14  3 
5  -4 
35  14 
-9  -4 
14  38 
28  -4 
24  6 
-11  16 
23  3 
4  5 
2  4 
8  41 
-4  1 
-22  0 
2  26 
11  33 
-17  13 
17  -27 
-12  14 
-18  -6 
25  -2 
-10  24 
21  4 
12  2 
25  28 
11  -8 
43  6 
-9  -5 
21  48 
1  30 
23  20 
33  11 
14  -12 
36  24 
1  11 
24  4 
35  33 
-8  9 
-10  8 
0  7 
1  26 
-3  12 
27  -5 
3  7 
-3  -12 
-21  -15 
16  17 
26  8 
-7  25 
11  2 
-7  14 
41  -19 
-9  26 
28  0 
-22  -3 
6  35 
9  -12 
4  40 
-17  -2 
-24  46 
10  19 
9  -16 
0  14 
41  39 
19  -37 
5  32 
12  -25 
-15  33 
3  12 
67  -1 
-14  4 
29  -3 
-10  -25 
20  -5 
19  11 
7  27 
7  14 
-4  12 
7  6 
-16  -8 
-6  32 
20  21 
22  25 
8  -22 
-2  -8 
14  30 
22  22 
21  18 
15  -3 
10  7 
-1  6 
-1  34 
-2  -12 
41  -4 
16  4 
12  5 
58  30 
4  9 
14  38 
38  -1 
18  52 
27  -13 
16  16 
9  7 
12  7 
5  -4 
32  15 
-8  -3 
15  36 
27  -1 
27  6 
-10  21 
23  3 
6  6 
-4  -1 
4  40 
0  -1 
-21  0 
2  26 
8  36 
-17  13 
19  -29 
-11  15 
-18  -6 
26  2 
-7  25 
16  0 
13  3 
25  31 
13  -9 
43  6 
-11  -6 
23  50 
1  28 
22  17 
37  10 
10  -12 
39  22 
4  12 
22  5 
36  37 
-8  9 
-9  8 
0  7 
-2  27 
-5  13 
26  -6 
3  7 
-3  -12 
-21  -14 
20  9 
23  9 
-12  25 
10  2 
-7  14 
42  -18 
-9  26 
28  0 
-22  -3 
6  35 
9  -16 
8  41 
-17  -2 
-23  45 
11  19 
8  -16 
1  19 
41  41 
16  -39 
6  31 
11  -24 
-13  30 
4  11 
71  -5 
-16  8 
31  -3 
-12  -26 
17  -3 
18  8 
6  28 
11  12 
-5  15 
2  4 
-18  -11 
-8  30 
23  25 
22  28 
7  -24 
-4  -8 
14  31 
21  26 
22  15 
15  -3 
10  5 
-4  6 
-1  34 
-1  -8 
40  -5 
16  4 
13  4 
59  31 
4  13 
15  39 
35  -13 
13  51 
26  -14 
21  15 
7  6 
12  5 
2  -3 
31  15 
-10  0 
16  34 
25  -4 
25  6 
-10  21 
23  3 
5  3 
-5  2 
7  47 
2  -2 
-11  -5 
2  25 
7  36 
-13  19 
17  -30 
-11  14 
-17  -8 
21  1 
-12  16 
13  2 
14  3 
23  31 
14  -9 
40  0 
-10  -12 
23  50 
-2  24 
19  14 
31  12 
14  -19 
35  16 
2  16 
19  3 
34  39 
-9  9 
-10  7 
-1  6 
0  27 
-4  15 
26  -9 
3  6 
-3  -16 
-16  -14 
17  8 
22  9 
-9  24 
9  2 
-7  14 
49  -20 
-4  26 
30  -1 
-22  -1 
6  35 
5  -19 
5  39 
-17  -2 
-21  40 
8  25 
12  -16 
4  20 
39  45 
16  -39 
9  31 
9  -17 
-10  25 
4  9 
71  -3 
-18  7 
34  -2 
-12  -26 
15  -7 
18  8 
6  27 
8  18 
-4  17 
-1  2 
-19  -10 
-8  29 
23  27 
21  29 
8  -19 
-6  -8 
17  32 
23  25 
24  15 
15  -5 
9  7 
-11  8 
-2  27 
-4  -8 
42  -6 
12  0 
10  3 
58  32 
4  14 
16  36 
36  -10 
12  50 
31  -11 
19  11 
4  4 
9  7 
-2  -1 
31  17 
-14  0 
14  31 
25  -4 
23  7 
-11  23 
21  2 
5  8 
-8  2 
6  47 
1  -2 
-15  -2 
4  26 
6  34 
-12  14 
17  -30 
-10  14 
-15  -7 
21  1 
-9  19 
13  5 
10  2 
17  31 
15  -9 
43  1 
-10  -12 
24  51 
-5  21 
23  9 
31  12 
12  -17 
35  16 
4  15 
22  2 
31  38 
-10  7 
-7  3 
1  9 
0  27 
-2  17 
24  -8 
1  8 
-4  -14 
-19  -16 
17  5 
21  13 
-10  25 
10  1 
-9  15 
48  -19 
-4  21 
26  2 
-20  4 
6  35 
1  -21 
3  38 
-18  -4 
-17  43 
9  24 
11  -18 
5  21 
42  46 
17  -34 
4  30 
8  -22 
-13  23 
3  10 
69  -1 
-15  9 
37  0 
-10  -28 
15  -6 
18  8 
3  32 
9  15 
-4  12 
-5  2 
-19  -10 
-14  26 
23  26 
22  29 
9  -12 
-9  -7 
17  28 
22  25 
23  11 
17  -7 
7  7 
-14  13 
-1  26 
-3  -8 
42  -6 
10  -1 
7  3 
59  32 
3  13 
15  36 
35  -8 
12  49 
31  -13 
17  10 
7  1 
7  5 
1  3 
31  18 
-15  0 
12  35 
25  -4 
24  5 
-13  19 
19  3 
5  9 
-7  5 
6  47 
-2  -3 
-17  -2 
2  27 
7  36 
-12  14 
16  -28 
-11  15 
-20  -5 
16  -3 
-12  16 
9  8 
15  2 
15  33 
11  -12 
46  0 
-11  -9 
30  45 
-4  20 
23  7 
31  12 
12  -17 
34  18 
4  12 
22  5 
27  38 
-3  5 
-7  4 
-1  11 
-2  27 
-4  24 
23  -8 
0  9 
-2  -14 
-24  -14 
18  -1 
22  11 
-6  23 
9  2 
-9  16 
45  -17 
-5  25 
27  0 
-18  6 
6  34 
1  -22 
-1  40 
-17  -11 
-18  42 
3  23 
10  -16 
3  20 
43  46 
19  -34 
7  27 
9  -24 
-11  23 
4  10 
68  1 
-16  8 
37  1 
-10  -28 
14  -12 
20  7 
6  30 
11  15 
-3  12 
1  1 
-19  -10 
-16  24 
19  25 
22  29 
10  -12 
-8  -10 
17  28 
17  31 
27  10 
18  -8 
5  6 
-7  14 
-1  28 
-3  -7 
39  -6 
8  -4 
13  2 
57  37 
4  15 
15  33 
31  -7 
10  48 
28  -17 
16  12 
5  -2 
13  6 
0  3 
29  20 
-20  0 
13  34 
25  -4 
24  4 
-14  21 
17  6 
1  8 
-11  5 
5  46 
-5  -3 
-17  -2 
3  26 
7  39 
-12  14 
17  -27 
-11  14 
-19  -4 
17  -2 
-15  21 
9  8 
15  -2 
14  39 
17  -10 
46  0 
-8  -10 
31  48 
-4  24 
27  7 
31  16 
10  -19 
35  22 
4  16 
24  2 
27  40 
-3  5 
-6  3 
-2  7 
-2  26 
-6  21 
24  -8 
5  8 
-1  -12 
-21  -13 
16  6 
23  12 
-4  21 
9  4 
-9  17 
45  -17 
-6  31 
28  1 
-18  6 
1  38 
-2  -19 
-1  43 
-18  -11 
-19  41 
3  21 
7  -14 
5  19 
43  47 
22  -38 
6  28 
12  -25 
-16  26 
4  11 
68  0 
-15  9 
35  -4 
-7  -29 
10  -13 
19  6 
6  31 
10  17 
-3  12 
1  -5 
-22  -12 
-21  25 
20  27 
21  29 
7  -10 
-9  -8 
17  28 
13  30 
29  11 
16  -3 
2  5 
-11  15 
0  29 
-5  -5 
38  -8 
6  -5 
13  4 
52  35 
4  15 
17  34 
31  -8 
10  47 
23  -20 
21  10 
6  5 
13  5 
2  3 
25  19 
-22  4 
12  33 
25  -2 
24  4 
-13  19 
11  7 
1  8 
-11  5 
6  48 
-2  -3 
-18  -3 
5  26 
9  39 
-11  12 
16  -25 
-11  15 
-20  -6 
15  -4 
-13  20 
8  18 
16  1 
13  34 
19  -9 
43  1 
-7  -9 
28  42 
-4  24 
26  4 
31  17 
10  -18 
38  23 
5  16 
19  6 
28  41 
-5  3 
-8  9 
-4  6 
0  27 
-1  20 
28  -15 
3  6 
-9  -16 
-17  -11 
18  7 
16  14 
0  21 
9  3 
-9  18 
49  -16 
-4  32 
34  3 
-20  6 
1  40 
-1  -19 
0  43 
-19  -14 
-20  39 
3  18 
7  -14 
4  20 
45  49 
28  -40 
6  26 
11  -25 
-16  25 
3  12 
64  -1 
-14  11 
31  -4 
-8  -28 
11  -12 
13  7 
8  34 
12  18 
3  11 
1  -1 
-23  -10 
-23  26 
23  23 
23  30 
9  -9 
-10  -8 
17  25 
14  31 
29  8 
14  -2 
3  7 
-11  14 
1  32 
-5  -7 
34  -10 
4  -4 
12  5 
51  35 
3  18 
17  32 
35  -8 
15  43 
25  -22 
23  9 
5  6 
11  -2 
2  3 
25  19 
-23  -3 
12  29 
24  -1 
23  5 
-12  20 
13  4 
-3  10 
-9  9 
6  46 
-2  -3 
-20  -5 
7  26 
7  41 
-12  12 
16  -23 
-11  15 
-25  -9 
14  -3 
-16  24 
9  18 
18  -2 
13  34 
19  -9 
37  5 
-6  -9 
29  44 
-4  24 
25  4 
30  21 
7  -20 
35  22 
5  16 
21  6 
29  42 
-3  4 
-8  7 
-5  5 
-1  26 
-6  19 
31  -12 
3  7 
-7  -15 
-13  -10 
18  11 
16  21 
-1  14 
10  2 
-9  17 
52  -16 
-8  30 
30  5 
-18  5 
6  42 
0  -21 
-1  43 
-18  -18 
-19  39 
2  18 
4  -11 
1  21 
45  49 
22  -39 
6  25 
10  -23 
-14  28 
2  14 
68  1 
-13  7 
30  -5 
-11  -19 
11  -14 
13  7 
8  34 
7  16 
3  12 
1  -2 
-24  -9 
-22  26 
17  28 
21  30 
8  -22 
-9  -8 
18  20 
20  26 
28  8 
16  -8 
4  6 
-11  16 
4  31 
-2  -8 
31  -11 
4  -5 
10  7 
51  36 
5  18 
14  32 
35  -9 
13  43 
26  -24 
21  9 
-1  6 
11  -2 
4  6 
26  27 
-26  -1 
9  28 
29  2 
18  6 
-13  19 
9  4 
-4  10 
-6  10 
5  46 
-3  -4 
-24  -8 
3  26 
7  40 
-14  15 
14  -23 
-9  11 
-25  -5 
9  0 
-16  24 
8  16 
19  -6 
16  37 
15  -4 
36  4 
-5  -7 
26  45 
-3  25 
28  8 
28  25 
9  -21 
35  22 
4  16 
20  4 
26  46 
-4  1 
-7  6 
-9  6 
-3  28 
1  19 
32  -15 
2  5 
-13  -14 
-10  -8 
23  9 
16  20 
-3  12 
10  2 
-13  13 
51  -18 
-10  28 
29  5 
-20  6 
8  40 
1  -19 
6  48 
-19  -17 
-22  41 
3  17 
7  -13 
-1  21 
41  48 
14  -37 
8  21 
12  -23 
-21  25 
2  14 
73  4 
-17  7 
31  -3 
-14  -19 
12  -11 
12  7 
8  38 
7  23 
6  11 
1  -2 
-24  -9 
-24  26 
18  27 
18  32 
9  -22 
-9  -8 
13  25 
19  27 
30  6 
23  -7 
0  7 
-12  17 
2  31 
-1  -9 
31  -12 
4  -5 
9  4 
49  35 
1  21 
14  35 
38  -8 
15  42 
28  -23 
19  5 
2  3 
12  -5 
6  6 
27  23 
-24  -3 
10  29 
30  2 
15  5 
-17  21 
10  8 
1  16 
-3  10 
2  47 
-5  -5 
-23  -7 
4  24 
6  41 
-14  11 
16  -14 
-9  13 
-25  -4 
5  -2 
-16  26 
11  15 
23  -2 
19  42 
18  -3 
37  0 
-5  -7 
32  45 
-3  24 
28  8 
29  23 
11  -23 
31  22 
5  17 
16  2 
26  48 
-3  6 
-7  10 
-10  7 
-4  27 
1  20 
34  -19 
-4  4 
-13  -13 
-9  -2 
21  9 
14  18 
0  9 
10  1 
-11  11 
48  -20 
-8  30 
30  5 
-18  5 
8  38 
-1  -17 
5  49 
-23  -18 
-21  41 
6  15 
4  -13 
-4  21 
39  52 
14  -37 
7  20 
15  -21 
-20  27 
2  22 
73  4 
-19  3 
29  -1 
-12  -19 
12  -11 
12  7 
7  38 
11  26 
2  14 
-3  1 
-23  -12 
-22  26 
19  26 
17  37 
9  -22 
-9  -8 
9  22 
21  30 
29  5 
26  -6 
-1  7 
-14  18 
4  30 
-1  -9 
32  -10 
4  -5 
10  6 
48  34 
-3  17 
16  36 
37  -8 
17  44 
27  -21 
20  6 
-6  3 
11  -5 
6  8 
28  21 
-27  -5 
9  28 
31  5 
15  5 
-15  23 
6  10 
-1  14 
-3  8 
1  48 
-4  -8 
-21  -8 
4  24 
5  39 
-13  12 
20  -13 
-8  9 
-24  1 
7  -2 
-18  25 
9  20 
21  -2 
15  42 
18  -4 
37  -4 
-4  -5 
28  45 
-4  20 
29  5 
29  24 
9  -22 
27  23 
-4  14 
16  4 
23  47 
-4  3 
-5  11 
-4  11 
-4  26 
2  17 
32  -18 
-2  4 
-16  -12 
-8  -3 
21  11 
16  17 
-4  7 
10  2 
-9  9 
46  -23 
-10  27 
34  8 
-17  3 
8  40 
-2  -21 
5  48 
-23  -15 
-19  41 
8  18 
1  -14 
-5  21 
47  61 
13  -38 
3  19 
15  -22 
-19  23 
-1  24 
75  -3 
-18  2 
29  -1 
-19  -20 
10  -12 
11  4 
11  38 
6  26 
5  11 
0  0 
-25  -12 
-22  26 
19  25 
16  42 
7  -13 
-6  -9 
9  23 
25  29 
25  6 
29  -5 
4  12 
-19  19 
6  31 
-1  -9 
37  -12 
8  -4 
11  2 
49  35 
-4  14 
13  34 
44  -8 
20  40 
27  -21 
16  4 
-7  3 
12  -5 
6  8 
31  18 
-26  -2 
7  30 
32  2 
17  3 
-10  29 
11  9 
2  9 
1  8 
1  50 
3  -9 
-21  -9 
2  25 
7  38 
-12  12 
21  -14 
-4  10 
-26  3 
5  -2 
-18  26 
10  21 
23  0 
16  41 
15  -7 
40  -5 
-4  -8 
28  45 
-6  17 
30  8 
32  24 
11  -25 
29  24 
-5  16 
17  2 
22  43 
0  -2 
-3  10 
-8  10 
-1  27 
-1  14 
30  -18 
-2  -1 
-16  -16 
-6  -1 
22  7 
19  12 
-2  4 
10  -1 
-13  3 
48  -22 
-12  24 
32  6 
-17  3 
5  39 
-4  -24 
3  50 
-23  -15 
-20  39 
8  21 
0  -15 
-7  25 
45  61 
10  -34 
3  18 
16  -23 
-20  24 
5  28 
75  -5 
-16  -1 
32  3 
-19  -22 
5  -9 
15  8 
9  42 
3  26 
4  8 
-3  0 
-22  -13 
-20  27 
19  25 
16  40 
5  -14 
-5  -9 
6  26 
25  29 
24  7 
31  -3 
3  12 
-21  23 
6  31 
10  -13 
37  -12 
11  -1 
10  1 
49  36 
-5  15 
14  30 
45  -4 
23  40 
27  -21 
15  5 
-7  3 
12  -5 
6  8 
27  20 
-24  -3 
9  27 
34  3 
14  1 
-10  28 
13  11 
3  7 
2  8 
2  49 
-1  -9 
-16  -5 
-2  26 
8  41 
-7  12 
24  -13 
-1  14 
-24  3 
5  -2 
-17  26 
10  22 
18  0 
15  42 
15  -7 
42  -4 
-4  -10 
33  47 
-5  16 
30  5 
31  27 
8  -26 
28  22 
-4  15 
20  -1 
22  42 
0  -5 
-4  13 
-5  11 
0  27 
1  15 
31  -20 
-4  4 
-19  -14 
-6  -2 
22  6 
21  10 
-1  5 
11  6 
-15  1 
47  -22 
-13  26 
33  10 
-16  4 
9  40 
-3  -29 
1  51 
-24  -15 
-19  38 
9  23 
1  -16 
-7  20 
45  60 
10  -33 
1  21 
15  -23 
-17  23 
5  31 
78  -3 
-17  1 
32  5 
-17  -22 
4  -9 
16  6 
8  40 
-1  23 
2  7 
-3  1 
-23  -15 
-22  27 
22  25 
17  40 
5  -14 
-4  -8 
6  27 
25  29 
24  8 
31  -5 
3  12 
-20  20 
8  33 
6  -16 
37  -12 
11  -5 
10  1 
49  34 
-5  11 
11  38 
49  -4 
27  39 
28  -24 
15  5 
-7  4 
8  0 
6  4 
21  21 
-26  -5 
8  25 
31  2 
16  -3 
-10  26 
9  8 
0  8 
4  13 
-1  51 
-1  -12 
-18  -6 
-2  26 
10  43 
-8  9 
23  -14 
1  15 
-20  1 
5  -2 
-18  29 
14  23 
13  -1 
15  42 
16  -5 
44  -1 
-6  -9 
33  45 
-13  18 
27  2 
31  33 
11  -28 
29  22 
-1  14 
14  -2 
19  46 
3  -2 
-4  14 
-8  10 
-3  30 
1  16 
28  -22 
-2  0 
-15  -12 
-4  -4 
22  6 
21  8 
0  7 
16  6 
-14  1 
48  -26 
-8  24 
30  9 
-17  5 
9  44 
-2  -28 
4  50 
-23  -16 
-20  39 
13  21 
4  -16 
-15  17 
45  61 
10  -32 
-1  23 
11  -17 
-14  26 
8  32 
75  -5 
-17  1 
33  7 
-12  -19 
3  -10 
17  5 
7  40 
3  23 
7  7 
-2  -4 
-23  -19 
-21  25 
22  27 
12  40 
8  -13 
-3  -7 
6  25 
25  29 
27  6 
29  -2 
4  12 
-25  16 
11  27 
10  -15 
38  -13 
12  -3 
10  1 
47  38 
-6  7 
11  35 
48  -3 
29  39 
30  -21 
15  5 
-7  1 
11  -1 
6  6 
22  23 
-25  -4 
8  18 
30  3 
19  -8 
-10  24 
11  7 
-1  5 
-4  12 
-3  53 
0  -13 
-19  -10 
-3  24 
9  46 
-11  4 
22  -15 
0  15 
-26  3 
4  -1 
-18  27 
10  22 
14  -4 
14  41 
15  -6 
40  3 
-6  -8 
33  45 
-12  16 
27  0 
36  35 
9  -29 
26  20 
-1  14 
16  1 
19  46 
5  -3 
-6  11 
-9  13 
1  32 
3  18 
26  -25 
3  1 
-16  -16 
-5  -9 
24  7 
22  9 
-6  10 
16  4 
-15  2 
49  -25 
-10  25 
38  6 
-21  8 
11  38 
-5  -30 
3  52 
-24  -14 
-19  41 
9  23 
2  -14 
-15  18 
44  60 
13  -33 
3  26 
9  -22 
-14  27 
12  29 
77  -2 
-13  -5 
30  8 
-15  -19 
3  -7 
23  3 
7  39 
-1  22 
6  8 
-5  -1 
-20  -20 
-23  28 
25  26 
15  42 
10  -13 
-2  -8 
3  29 
25  29 
22  4 
29  -4 
3  10 
-24  16 
9  28 
12  -18 
43  -13 
16  -3 
14  2 
51  37 
-8  2 
11  35 
49  -2 
21  39 
32  -20 
15  5 
-3  5 
15  2 
6  6 
27  25 
-28  -3 
12  15 
32  10 
22  -6 
-11  19 
10  7 
-1  5 
4  15 
-1  51 
-3  -12 
-19  -10 
-5  23 
11  49 
-11  2 
20  -13 
-1  14 
-27  4 
3  -8 
-18  28 
10  22 
17  -7 
21  41 
15  -4 
45  -4 
-4  -8 
37  41 
-1  20 
20  0 
35  31 
13  -29 
23  23 
-3  12 
17  3 
19  43 
4  -4 
-6  12 
-12  14 
2  29 
3  18 
26  -25 
-4  1 
-14  -13 
-6  -10 
22  6 
21  8 
-13  10 
18  6 
-15  -2 
51  -28 
-10  21 
36  6 
-21  7 
9  35 
-6  -29 
4  51 
-24  -13 
-23  38 
9  24 
4  -12 
-18  20 
45  62 
12  -31 
1  26 
7  -21 
-14  24 
7  32 
76  -6 
-17  -10 
33  5 
-11  -20 
4  -7 
22  3 
8  41 
-5  21 
7  7 
-2  -1 
-19  -22 
-24  29 
25  26 
14  38 
12  -14 
-3  -3 
6  31 
23  25 
24  7 
28  -1 
5  9 
-20  21 
8  25 
14  -17 
44  -13 
15  -4 
13  4 
51  38 
-8  3 
11  36 
45  3 
21  41 
35  -25 
15  5 
-2  7 
17  5 
7  6 
23  26 
-33  -3 
14  15 
32  9 
24  -9 
-12  20 
8  5 
-1  6 
0  14 
-1  48 
-3  -12 
-19  -9 
-7  23 
11  46 
-12  -2 
18  -14 
-1  14 
-29  4 
2  -6 
-18  31 
9  24 
18  -8 
22  42 
18  -1 
45  -4 
-2  -3 
35  42 
-1  23 
28  -3 
33  32 
13  -30 
23  21 
1  10 
16  4 
20  44 
2  -4 
-7  14 
-13  10 
4  33 
2  17 
23  -22 
-6  -1 
-14  -13 
-3  -7 
26  4 
21  8 
-15  11 
18  8 
-16  0 
53  -29 
-10  22 
38  4 
-17  7 
11  35 
-6  -29 
1  52 
-28  -10 
-26  38 
10  25 
6  -14 
-17  23 
45  58 
11  -28 
0  27 
8  -24 
-12  24 
9  31 
74  -8 
-17  -8 
26  5 
-12  -17 
4  -5 
22  6 
0  41 
-4  21 
7  7 
-7  5 
-24  -28 
-26  28 
22  27 
20  35 
10  -13 
-5  -9 
2  25 
28  21 
23  10 
27  -4 
5  9 
-19  18 
8  22 
9  -12 
44  -13 
16  -5 
8  8 
51  38 
-9  2 
16  40 
48  1 
22  41 
36  -23 
15  5 
-1  6 
19  7 
6  8 
19  25 
-30  -3 
14  18 
30  5 
24  -8 
-16  20 
11  6 
1  3 
0  14 
0  47 
0  -17 
-23  -7 
-5  22 
13  47 
-19  1 
17  -16 
1  12 
-28  3 
2  -6 
-12  32 
8  24 
15  -4 
22  46 
18  0 
45  -4 
-5  -2 
37  40 
-1  23 
27  -1 
32  29 
13  -28 
19  20 
1  10 
16  3 
20  44 
2  -3 
-9  16 
-12  9 
3  32 
4  15 
23  -22 
-4  1 
-14  -13 
-2  -3 
26  6 
21  8 
-18  9 
18  7 
-15  1 
59  -29 
-10  21 
35  1 
-15  6 
10  39 
-5  -27 
2  51 
-26  -9 
-25  35 
9  28 
7  -14 
-17  27 
48  58 
17  -30 
-1  30 
8  -23 
-11  23 
16  32 
73  -9 
-17  -10 
27  7 
-10  -16 
4  -4 
24  4 
-3  42 
1  19 
10  7 
-8  10 
-25  -23 
-24  26 
23  23 
16  34 
10  -12 
-5  -6 
2  25 
27  18 
24  5 
28  0 
4  11 
-19  18 
6  18 
12  -20 
42  -15 
13  -6 
9  2 
60  40 
-11  3 
14  43 
51  -4 
27  41 
38  -23 
15  5 
-3  0 
19  5 
6  7 
21  26 
-32  -6 
16  16 
33  4 
24  -10 
-16  19 
7  7 
-1  3 
-4  12 
1  50 
1  -16 
-23  -6 
-9  18 
11  46 
-17  1 
17  -15 
1  11 
-26  5 
-3  -7 
-14  34 
13  23 
15  -2 
20  47 
20  1 
46  -5 
-3  -3 
39  44 
-4  21 
31  -1 
31  27 
14  -29 
16  19 
2  9 
18  4 
22  46 
3  0 
-11  15 
-13  8 
3  32 
4  15 
25  -22 
-9  2 
-14  -14 
-4  -5 
25  6 
18  8 
-22  12 
17  10 
-12  -2 
57  -28 
-12  21 
36  3 
-14  8 
5  39 
-5  -27 
4  47 
-24  -14 
-25  36 
12  29 
7  -14 
-17  27 
51  57 
12  -30 
-2  27 
9  -24 
-13  20 
16  34 
72  -5 
-20  -11 
28  5 
-12  -20 
5  -4 
24  5 
-4  44 
1  18 
10  8 
-11  7 
-24  -23 
-21  31 
21  22 
15  35 
13  -9 
-5  -6 
0  23 
29  30 
23  6 
30  -1 
7  12 
-17  23 
8  16 
12  -16 
46  -16 
18  -1 
10  -1 
55  41 
-12  8 
13  45 
52  -5 
28  40 
37  -22 
15  5 
0  -1 
23  10 
6  8 
21  21 
-31  -5 
15  17 
29  4 
25  -14 
-19  19 
7  6 
0  4 
-3  13 
2  50 
4  -16 
-20  -5 
-12  22 
12  45 
-14  0 
17  -19 
-1  11 
-28  9 
-2  -7 
-15  36 
9  19 
14  -2 
24  48 
16  1 
47  -6 
-4  -3 
41  46 
-2  24 
27  -2 
32  27 
13  -29 
16  19 
4  6 
12  4 
23  47 
4  0 
-9  16 
-10  8 
5  31 
8  17 
27  -20 
-10  1 
-14  -14 
-2  -3 
30  5 
17  8 
-17  12 
17  10 
-9  -2 
59  -28 
-15  19 
37  4 
-15  9 
8  38 
-4  -26 
2  43 
-22  -13 
-25  36 
15  31 
9  -15 
-19  28 
48  56 
14  -30 
2  29 
10  -28 
-16  21 
15  33 
71  -8 
-20  -14 
31  4 
-12  -19 
4  -7 
19  3 
-4  46 
1  18 
10  7 
-14  11 
-25  -18 
-22  26 
19  26 
16  36 
14  -12 
-3  -4 
2  25 
27  30 
21  11 
31  -3 
4  12 
-17  26 
9  20 
11  -12 
47  -13 
20  7 
18  4 
57  42 
-9  6 
17  45 
48  -2 
26  40 
37  -23 
15  5 
-6  -2 
26  11 
1  10 
24  20 
-32  -6 
15  21 
29  2 
25  -14 
-20  23 
7  6 
2  2 
2  11 
-1  50 
4  -13 
-21  -6 
-13  19 
13  45 
-12  1 
21  -11 
-2  14 
-29  17 
-2  -8 
-16  35 
14  19 
15  -3 
22  48 
16  1 
51  -1 
-2  -3 
38  47 
-4  24 
27  -2 
29  28 
17  -30 
14  21 
5  3 
10  8 
22  46 
5  1 
-8  15 
-10  5 
4  32 
7  16 
27  -23 
-10  2 
-14  -12 
-4  0 
36  3 
16  7 
-14  15 
13  10 
-9  -2 
61  -32 
-15  16 
39  3 
-15  9 
8  37 
2  -23 
3  43 
-24  -14 
-27  34 
11  32 
11  -18 
-18  29 
52  60 
17  -28 
2  23 
6  -26 
-15  18 
15  34 
69  -9 
-20  -14 
27  1 
-14  -14 
10  -8 
21  3 
-1  46 
4  19 
15  11 
-17  12 
-23  -20 
-23  28 
19  27 
21  38 
9  -17 
-4  -6 
3  27 
28  36 
22  14 
25  -1 
0  12 
-18  25 
7  20 
19  -9 
45  -11 
19  5 
18  -1 
57  33 
-10  7 
16  46 
48  -2 
21  38 
35  -24 
13  5 
-6  -2 
26  11 
1  10 
18  20 
-32  -3 
15  25 
28  1 
27  -13 
-23  20 
3  0 
2  3 
5  13 
-3  48 
2  -14 
-21  -6 
-13  20 
14  52 
-11  4 
19  -10 
-4  10 
-31  16 
-4  -8 
-17  34 
11  18 
15  -7 
22  44 
16  0 
48  0 
-4  -3 
35  42 
-2  21 
27  -1 
29  28 
14  -32 
14  23 
3  4 
12  6 
23  47 
7  1 
-10  17 
-6  1 
3  33 
8  14 
31  -24 
-10  5 
-17  -8 
0  1 
29  0 
20  6 
-14  15 
17  10 
-10  -1 
61  -32 
-16  15 
41  1 
-15  11 
9  34 
1  -24 
4  43 
-24  -13 
-25  41 
11  32 
10  -18 
-18  29 
49  55 
18  -28 
1  26 
9  -29 
-16  20 
14  31 
66  -6 
-20  -11 
25  2 
-14  -12 
11  -5 
19  3 
-2  48 
4  16 
12  9 
-18  11 
-27  -17 
-21  26 
19  28 
22  40 
10  -19 
-3  -8 
3  23 
25  38 
21  12 
22  2 
2  14 
-13  26 
5  21 
19  -9 
44  -14 
24  -1 
17  4 
55  37 
-6  3 
19  45 
49  -2 
15  42 
35  -25 
8  5 
-8  0 
26  11 
3  10 
21  18 
-34  -6 
15  25 
26  5 
30  -13 
-22  26 
3  -2 
2  5 
5  11 
-5  50 
7  -20 
-21  -9 
-12  20 
14  52 
-11  5 
17  -10 
-8  10 
-31  21 
-3  -7 
-17  29 
11  17 
15  -7 
25  49 
16  1 
51  -1 
-4  -3 
36  44 
-8  16 
28  1 
33  25 
12  -34 
13  22 
4  4 
6  4 
22  46 
9  4 
-10  17 
-9  -2 
3  33 
6  18 
31  -24 
-8  3 
-18  -11 
-7  4 
29  -5 
22  7 
-14  15 
13  7 
-13  -2 
66  -34 
-15  15 
40  1 
-17  12 
10  36 
1  -25 
0  43 
-24  -15 
-20  39 
7  37 
14  -18 
-16  25 
47  51 
20  -30 
3  25 
7  -28 
-15  18 
16  30 
66  -10 
-22  -8 
24  0 
-13  -14 
12  -5 
19  3 
1  49 
7  16 
14  9 
-16  13 
-30  -15 
-22  27 
19  27 
27  41 
10  -18 
-3  -8 
2  22 
27  39 
19  14 
29  3 
3  15 
-14  28 
5  21 
18  -11 
45  -14 
28  -4 
18  6 
54  38 
-7  5 
22  44 
49  -1 
15  42 
38  -23 
13  2 
-4  -4 
27  10 
2  6 
19  22 
-34  -6 
15  25 
26  5 
26  -14 
-18  23 
3  -2 
3  6 
2  9 
-8  46 
8  -20 
-21  -9 
-12  21 
16  57 
-10  5 
17  -10 
-11  7 
-32  22 
-8  -10 
-17  29 
11  16 
14  -3 
25  49 
16  4 
52  -3 
-5  -1 
34  47 
-4  14 
29  2 
34  31 
9  -32 
13  30 
4  4 
6  4 
23  43 
12  9 
-9  11 
-11  0 
6  31 
8  25 
29  -24 
-6  -1 
-22  -8 
-8  2 
31  -5 
25  3 
-14  15 
14  10 
-9  -2 
65  -32 
-15  18 
36  2 
-18  16 
10  37 
0  -21 
2  45 
-23  -15 
-18  42 
10  42 
20  -20 
-22  20 
45  59 
21  -31 
-1  23 
7  -28 
-16  15 
11  32 
60  -8 
-19  -12 
25  1 
-13  -13 
15  -9 
16  1 
-1  45 
7  14 
19  8 
-15  16 
-31  -16 
-22  28 
20  26 
27  39 
11  -18 
-4  -8 
-2  27 
27  41 
19  14 
29  3 
5  7 
-14  28 
5  22 
14  -12 
45  -14 
26  -5 
18  7 
57  37 
-5  1 
19  41 
48  -2 
15  42 
35  -25 
12  -3 
1  -10 
23  11 
2  6 
16  21 
-38  -6 
15  25 
26  7 
27  -14 
-24  22 
11  -4 
2  2 
-4  10 
-10  48 
11  -22 
-24  -9 
-13  18 
18  57 
-11  4 
12  -11 
-9  6 
-30  24 
-7  -13 
-16  32 
11  15 
12  -5 
23  47 
19  5 
49  -4 
-8  -2 
30  47 
-5  13 
26  1 
34  31 
9  -32 
13  31 
4  6 
5  3 
24  44 
9  5 
-11  11 
-9  -1 
5  33 
7  27 
27  -29 
-1  -6 
-23  -7 
-6  8 
26  -6 
25  1 
-19  11 
12  13 
-10  1 
62  -35 
-14  20 
37  1 
-21  11 
9  39 
3  -22 
2  49 
-22  -14 
-18  44 
9  43 
16  -17 
-24  24 
48  57 
23  -30 
-2  21 
11  -32 
-16  15 
10  32 
60  -11 
-19  -12 
25  -2 
-6  -10 
15  -9 
14  -2 
1  46 
3  12 
18  8 
-15  16 
-34  -14 
-23  28 
20  27 
28  36 
14  -19 
-4  -8 
-3  25 
27  40 
20  15 
31  5 
2  7 
-14  28 
6  19 
16  -14 
44  -16 
24  -5 
20  6 
55  36 
-4  1 
19  41 
45  0 
15  41 
34  -23 
11  -2 
2  -9 
26  11 
2  6 
14  18 
-42  -10 
15  25 
26  7 
27  -13 
-23  28 
11  -3 
3  0 
-3  10 
-7  45 
10  -21 
-25  -5 
-8  13 
18  57 
-9  6 
13  -11 
-7  2 
-24  27 
-4  -14 
-16  27 
11  16 
12  -5 
18  44 
22  7 
46  -5 
2  1 
30  48 
-4  15 
29  -5 
35  33 
8  -29 
12  30 
3  3 
8  1 
27  43 
9  2 
-19  13 
-8  3 
4  32 
6  26 
27  -30 
-2  -8 
-24  -8 
-8  9 
28  -8 
25  -2 
-19  9 
11  12 
-9  2 
62  -35 
-14  19 
41  3 
-21  11 
6  42 
6  -19 
4  45 
-21  -12 
-16  46 
10  47 
14  -17 
-19  20 
51  55 
23  -28 
-2  26 
9  -32 
-19  10 
10  34 
62  -11 
-20  -13 
29  7 
-12  -6 
15  -9 
16  -4 
-1  46 
2  14 
18  7 
-15  17 
-35  -14 
-25  30 
19  25 
30  42 
17  -20 
-6  -9 
-5  19 
28  40 
25  21 
30  5 
3  6 
-15  28 
10  21 
17  -18 
41  -16 
22  2 
21  6 
54  35 
-4  1 
18  41 
43  3 
16  44 
35  -25 
11  -3 
2  -4 
21  9 
-1  1 
15  17 
-40  -5 
18  24 
26  7 
26  -14 
-18  27 
8  0 
0  0 
-2  8 
-8  44 
16  -21 
-26  -1 
-9  11 
14  57 
-6  3 
13  -15 
-11  2 
-24  26 
-3  -12 
-20  23 
7  17 
9  -4 
21  38 
25  9 
46  -6 
-1  4 
32  46 
-4  15 
29  -10 
35  33 
10  -34 
12  29 
7  4 
6  1 
27  47 
7  -2 
-14  11 
-7  4 
4  32 
6  28 
28  -36 
-3  -8 
-23  -10 
-9  6 
26  -5 
25  -1 
-16  11 
8  16 
-11  5 
60  -36 
-16  20 
43  5 
-19  5 
10  42 
8  -19 
-1  43 
-22  -14 
-16  45 
9  48 
9  -16 
-20  19 
51  55 
22  -26 
-3  27 
10  -31 
-17  12 
8  34 
61  -12 
-18  -14 
28  3 
-11  -6 
14  -9 
19  -9 
-1  45 
2  10 
19  13 
-16  17 
-37  -13 
-26  32 
19  26 
29  43 
16  -28 
-2  -13 
-3  18 
29  38 
27  19 
37  0 
4  8 
-18  25 
11  22 
17  -15 
42  -11 
20  0 
21  6 
54  37 
-3  0 
17  42 
41  -1 
16  40 
34  -21 
10  -3 
0  -6 
18  12 
-1  6 
8  19 
-41  0 
16  24 
24  4 
25  -14 
-19  28 
10  1 
-1  1 
-2  8 
-10  42 
14  -25 
-26  -2 
-8  10 
15  57 
-11  2 
16  -11 
-8  2 
-24  23 
-1  -9 
-18  23 
8  20 
8  -6 
22  37 
23  7 
47  -2 
-4  1 
28  45 
-4  12 
30  -5 
36  39 
9  -37 
16  27 
1  3 
5  -1 
27  40 
11  -2 
-14  6 
-8  9 
5  33 
6  28 
27  -34 
-1  -6 
-26  -12 
-6  3 
24  -9 
24  -1 
-17  10 
9  18 
-8  0 
59  -38 
-17  20 
39  5 
-18  2 
15  41 
8  -23 
-3  38 
-22  -13 
-18  44 
12  45 
10  -11 
-19  21 
53  55 
22  -26 
-5  25 
12  -34 
-16  12 
9  35 
58  -14 
-13  -13 
28  1 
-7  -10 
13  -13 
17  -8 
0  47 
6  11 
21  11 
-17  18 
-38  -13 
-23  30 
16  26 
31  46 
17  -27 
0  -14 
-5  15 
25  43 
25  22 
35  2 
1  9 
-17  23 
13  25 
18  -16 
42  -11 
20  1 
21  9 
55  33 
-8  5 
15  39 
41  -2 
18  46 
35  -24 
7  1 
0  -1 
21  11 
-4  8 
8  18 
-48  4 
12  26 
23  3 
25  -12 
-17  26 
12  0 
-4  1 
-2  7 
-10  42 
18  -27 
-24  -3 
-8  9 
19  60 
-12  5 
16  -9 
-6  -2 
-19  23 
3  -9 
-18  27 
5  21 
5  -4 
24  35 
27  6 
47  -2 
-3  -2 
26  48 
-2  12 
32  -3 
33  39 
10  -33 
16  26 
2  3 
4  -4 
28  41 
12  -5 
-13  7 
-10  8 
4  33 
11  28 
23  -33 
-1  -6 
-26  -12 
-9  4 
25  -7 
21  1 
-15  9 
7  20 
-8  3 
66  -38 
-15  23 
39  6 
-18  2 
14  41 
9  -25 
-4  44 
-21  -13 
-25  42 
9  47 
10  -14 
-23  23 
51  57 
22  -26 
-3  25 
18  -40 
-17  12 
8  36 
60  -13 
-11  -12 
31  2 
-3  -8 
13  -13 
17  -7 
1  48 
6  11 
23  5 
-17  18 
-39  -16 
-26  32 
17  30 
33  51 
15  -25 
-1  -17 
-2  17 
29  40 
24  24 
34  3 
2  16 
-20  26 
14  26 
21  -14 
39  -8 
23  1 
21  10 
55  33 
-9  -2 
14  39 
39  0 
21  51 
35  -23 
8  1 
-8  2 
19  9 
-8  10 
8  16 
-47  5 
9  22 
23  3 
23  -15 
-17  26 
20  -1 
-4  -1 
-3  6 
-10  45 
15  -26 
-25  -4 
-8  9 
12  60 
-7  7 
21  -12 
-6  -2 
-18  22 
-6  -12 
-19  29 
5  18 
7  -8 
24  35 
26  6 
48  -2 
-4  -3 
22  46 
3  10 
32  -3 
37  38 
10  -33 
18  32 
3  7 
4  -4 
30  41 
11  -4 
-14  8 
-8  6 
4  32 
12  24 
20  -34 
-1  -6 
-28  -13 
-7  4 
22  -6 
21  1 
-15  6 
7  23 
-10  2 
65  -39 
-16  24 
39  6 
-21  3 
18  39 
11  -33 
-4  46 
-21  -15 
-26  43 
9  48 
9  -17 
-24  24 
51  57 
23  -31 
-2  27 
23  -40 
-17  13 
11  35 
57  -12 
-12  -8 
27  0 
-4  -5 
9  -9 
16  -8 
-3  52 
3  12 
24  5 
-19  18 
-40  -17 
-26  31 
17  30 
35  51 
17  -27 
-4  -19 
-4  16 
27  38 
22  25 
37  5 
1  15 
-21  28 
11  24 
20  -13 
42  -8 
20  -1 
21  10 
55  35 
-9  -2 
14  38 
43  1 
23  47 
38  -20 
10  2 
-4  1 
20  7 
-7  11 
7  18 
-47  7 
5  21 
26  0 
24  -16 
-16  28 
18  -4 
1  -1 
-3  8 
-11  44 
16  -24 
-23  -7 
-8  10 
10  65 
-10  8 
21  -12 
-5  -3 
-18  22 
-1  -12 
-19  29 
9  22 
6  -9 
24  35 
27  6 
53  5 
-1  -7 
20  43 
2  11 
31  -4 
38  37 
11  -35 
24  33 
3  6 
5  -4 
30  44 
11  -8 
-14  7 
-11  8 
3  29 
19  27 
22  -37 
0  -6 
-24  -13 
-7  6 
22  -6 
17  -3 
-14  6 
4  27 
-8  4 
64  -41 
-18  26 
39  5 
-21  2 
18  44 
10  -33 
-2  47 
-20  -14 
-31  43 
12  49 
9  -15 
-21  23 
48  54 
25  -32 
-3  26 
27  -40 
-10  12 
12  35 
54  -12 
-12  -15 
29  -5 
-4  -8 
16  -10 
17  -8 
-2  52 
3  12 
22  9 
-21  20 
-37  -17 
-23  30 
13  30 
34  51 
21  -28 
0  -20 
-6  16 
24  40 
16  23 
37  1 
4  12 
-22  28 
14  23 
22  -13 
42  -6 
25  1 
21  10 
62  36 
-6  -2 
15  37 
48  -4 
24  48 
46  -19 
12  9 
0  1 
20  7 
-9  12 
12  20 
-51  8 
2  17 
27  -2 
22  -14 
-15  29 
17  -7 
1  -1 
-3  10 
-11  40 
15  -25 
-19  -8 
-8  10 
14  70 
-12  8 
21  -14 
-3  -1 
-18  22 
0  -12 
-19  29 
8  14 
6  -5 
25  36 
29  3 
50  2 
1  -2 
19  43 
2  9 
31  -3 
38  37 
11  -38 
24  31 
1  4 
5  -7 
28  41 
11  -9 
-14  7 
-11  7 
6  32 
19  26 
17  -35 
4  0 
-26  -12 
-4  6 
27  -8 
15  -4 
-15  6 
3  27 
-4  10 
69  -41 
-16  26 
38  7 
-18  1 
17  41 
10  -31 
-1  47 
-21  -15 
-33  40 
10  47 
13  -19 
-24  21 
52  55 
21  -32 
-4  27 
28  -42 
-12  9 
11  35 
50  -12 
-11  -16 
31  -1 
-3  -8 
14  -9 
19  -6 
-4  52 
6  11 
24  12 
-26  19 
-37  -17 
-21  31 
13  32 
33  51 
23  -28 
-5  -15 
-4  15 
28  40 
21  21 
36  -3 
8  12 
-23  28 
13  23 
20  -14 
45  -7 
23  0 
22  9 
59  34 
-2  -1 
14  37 
53  -1 
25  49 
41  -22 
9  5 
-2  0 
18  4 
-12  14 
18  21 
-48  7 
2  16 
27  0 
21  -14 
-17  34 
19  -9 
-4  1 
-3  13 
-8  40 
16  -25 
-19  -9 
-9  11 
13  72 
-6  8 
23  -15 
-1  1 
-21  25 
-3  -15 
-19  28 
11  15 
8  -4 
25  40 
29  11 
51  -2 
2  6 
20  41 
1  9 
30  -6 
34  38 
15  -38 
24  28 
-1  2 
4  -8 
29  43 
11  -8 
-13  6 
-10  5 
4  36 
17  27 
17  -36 
3  -2 
-29  -18 
-2  7 
26  -5 
16  -3 
-15  6 
1  24 
3  10 
67  -46 
-18  22 
37  3 
-16  4 
16  44 
11  -33 
-3  48 
-21  -14 
-33  39 
10  47 
14  -17 
-30  22 
52  55 
23  -34 
-4  26 
28  -39 
-15  2 
11  37 
50  -12 
-10  -19 
31  -4 
-4  -6 
14  -9 
18  -8 
-3  52 
1  10 
28  12 
-28  22 
-37  -13 
-14  30 
16  32 
33  54 
23  -28 
-5  -15 
-4  22 
27  38 
20  19 
35  -4 
10  15 
-22  26 
9  14 
31  -11 
45  -7 
25  1 
22  5 
60  34 
-2  0 
18  33 
55  -1 
23  46 
38  -24 
12  2 
-1  0 
19  3 
-12  14 
28  21 
-47  7 
1  16 
30  2 
24  -15 
-16  34 
21  -11 
-6  -3 
-6  12 
-6  38 
15  -24 
-17  -10 
-9  12 
16  70 
-10  8 
24  -16 
1  -2 
-18  26 
-2  -12 
-19  30 
7  16 
6  4 
27  39 
23  12 
51  -5 
2  2 
16  40 
2  11 
29  -10 
36  37 
20  -36 
28  32 
-3  7 
7  -10 
26  41 
11  -3 
-13  6 
-10  5 
5  36 
19  26 
18  -34 
3  -2 
-29  -18 
-3  8 
26  -5 
15  -7 
-13  7 
3  27 
-1  14 
68  -44 
-19  22 
37  1 
-21  1 
16  41 
18  -39 
-1  45 
-22  -13 
-32  38 
11  46 
12  -11 
-28  23 
52  55 
21  -34 
-4  26 
28  -40 
-13  0 
11  33 
48  -13 
-10  -19 
29  -5 
-5  -3 
17  -10 
19  -9 
-2  52 
4  12 
22  9 
-26  23 
-41  -12 
-20  26 
13  25 
33  56 
22  -26 
-3  -18 
-9  24 
23  43 
23  13 
35  -2 
10  15 
-21  27 
8  9 
32  -10 
43  -8 
30  1 
24  4 
63  37 
1  1 
19  32 
57  2 
26  48 
40  -19 
11  8 
0  -1 
22  0 
-12  16 
27  20 
-47  7 
0  15 
33  4 
23  -13 
-19  36 
21  -12 
-2  -3 
-5  12 
-5  36 
12  -25 
-15  -9 
-9  13 
15  71 
-10  5 
25  -14 
1  -2 
-18  27 
-2  -13 
-18  31 
11  17 
6  6 
27  38 
16  12 
48  0 
2  2 
15  42 
8  11 
32  -15 
36  35 
23  -35 
29  24 
-1  6 
10  -13 
25  38 
9  0 
-15  9 
-12  -3 
4  35 
16  25 
17  -33 
2  -4 
-34  -20 
-2  8 
26  -5 
15  -7 
-13  7 
2  29 
-4  14 
65  -44 
-17  23 
38  -1 
-17  0 
15  41 
16  -43 
1  46 
-20  -14 
-35  41 
12  49 
9  -13 
-29  22 
50  59 
20  -33 
0  29 
25  -40 
-13  1 
14  38 
50  -12 
-7  -15 
34  -8 
-6  -5 
17  -10 
13  -6 
-6  50 
4  12 
19  7 
-24  21 
-43  -8 
-20  24 
14  19 
34  51 
22  -26 
-4  -16 
-10  22 
22  45 
26  14 
35  -3 
8  14 
-19  30 
11  12 
37  -12 
44  -6 
29  3 
22  4 
65  41 
2  6 
16  35 
53  4 
25  49 
37  -18 
10  5 
1  -2 
27  3 
-12  14 
31  18 
-57  6 
-4  16 
33  2 
24  -12 
-18  37 
21  -9 
-2  -3 
-6  11 
-4  37 
12  -25 
-14  -8 
-9  11 
16  71 
-14  6 
26  -12 
8  -1 
-21  23 
-1  -9 
-17  32 
11  17 
7  6 
28  36 
18  11 
47  1 
3  4 
14  43 
7  7 
34  -13 
36  41 
21  -35 
28  22 
-4  6 
10  -13 
27  38 
8  -2 
-12  10 
-16  -4 
4  35 
16  24 
18  -34 
1  1 
-35  -20 
-3  8 
27  -5 
15  -7 
-16  7 
1  28 
-1  14 
63  -47 
-17  27 
37  5 
-13  0 
13  45 
15  -44 
-1  45 
-22  -12 
-29  42 
12  50 
8  -12 
-30  21 
46  55 
18  -33 
-1  27 
16  -37 
-12  0 
13  34 
52  -11 
-11  -16 
36  -8 
-3  -3 
14  -10 
14  -5 
-10  52 
1  10 
19  6 
-22  21 
-43  -5 
-18  23 
14  18 
33  50 
23  -26 
-1  -19 
-4  29 
23  50 
29  15 
35  -5 
11  15 
-16  32 
12  13 
37  -13 
42  -6 
26  0 
21  1 
64  39 
4  6 
15  33 
54  3 
25  46 
35  -21 
7  4 
-4  1 
27  -5 
-12  11 
31  17 
-57  5 
-5  15 
35  2 
24  -16 
-15  36 
22  -11 
-2  -3 
-5  12 
-5  34 
15  -24 
-18  -9 
-9  12 
17  72 
-14  8 
27  -14 
5  1 
-21  23 
0  -5 
-17  33 
8  18 
10  8 
31  35 
19  14 
44  0 
2  6 
14  41 
10  9 
34  -12 
39  40 
22  -36 
30  25 
-3  5 
11  -13 
27  38 
10  -4 
-10  7 
-13  1 
4  36 
15  25 
18  -33 
5  3 
-39  -25 
-1  10 
28  -6 
18  -8 
-10  6 
3  27 
0  14 
66  -49 
-19  26 
36  4 
-13  0 
9  51 
13  -46 
0  43 
-20  -12 
-30  42 
14  50 
8  -4 
-32  25 
46  55 
15  -32 
0  27 
17  -43 
-13  7 
12  35 
53  -15 
-15  -8 
37  -10 
-2  1 
12  -10 
17  3 
-12  55 
4  8 
19  5 
-19  23 
-41  -9 
-17  23 
14  19 
34  51 
24  -27 
-9  -22 
-1  26 
20  52 
29  15 
37  -7 
11  16 
-17  34 
11  11 
39  -12 
42  -6 
25  1 
22  2 
64  40 
3  10 
15  33 
54  3 
25  46 
36  -23 
6  4 
-10  5 
28  -4 
-12  18 
31  17 
-58  6 
-5  15 
35  -2 
22  -11 
-11  40 
21  -8 
-2  -3 
-2  12 
1  30 
12  -25 
-18  -9 
-6  18 
17  73 
-13  7 
27  -10 
5  -1 
-19  24 
0  -5 
-17  32 
9  23 
9  5 
29  36 
19  14 
45  3 
2  5 
10  48 
11  8 
39  -8 
39  43 
21  -39 
30  27 
-6  11 
11  -14 
28  42 
9  2 
-8  6 
-12  1 
5  36 
16  27 
17  -34 
7  0 
-42  -24 
-2  6 
27  -6 
24  -8 
-11  8 
-3  23 
0  19 
66  -45 
-19  26 
36  4 
-10  2 
6  52 
11  -45 
4  44 
-19  -12 
-25  41 
13  52 
10  -3 
-33  24 
46  54 
17  -28 
0  26 
15  -44 
-14  6 
11  36 
53  -15 
-15  -7 
37  -10 
-4  1 
12  -10 
17  5 
-13  59 
3  7 
17  0 
-23  18 
-44  -4 
-24  19 
14  26 
31  51 
23  -34 
-10  -21 
0  27 
26  51 
28  14 
39  -9 
12  23 
-16  36 
16  11 
35  -9 
44  -7 
24  4 
19  5 
63  38 
3  10 
16  33 
59  1 
27  46 
42  -23 
6  0 
-14  6 
30  -1 
-11  18 
29  20 
-56  10 
-6  15 
34  -1 
23  -8 
-12  40 
19  -9 
-4  -4 
-3  13 
-3  28 
10  -28 
-19  -10 
-2  17 
17  72 
-14  8 
25  -9 
3  -1 
-18  24 
0  -6 
-22  32 
10  25 
12  10 
30  41 
20  15 
42  2 
4  6 
8  51 
14  11 
42  -11 
36  41 
21  -39 
31  22 
-4  12 
12  -12 
30  49 
10  2 
-8  6 
-13  -1 
5  36 
17  26 
18  -34 
9  4 
-47  -21 
-4  4 
28  -6 
24  -8 
-12  9 
-4  23 
-3  21 
68  -43 
-19  26 
45  1 
-12  5 
11  49 
8  -42 
2  45 
-18  -14 
-31  43 
11  51 
9  -6 
-31  28 
47  58 
16  -29 
-5  25 
12  -45 
-15  9 
11  35 
54  -19 
-16  -5 
37  -10 
-4  6 
13  -9 
18  7 
-13  60 
3  5 
15  1 
-25  18 
-45  -1 
-29  16 
15  33 
31  52 
22  -33 
-12  -19 
0  21 
25  53 
27  12 
38  -12 
13  22 
-19  35 
14  12 
34  -12 
47  -7 
25  9 
22  6 
63  38 
3  12 
16  39 
62  5 
32  47 
44  -20 
7  -2 
-16  6 
35  2 
-15  21 
28  15 
-57  10 
-8  21 
35  -4 
24  -7 
-8  37 
24  -8 
-5  -3 
-4  11 
-2  27 
10  -28 
-18  -6 
-5  13 
17  72 
-14  6 
26  -9 
6  1 
-17  26 
1  -5 
-21  34 
10  25 
14  11 
30  49 
18  16 
42  2 
-1  5 
7  46 
12  10 
42  -11 
39  43 
21  -42 
33  22 
-5  10 
7  -9 
29  51 
10  1 
-10  7 
-15  -2 
5  36 
17  25 
17  -34 
10  -1 
-50  -27 
-4  3 
31  -7 
21  -10 
-12  4 
0  20 
-4  21 
67  -44 
-19  27 
45  -1 
-7  5 
6  48 
8  -47 
1  46 
-16  -13 
-29  42 
11  52 
9  -6 
-33  27 
47  59 
16  -32 
-5  25 
8  -42 
-17  7 
10  35 
53  -11 
-18  -3 
37  -10 
-4  6 
15  -2 
24  5 
-11  64 
-3  2 
16  4 
-22  17 
-46  -2 
-31  16 
18  32 
34  52 
20  -33 
-12  -18 
-4  20 
26  55 
28  12 
37  -13 
10  28 
-16  34 
14  8 
35  -9 
51  -1 
26  8 
20  3 
63  38 
5  9 
16  37 
62  5 
29  45 
49  -17 
7  0 
-13  1 
34  3 
-16  22 
26  15 
-60  9 
-8  22 
35  -6 
24  -8 
-9  36 
23  -10 
-4  -4 
-8  10 
-2  27 
10  -25 
-19  -2 
-5  16 
16  74 
-15  1 
23  -15 
8  1 
-20  26 
-5  -3 
-20  35 
13  24 
16  7 
25  51 
15  15 
37  -1 
-1  6 
10  44 
15  10 
41  -10 
42  43 
18  -43 
32  24 
-7  6 
5  -14 
29  48 
10  2 
-14  4 
-15  -4 
4  35 
15  22 
21  -34 
7  -4 
-49  -26 
-4  4 
26  -8 
16  -8 
-13  7 
2  22 
-8  23 
67  -41 
-14  27 
43  0 
-10  7 
6  46 
11  -49 
-1  47 
-17  -14 
-28  47 
11  52 
9  -5 
-31  24 
40  61 
16  -34 
-5  25 
9  -40 
-18  6 
12  35 
57  -10 
-19  -4 
38  -8 
-3  5 
14  -2 
24  4 
-12  65 
1  1 
17  2 
-29  18 
-46  -5 
-30  13 
19  31 
35  53 
19  -35 
-16  -20 
-3  24 
24  56 
19  14 
37  -12 
10  28 
-17  37 
17  6 
36  -9 
48  -2 
26  8 
25  2 
63  38 
5  9 
15  36 
63  3 
28  44 
47  -20 
4  0 
-15  1 
33  3 
-19  23 
30  15 
-63  12 
-10  21 
34  -2 
24  -8 
-8  35 
26  -9 
-3  -7 
-6  11 
0  27 
9  -25 
-18  2 
-4  14 
16  72 
-19  0 
23  -14 
9  -1 
-19  24 
-5  -5 
-21  34 
9  24 
18  6 
22  49 
15  13 
38  -3 
0  6 
12  49 
16  4 
42  -6 
41  41 
15  -46 
28  26 
-1  1 
7  -14 
30  43 
9  0 
-9  6 
-8  -1 
5  36 
20  19 
24  -35 
11  -5 
-49  -24 
-4  1 
23  -10 
14  -10 
-18  6 
-1  23 
-9  22 
70  -38 
-11  22 
37  2 
-9  8 
6  46 
10  -53 
-3  48 
-17  -8 
-24  46 
8  54 
11  -8 
-33  27 
41  59 
16  -40 
-5  25 
8  -40 
-17  7 
11  38 
57  -10 
-19  -2 
39  -9 
-2  7 
15  -3 
21  10 
-10  68 
-5  2 
18  1 
-32  16 
-44  -3 
-31  14 
15  31 
34  55 
21  -32 
-13  -19 
-3  25 
27  59 
19  13 
41  -11 
12  30 
-19  35 
17  0 
33  -4 
48  -4 
26  8 
27  0 
61  35 
5  9 
17  41 
63  3 
31  42 
48  -20 
5  0 
-10  2 
33  4 
-25  21 
30  15 
-60  14 
-8  24 
35  -2 
21  -12 
-8  35 
23  -6 
-3  -8 
-11  15 
-1  25 
7  -22 
-18  2 
-5  13 
15  75 
-21  3 
20  -13 
7  -4 
-16  24 
-4  -3 
-21  34 
12  26 
17  8 
18  46 
14  15 
38  -3 
0  6 
12  49 
16  1 
42  -6 
39  41 
10  -48 
31  24 
3  0 
5  -14 
26  51 
7  -1 
-11  3 
-8  3 
1  39 
24  19 
22  -35 
11  -5 
-49  -22 
-3  -2 
28  -10 
16  -8 
-23  5 
0  23 
-10  21 
69  -35 
-11  20 
33  -1 
-11  4 
7  47 
13  -55 
-3  53 
-15  -7 
-24  46 
6  55 
12  -7 
-34  26 
39  62 
10  -43 
1  23 
8  -39 
-17  6 
9  42 
57  -10 
-19  -2 
38  -8 
-1  6 
15  -4 
22  10 
-11  67 
-6  3 
15  2 
-32  18 
-42  -6 
-33  15 
12  27 
33  55 
20  -31 
-12  -16 
-2  24 
26  60 
22  9 
44  -5 
14  32 
-19  36 
21  1 
29  -2 
51  -3 
28  8 
25  3 
60  35 
3  5 
15  42 
71  2 
33  44 
48  -24 
5  -2 
-12  -2 
33  5 
-23  20 
31  14 
-61  14 
-11  27 
40  4 
21  -12 
-9  38 
24  -10 
-7  -9 
-10  15 
-2  26 
7  -21 
-18  3 
-2  17 
15  75 
-17  6 
19  -14 
6  -5 
-13  26 
-4  -3 
-17  29 
12  30 
17  5 
18  47 
16  15 
37  1 
2  6 
11  51 
19  3 
42  -6 
37  42 
11  -44 
30  23 
4  0 
9  -12 
26  51 
3  0 
-11  4 
-6  3 
1  40 
25  21 
26  -32 
9  -5 
-48  -23 
2  2 
29  -17 
14  -9 
-24  4 
0  27 
-10  22 
65  -32 
-11  20 
35  1 
-14  6 
7  47 
12  -58 
-3  53 
-21  -9 
-24  46 
6  54 
11  -5 
-34  24 
41  59 
10  -43 
5  26 
7  -42 
-17  7 
10  39 
56  -8 
-27  -1 
38  -8 
-5  5 
16  3 
23  10 
-7  67 
-7  2 
20  1 
-32  17 
-45  -7 
-29  12 
12  27 
32  55 
21  -30 
-10  -15 
-2  19 
23  61 
21  9 
41  -9 
13  34 
-19  35 
21  1 
34  -2 
51  -4 
29  8 
24  4 
59  34 
6  6 
15  42 
70  3 
30  47 
48  -23 
6  0 
-13  0 
30  4 
-21  22 
29  21 
-57  12 
-10  34 
43  7 
26  -12 
-9  38 
22  -11 
-7  -10 
-10  17 
-1  27 
7  -21 
-14  2 
-4  24 
15  75 
-18  4 
23  -14 
8  -6 
-14  24 
-7  4 
-21  25 
8  24 
17  8 
10  46 
13  12 
36  6 
1  8 
11  53 
14  9 
42  -6 
38  37 
11  -43 
33  25 
5  0 
12  -10 
26  51 
5  1 
-11  3 
-6  -1 
-3  41 
25  19 
26  -35 
6  -5 
-48  -20 
4  -1 
24  -20 
17  -7 
-24  3 
-3  30 
-10  21 
66  -33 
-13  23 
30  2 
-15  6 
7  47 
14  -57 
-4  57 
-20  -6 
-21  46 
5  56 
11  -5 
-32  21 
40  60 
5  -42 
2  25 
8  -40 
-16  6 
11  32 
58  -8 
-32  -2 
36  -8 
-5  5 
18  6 
19  11 
-8  67 
-9  6 
19  3 
-33  18 
-39  -11 
-26  11 
10  25 
32  55 
21  -30 
-8  -14 
-6  18 
23  60 
25  13 
43  -7 
13  34 
-17  38 
16  2 
35  -7 
49  -6 
33  0 
22  5 
59  34 
5  9 
13  43 
70  6 
29  48 
47  -22 
5  0 
-13  -1 
29  3 
-22  19 
28  19 
-56  11 
-9  38 
42  7 
22  -16 
-11  35 
22  -11 
-6  -9 
-17  18 
-1  25 
8  -16 
-17  3 
-3  25 
16  74 
-22  1 
22  -14 
8  -6 
-13  27 
-10  -1 
-19  23 
13  24 
18  6 
8  47 
14  12 
38  7 
5  8 
12  50 
16  4 
36  -8 
36  41 
8  -44 
32  24 
8  -2 
17  -8 
29  45 
5  -4 
-10  2 
-6  -3 
-4  43 
25  21 
32  -37 
7  -10 
-45  -19 
0  -2 
25  -22 
18  -8 
-26  -1 
-3  30 
-12  20 
63  -33 
-14  23 
29  4 
-16  5 
5  46 
11  -56 
-4  57 
-20  -6 
-19  46 
4  55 
11  -7 
-34  20 
41  55 
7  -39 
0  21 
10  -39 
-19  12 
11  34 
56  -10 
-32  1 
35  -7 
-5  5 
19  6 
18  10 
-9  62 
-9  11 
19  3 
-33  16 
-40  -13 
-26  10 
12  35 
31  57 
23  -30 
-6  -17 
-11  19 
24  60 
23  14 
47  -7 
19  33 
-20  40 
9  2 
37  -7 
50  -8 
35  -3 
18  7 
59  34 
0  13 
9  48 
72  9 
28  51 
49  -22 
4  0 
-12  -2 
30  5 
-19  21 
27  19 
-54  11 
-10  41 
43  7 
18  -14 
-10  35 
22  -11 
-5  -9 
-14  20 
-1  25 
9  -16 
-19  4 
-2  24 
14  78 
-23  2 
25  -11 
11  -5 
-12  25 
-9  -3 
-17  26 
10  28 
15  5 
6  42 
14  11 
39  6 
7  6 
14  52 
15  2 
34  -10 
37  41 
13  -38 
34  23 
8  0 
16  -8 
30  47 
7  -8 
-8  10 
-5  -4 
-4  44 
28  22 
32  -37 
3  -10 
-49  -22 
-4  0 
25  -22 
22  -6 
-24  1 
3  31 
-14  19 
61  -34 
-12  21 
26  1 
-17  3 
7  47 
13  -55 
-5  55 
-19  -8 
-18  43 
8  56 
12  -7 
-36  15 
38  57 
2  -38 
-7  19 
11  -38 
-19  10 
6  35 
53  -9 
-29  3 
35  -7 
-4  7 
19  8 
20  14 
-10  62 
-9  11 
18  0 
-32  13 
-40  -13 
-29  12 
12  35 
31  56 
24  -28 
-4  -17 
-10  16 
18  59 
23  12 
45  -4 
19  31 
-21  43 
9  3 
37  -7 
47  -13 
37  -3 
19  11 
59  34 
3  14 
10  48 
72  5 
29  51 
45  -22 
3  0 
-11  -5 
30  4 
-20  18 
28  21 
-54  11 
-12  40 
42  5 
19  -12 
-17  33 
21  -9 
-8  -9 
-15  21 
-2  28 
9  -16 
-21  5 
-6  21 
13  74 
-25  2 
25  -12 
11  -4 
-8  29 
-9  -5 
-16  25 
11  26 
17  3 
4  44 
12  10 
38  6 
10  5 
12  53 
14  3 
33  -8 
41  38 
13  -36 
31  22 
8  -4 
17  -12 
33  45 
9  -12 
-14  7 
-6  -5 
-3  42 
29  23 
35  -28 
8  -6 
-49  -22 
1  6 
32  -17 
22  -6 
-18  2 
4  27 
-17  18 
63  -30 
-12  18 
26  0 
-21  6 
5  46 
11  -52 
-2  52 
-16  -10 
-17  43 
8  52 
10  -5 
-36  15 
38  57 
0  -34 
-5  15 
10  -38 
-17  12 
8  33 
50  -13 
-24  7 
35  -7 
-4  6 
23  6 
24  12 
-12  63 
-5  11 
16  0 
-34  15 
-40  -13 
-29  12 
12  35 
31  57 
24  -29 
-2  -16 
-10  17 
16  64 
26  8 
47  -2 
17  33 
-22  39 
7  4 
37  -10 
44  -15 
35  -7 
20  6 
59  31 
5  13 
12  49 
74  1 
31  46 
45  -20 
1  4 
-11  -5 
30  5 
-17  17 
29  23 
-59  10 
-10  41 
43  5 
16  -14 
-17  32 
23  -13 
-7  -9 
-16  16 
-4  27 
12  -15 
-26  2 
-7  19 
12  73 
-21  3 
23  -7 
11  -3 
-8  30 
-7  -5 
-16  24 
13  25 
17  8 
5  46 
15  14 
41  8 
6  4 
12  55 
17  1 
38  -3 
41  38 
14  -43 
32  22 
9  -4 
18  -14 
30  48 
11  -13 
-14  8 
-5  -5 
0  40 
27  27 
39  -28 
7  -10 
-52  -20 
3  6 
35  -18 
22  -6 
-18  5 
5  29 
-17  18 
62  -34 
-15  21 
28  1 
-22  7 
-4  42 
14  -57 
-3  53 
-16  -8 
-17  43 
6  51 
9  -9 
-36  15 
36  57 
-1  -35 
-4  16 
11  -42 
-17  15 
7  36 
50  -13 
-23  5 
35  -4 
-4  4 
21  6 
22  7 
-14  66 
-6  10 
19  0 
-34  15 
-37  -10 
-34  14 
18  41 
31  55 
22  -31 
-4  -19 
-12  18 
18  60 
24  7 
47  0 
18  32 
-19  41 
12  4 
36  -8 
44  -16 
35  -5 
21  1 
52  30 
4  15 
12  49 
81  -2 
32  46 
45  -22 
2  2 
-9  -1 
33  5 
-19  10 
28  21 
-56  12 
-10  41 
46  6 
16  -14 
-17  27 
26  -12 
-6  -13 
-20  15 
2  26 
12  -13 
-25  2 
-12  18 
14  70 
-17  3 
25  -4 
7  -4 
-6  31 
-3  -3 
-17  24 
10  28 
22  9 
9  42 
18  17 
41  8 
5  3 
12  55 
20  1 
37  -2 
39  41 
9  -37 
34  21 
11  -9 
19  -12 
31  42 
9  -13 
-13  7 
-4  -6 
-2  40 
27  26 
36  -28 
10  -13 
-57  -21 
4  11 
32  -20 
23  -8 
-15  6 
5  28 
-17  18 
64  -33 
-15  21 
29  0 
-21  6 
-5  45 
9  -56 
1  52 
-11  -12 
-21  43 
8  50 
11  -8 
-36  16 
33  51 
-2  -32 
-3  15 
7  -42 
-21  14 
7  40 
50  -18 
-25  -1 
34  -2 
-4  4 
21  6 
23  6 
-14  67 
-9  7 
15  1 
-34  15 
-37  -10 
-31  11 
22  37 
30  59 
19  -28 
-3  -16 
-12  16 
11  55 
22  5 
43  1 
17  33 
-24  41 
8  4 
35  -9 
42  -13 
37  0 
13  5 
56  30 
6  14 
14  51 
80  -1 
28  50 
45  -22 
-1  2 
-10  -3 
33  4 
-17  11 
26  21 
-54  11 
-8  42 
42  5 
18  -12 
-18  24 
26  -13 
-9  -15 
-19  12 
-4  26 
11  -14 
-27  1 
-11  17 
16  76 
-14  6 
25  -4 
8  -2 
-3  30 
-9  -4 
-16  24 
14  28 
21  6 
7  40 
16  17 
39  11 
3  1 
12  55 
14  -1 
34  -2 
41  41 
11  -38 
34  23 
11  -7 
19  -10 
28  45 
10  -13 
-13  5 
-5  -5 
-4  44 
27  27 
37  -27 
10  -8 
-55  -19 
-1  8 
31  -23 
23  -7 
-17  6 
2  23 
-17  17 
62  -38 
-24  21 
27  -2 
-21  5 
-5  45 
3  -60 
1  55 
-8  -15 
-18  36 
15  42 
11  -5 
-35  13 
31  52 
-1  -34 
-7  16 
10  -35 
-25  18 
8  40 
50  -16 
-21  3 
34  -3 
0  -2 
18  7 
25  9 
-15  66 
-12  2 
17  1 
-34  15 
-39  -10 
-30  9 
21  38 
29  55 
18  -29 
-2  -16 
-12  14 
11  58 
22  6 
49  -1 
17  32 
-23  42 
6  4 
33  -6 
42  -18 
37  4 
9  8 
56  32 
8  14 
18  50 
80  7 
26  55 
51  -25 
-5  2 
-9  -1 
33  1 
-19  10 
29  20 
-54  11 
-10  46 
38  4 
18  -14 
-26  19 
23  -13 
-8  -21 
-22  14 
-4  26 
9  -10 
-22  1 
-12  16 
14  75 
-16  5 
25  -2 
5  0 
-3  30 
-10  -8 
-16  24 
12  30 
23  6 
5  43 
15  16 
39  10 
7  3 
11  52 
17  -7 
34  -3 
41  41 
10  -32 
36  22 
11  -3 
14  -12 
29  43 
10  -13 
-10  2 
-4  -3 
-6  43 
25  26 
34  -28 
11  -4 
-53  -20 
2  9 
31  -16 
25  -9 
-17  3 
1  23 
-15  16 
62  -34 
-20  21 
27  -1 
-22  7 
-5  45 
0  -65 
-1  54 
-8  -11 
-24  41 
15  41 
7  -2 
-37  10 
36  50 
-1  -35 
-8  20 
10  -31 
-25  15 
3  38 
48  -20 
-19  -2 
34  -2 
-5  3 
17  8 
25  9 
-16  68 
-11  5 
24  0 
-36  15 
-36  -10 
-25  11 
26  41 
32  57 
17  -28 
-3  -15 
-6  11 
8  61 
19  7 
49  -1 
18  32 
-24  45 
5  1 
38  -3 
40  -16 
41  -1 
12  2 
58  27 
11  15 
19  47 
82  9 
28  54 
55  -25 
-3  2 
-8  -1 
31  2 
-19  8 
29  20 
-56  12 
-10  45 
37  6 
21  -11 
-21  14 
24  -7 
-15  -19 
-22  20 
2  24 
6  -5 
-21  3 
-13  16 
14  72 
-18  2 
25  -2 
0  -5 
-11  35 
-8  -5 
-19  26 
8  28 
18  12 
8  40 
14  18 
39  8 
10  -1 
11  52 
15  -3 
36  -6 
39  42 
10  -33 
36  24 
16  -3 
18  -12 
29  45 
10  -12 
-10  1 
-3  0 
-7  47 
28  22 
34  -32 
10  -6 
-52  -21 
2  5 
34  -19 
23  -9 
-17  3 
0  25 
-15  16 
65  -32 
-19  21 
27  -2 
-21  11 
-5  45 
2  -66 
-3  52 
-2  -14 
-26  43 
9  38 
11  -4 
-37  12 
31  51 
0  -33 
-12  18 
12  -36 
-25  13 
0  34 
44  -21 
-17  -2 
38  1 
-5  2 
17  8 
22  11 
-16  66 
-7  5 
21  -2 
-36  15 
-35  -9 
-23  10 
20  37 
31  57 
17  -27 
-4  -14 
-5  12 
10  62 
19  6 
51  -2 
16  32 
-19  50 
4  1 
38  -3 
34  -22 
41  -1 
16  4 
59  25 
12  17 
18  48 
81  12 
30  55 
61  -22 
-4  5 
-5  -5 
28  5 
-19  8 
28  21 
-58  14 
-10  47 
38  7 
21  -10 
-17  14 
24  -5 
-17  -19 
-25  19 
2  22 
6  -5 
-19  3 
-13  20 
12  70 
-18  6 
24  -1 
3  -2 
-12  34 
-9  -4 
-17  26 
13  23 
19  13 
7  38 
16  15 
37  10 
8  -4 
10  54 
15  -2 
37  -7 
40  43 
6  -34 
36  20 
12  -5 
20  -13 
30  48 
13  -18 
-10  2 
-4  3 
-7  45 
32  23 
31  -34 
8  -8 
-51  -18 
4  4 
36  -18 
23  -8 
-17  3 
2  25 
-15  16 
63  -36 
-19  21 
25  1 
-21  7 
-5  45 
4  -68 
1  49 
-3  -14 
-26  41 
9  39 
11  -3 
-37  10 
29  51 
1  -34 
-13  19 
10  -36 
-26  15 
0  34 
44  -20 
-15  -1 
39  3 
-4  1 
16  7 
26  8 
-16  65 
-11  3 
19  2 
-38  17 
-35  -9 
-23  8 
19  40 
29  55 
15  -24 
-5  -10 
-7  11 
6  67 
19  6 
51  -2 
17  32 
-17  51 
5  -2 
38  -3 
36  -25 
42  -3 
14  3 
59  26 
11  16 
16  47 
78  12 
32  60 
60  -23 
-5  5 
-5  -6 
30  5 
-18  6 
30  27 
-56  13 
-9  48 
36  6 
23  -10 
-17  13 
25  -5 
-16  -21 
-23  22 
1  26 
6  -6 
-18  4 
-9  18 
13  70 
-19  8 
27  0 
3  -1 
-15  38 
-8  -5 
-18  25 
8  24 
21  10 
7  38 
15  16 
37  10 
10  -5 
12  53 
15  -5 
37  -8 
43  46 
5  -34 
36  17 
9  -5 
19  -15 
31  51 
11  -18 
-10  2 
-2  4 
-8  45 
32  24 
29  -31 
7  -8 
-52  -12 
4  4 
40  -21 
24  -10 
-19  3 
6  27 
-12  16 
62  -38 
-22  19 
21  1 
-22  7 
-3  45 
4  -69 
-3  48 
-7  -15 
-23  43 
8  41 
8  -6 
-34  11 
32  43 
3  -33 
-11  22 
7  -41 
-22  21 
-2  35 
43  -19 
-11  4 
36  1 
0  4 
15  12 
27  7 
-20  63 
-7  4 
16  4 
-34  21 
-35  0 
-20  7 
25  39 
31  57 
16  -28 
-1  -9 
-4  10 
8  63 
19  1 
51  -5 
19  34 
-11  48 
8  -2 
35  -7 
35  -27 
42  -3 
12  2 
61  26 
11  12 
16  47 
79  12 
33  66 
58  -23 
-4  4 
-8  -14 
26  7 
-16  4 
33  25 
-59  12 
-8  50 
36  6 
22  -6 
-17  12 
19  1 
-17  -17 
-25  25 
-1  26 
5  -2 
-16  8 
-12  20 
12  73 
-16  12 
28  -2 
1  -2 
-14  40 
-4  -5 
-19  24 
9  24 
22  8 
9  40 
20  13 
39  11 
8  -6 
13  51 
11  -5 
36  -3 
45  49 
5  -34 
34  18 
14  -9 
23  -14 
30  52 
14  -17 
-11  5 
2  5 
-8  49 
32  25 
28  -32 
12  -5 
-54  -14 
4  -1 
35  -18 
23  -10 
-22  6 
6  28 
-11  15 
62  -34 
-27  19 
19  0 
-22  12 
-2  48 
6  -69 
-3  44 
-9  -17 
-24  41 
7  43 
8  -3 
-33  12 
29  48 
2  -33 
-9  22 
10  -38 
-25  19 
0  34 
41  -21 
-13  7 
36  5 
2  4 
20  7 
27  6 
-22  61 
-7  7 
13  2 
-34  19 
-35  0 
-23  8 
25  41 
31  58 
22  -31 
1  -12 
-3  10 
10  64 
21  1 
51  -4 
19  34 
-9  46 
3  -2 
33  -10 
35  -27 
45  -4 
15  -5 
62  25 
8  15 
16  46 
74  12 
33  65 
57  -23 
0  3 
-9  -14 
26  8 
-15  1 
30  27 
-57  10 
-12  50 
37  0 
20  -5 
-20  12 
16  4 
-17  -17 
-23  26 
-1  26 
7  -2 
-13  6 
-15  18 
14  69 
-18  14 
27  1 
-2  1 
-16  40 
-6  -2 
-18  22 
8  28 
23  7 
9  43 
18  12 
39  11 
11  -5 
16  52 
9  -3 
35  -4 
45  49 
4  -35 
33  20 
11  -8 
21  -14 
31  54 
14  -17 
-11  10 
0  1 
-8  49 
30  25 
28  -35 
10  -3 
-57  -16 
3  1 
36  -19 
21  -10 
-22  6 
6  27 
-12  14 
60  -36 
-27  24 
26  0 
-28  13 
1  48 
2  -71 
-2  37 
-11  -16 
-23  45 
5  42 
9  -6 
-37  12 
29  48 
0  -33 
-10  22 
10  -39 
-25  19 
-1  32 
41  -25 
-12  9 
33  2 
4  4 
21  3 
27  7 
-21  63 
-9  8 
16  2 
-32  18 
-37  -2 
-21  7 
27  39 
28  61 
17  -28 
3  -14 
-3  13 
9  71 
18  -1 
51  -2 
16  35 
-8  44 
1  -2 
32  -10 
36  -25 
44  -7 
16  -3 
61  23 
8  16 
16  46 
77  10 
29  64 
58  -23 
1  6 
-11  -15 
28  4 
-10  1 
32  30 
-59  10 
-17  49 
37  2 
19  -6 
-17  14 
17  5 
-24  -18 
-22  27 
-1  27 
9  0 
-17  6 
-15  21 
14  71 
-18  14 
27  -1 
1  -3 
-19  41 
-5  2 
-24  21 
11  31 
22  4 
7  40 
22  9 
40  7 
10  -6 
20  54 
9  2 
37  -8 
45  49 
5  -32 
37  26 
11  -14 
20  -15 
32  57 
14  -17 
-16  12 
-4  3 
-7  51 
30  28 
27  -33 
7  -4 
-61  -15 
-2  -1 
36  -20 
23  -10 
-21  6 
6  27 
-13  12 
59  -37 
-27  25 
34  1 
-28  15 
1  48 
4  -75 
-5  38 
-12  -22 
-21  51 
6  48 
6  -5 
-37  13 
29  48 
1  -31 
-8  27 
12  -36 
-27  15 
-1  32 
40  -25 
-10  7 
30  2 
2  6 
22  2 
29  3 
-18  68 
-8  5 
18  6 
-30  19 
-37  -2 
-23  8 
27  38 
31  62 
16  -33 
2  -15 
-3  13 
10  65 
14  -3 
49  -5 
14  39 
-7  42 
1  -1 
34  -8 
38  -23 
45  -7 
17  -2 
66  21 
8  14 
14  52 
77  10 
28  61 
55  -24 
-1  6 
-10  -12 
29  -5 
-15  1 
34  31 
-60  6 
-18  49 
35  2 
18  -8 
-16  16 
17  5 
-20  -19 
-22  27 
-4  35 
10  -1 
-18  5 
-15  18 
14  70 
-16  15 
32  -1 
0  -1 
-13  41 
-7  2 
-25  18 
11  32 
21  3 
8  38 
24  12 
41  6 
11  -9 
18  60 
12  -3 
37  -8 
43  47 
4  -30 
38  26 
10  -15 
20  -15 
29  56 
10  -18 
-16  11 
-4  1 
-4  51 
32  29 
23  -30 
7  -2 
-60  -17 
-3  0 
36  -24 
24  -7 
-21  5 
7  27 
-14  11 
59  -37 
-28  30 
35  -7 
-29  15 
6  46 
9  -74 
-3  37 
-10  -24 
-19  50 
8  44 
5  -4 
-29  13 
29  48 
2  -26 
-12  25 
9  -35 
-28  15 
0  27 
40  -25 
-12  8 
27  3 
4  7 
18  1 
28  0 
-18  64 
-8  3 
17  8 
-29  17 
-39  -2 
-24  6 
27  39 
31  62 
17  -38 
6  -12 
-3  13 
9  64 
11  -4 
50  -3 
15  35 
-9  48 
1  1 
35  -9 
38  -23 
43  -8 
18  -1 
54  21 
8  16 
14  50 
75  11 
25  61 
56  -20 
-3  6 
-8  -11 
31  -5 
-13  1 
31  32 
-61  6 
-19  48 
37  2 
18  -8 
-16  15 
16  6 
-25  -18 
-21  25 
-6  38 
11  -1 
-20  6 
-10  19 
14  71 
-18  11 
35  1 
0  0 
-21  43 
-5  -4 
-21  14 
10  31 
16  1 
7  38 
22  14 
42  2 
12  -10 
21  58 
11  -4 
41  -5 
44  47 
3  -33 
33  32 
14  -13 
16  -16 
32  53 
9  -17 
-13  12 
-10  4 
-1  51 
26  27 
25  -31 
10  2 
-56  -16 
-4  -3 
36  -28 
28  -3 
-22  7 
9  25 
-12  14 
62  -35 
-28  25 
35  -5 
-30  15 
4  45 
9  -76 
-3  40 
-10  -33 
-17  46 
13  44 
5  -2 
-28  7 
28  46 
1  -28 
-12  22 
13  -39 
-28  15 
0  27 
43  -22 
-13  6 
27  0 
6  8 
21  1 
28  0 
-18  66 
-7  3 
19  10 
-29  18 
-38  -4 
-23  5 
28  38 
30  65 
16  -37 
3  -17 
-3  12 
8  64 
9  -5 
48  1 
16  34 
-12  48 
-3  -7 
32  -8 
38  -23 
42  -10 
18  0 
48  21 
8  16 
18  47 
78  6 
26  61 
55  -19 
-1  6 
-3  -7 
31  -8 
-16  1 
30  29 
-59  6 
-17  49 
36  1 
15  -9 
-14  14 
16  6 
-23  -15 
-21  27 
-11  40 
7  1 
-24  4 
-8  24 
13  72 
-19  8 
30  5 
-6  -2 
-19  43 
-3  -3 
-14  15 
8  34 
21  1 
5  38 
24  15 
43  -2 
15  -10 
22  57 
11  -3 
36  -8 
46  48 
7  -34 
30  32 
12  -13 
17  -20 
31  55 
10  -13 
-15  13 
-12  4 
-4  55 
29  27 
25  -34 
16  -1 
-55  -12 
-5  -5 
35  -27 
27  -2 
-26  12 
7  27 
-11  15 
59  -35 
-26  26 
35  -4 
-33  16 
2  45 
11  -78 
-3  42 
-10  -32 
-17  50 
13  45 
5  -4 
-28  9 
30  42 
3  -28 
-15  23 
11  -29 
-28  15 
2  26 
44  -24 
-9  9 
25  -1 
4  8 
14  -3 
28  0 
-17  67 
-8  6 
18  8 
-29  18 
-41  -6 
-22  -1 
27  39 
29  63 
15  -38 
3  -17 
-6  11 
7  64 
4  -1 
47  3 
16  34 
-11  48 
-7  -6 
31  -4 
33  -26 
46  -12 
16  1 
46  20 
8  14 
18  44 
79  8 
27  63 
50  -15 
2  6 
1  -9 
29  -4 
-13  -2 
30  29 
-58  7 
-23  52 
36  2 
13  -10 
-9  12 
17  8 
-23  -10 
-22  26 
-15  41 
7  1 
-24  4 
-5  22 
12  73 
-17  11 
34  3 
-5  -3 
-19  44 
-6  -3 
-14  15 
7  35 
25  0 
5  38 
24  16 
42  -6 
13  -11 
21  55 
11  -2 
39  -9 
47  47 
4  -34 
28  32 
11  -15 
18  -21 
31  55 
9  -17 
-16  12 
-11  4 
2  57 
30  26 
24  -36 
15  -4 
-55  -11 
-5  -5 
35  -27 
28  -4 
-28  9 
7  26 
-9  16 
62  -36 
-29  26 
38  -3 
-33  12 
2  45 
10  -79 
-1  43 
-9  -33 
-21  54 
13  42 
5  -4 
-28  10 
29  40 
3  -31 
-23  25 
16  -28 
-32  15 
3  23 
43  -22 
-14  11 
20  7 
5  8 
16  -6 
29  -2 
-16  67 
-10  8 
16  6 
-32  24 
-41  -8 
-21  0 
28  41 
30  67 
17  -36 
2  -18 
-5  12 
8  65 
7  -1 
41  3 
15  31 
-12  40 
1  -1 
34  -1 
34  -28 
46  -12 
11  2 
45  21 
10  15 
26  46 
77  10 
26  67 
50  -19 
2  9 
3  -10 
31  -2 
-20  -1 
30  25 
-56  4 
-25  54 
35  2 
13  -10 
-9  13 
20  7 
-23  -12 
-19  28 
-13  41 
1  1 
-21  2 
0  20 
12  73 
-16  12 
37  3 
-8  -5 
-21  47 
-2  -3 
-18  14 
8  34 
21  -2 
4  40 
31  19 
43  -9 
17  -8 
21  52 
12  -3 
41  -9 
47  46 
3  -34 
29  31 
4  -9 
15  -15 
29  54 
10  -18 
-18  13 
-12  5 
2  56 
26  21 
24  -33 
15  -4 
-55  -12 
-4  -3 
35  -27 
27  -2 
-29  9 
6  24 
-9  16 
55  -37 
-28  29 
37  -2 
-34  11 
5  46 
17  -75 
-5  41 
-10  -31 
-21  54 
13  45 
-4  1 
-30  12 
28  35 
1  -30 
-24  26 
17  -27 
-32  16 
3  23 
43  -22 
-22  8 
19  11 
2  6 
14  -2 
29  4 
-16  66 
-9  8 
12  10 
-30  27 
-42  -8 
-21  6 
28  40 
28  61 
19  -40 
-1  -19 
-6  11 
8  68 
7  -1 
38  6 
16  32 
-10  39 
-4  -5 
33  2 
33  -30 
49  -13 
12  8 
41  18 
12  15 
27  46 
77  13 
29  64 
51  -18 
1  11 
5  -4 
31  -5 
-20  0 
30  25 
-56  6 
-25  55 
31  8 
13  -8 
-9  12 
19  7 
-27  -13 
-18  29 
-14  41 
1  1 
-21  0 
1  15 
9  75 
-17  12 
36  4 
-9  -4 
-22  46 
-1  -6 
-21  15 
6  35 
21  -1 
3  40 
34  23 
45  -9 
11  -7 
22  47 
16  -3 
41  -10 
47  47 
1  -34 
26  31 
-1  -8 
15  -15 
32  53 
8  -19 
-22  12 
-13  3 
3  58 
30  17 
26  -34 
16  1 
-54  -12 
-5  -4 
38  -26 
28  -4 
-30  4 
9  26 
-9  17 
51  -36 
-32  29 
37  3 
-32  7 
5  48 
17  -75 
-6  42 
-9  -34 
-21  51 
12  49 
-1  3 
-30  12 
29  34 
-2  -33 
-21  30 
15  -26 
-33  15 
1  24 
43  -17 
-17  10 
19  9 
3  5 
13  -4 
27  -1 
-18  66 
-10  7 
14  12 
-30  28 
-42  -3 
-20  3 
28  46 
27  61 
23  -39 
-3  -19 
-6  11 
12  70 
13  5 
39  5 
15  33 
-11  37 
-6  -5 
32  6 
36  -28 
49  -13 
17  5 
40  19 
12  15 
27  47 
77  12 
32  60 
49  -16 
-2  9 
7  -6 
31  -4 
-20  5 
25  26 
-57  5 
-25  56 
31  7 
14  -8 
-9  11 
19  6 
-25  -7 
-18  30 
-16  36 
-4  1 
-19  -2 
1  15 
6  74 
-16  12 
38  6 
-11  -5 
-19  46 
-1  -6 
-22  12 
11  29 
25  1 
3  43 
33  25 
43  -8 
11  -8 
22  46 
15  -2 
46  -12 
44  45 
-2  -32 
26  31 
4  -5 
15  -15 
31  53 
6  -25 
-24  16 
-16  6 
3  58 
30  15 
27  -34 
14  -1 
-51  -14 
-4  -6 
38  -23 
29  -4 
-30  1 
11  22 
-9  17 
50  -32 
-28  26 
37  4 
-28  5 
2  47 
17  -72 
-6  43 
-5  -32 
-21  45 
17  50 
0  3 
-24  11 
28  34 
-2  -33 
-23  33 
15  -25 
-31  11 
6  24 
42  -15 
-19  11 
19  8 
3  6 
14  -4 
27  3 
-17  70 
-10  -1 
19  11 
-28  28 
-43  -3 
-19  3 
30  53 
28  58 
25  -42 
-4  -23 
-6  10 
12  70 
10  5 
40  7 
17  35 
-9  38 
-6  -2 
31  6 
35  -27 
50  -16 
17  5 
43  18 
12  15 
26  44 
75  16 
32  60 
52  -18 
-3  13 
7  -1 
31  -2 
-18  2 
23  31 
-57  5 
-24  57 
29  4 
14  -9 
-8  12 
19  6 
-24  -8 
-15  31 
-15  36 
-6  1 
-24  1 
2  16 
5  81 
-17  13 
36  6 
-8  -3 
-22  52 
1  -4 
-22  8 
11  26 
28  1 
4  44 
34  23 
43  -10 
13  -10 
22  47 
15  2 
45  -14 
41  41 
2  -34 
26  31 
0  -5 
15  -15 
29  55 
4  -25 
-20  14 
-18  5 
3  60 
31  12 
27  -34 
14  -5 
-52  -10 
-5  -6 
39  -26 
28  -4 
-30  2 
10  21 
-6  19 
49  -37 
-26  32 
36  4 
-29  7 
2  49 
19  -73 
-7  45 
-3  -33 
-21  45 
17  50 
-1  3 
-28  10 
28  34 
-2  -34 
-25  35 
13  -24 
-31  7 
6  21 
43  -14 
-16  11 
20  7 
5  9 
20  1 
27  0 
-18  74 
-9  -3 
17  8 
-28  27 
-39  -2 
-20  4 
31  56 
26  68 
28  -40 
-3  -23 
-3  12 
16  71 
9  5 
41  9 
18  37 
-11  34 
-10  -3 
32  9 
36  -21 
50  -16 
16  3 
40  24 
11  15 
27  43 
75  14 
31  57 
48  -20 
-5  13 
7  1 
31  -4 
-16  4 
23  31 
-59  9 
-23  53 
31  6 
13  -6 
-7  2 
19  7 
-24  -10 
-17  32 
-15  38 
-6  3 
-24  -5 
1  18 
6  80 
-18  10 
36  6 
-11  -5 
-21  48 
4  -5 
-23  10 
10  28 
27  0 
3  43 
37  21 
44  -10 
12  -11 
21  50 
15  2 
42  -15 
42  42 
1  -35 
29  31 
1  -5 
15  -15 
28  54 
5  -24 
-21  14 
-17  6 
-1  61 
33  12 
31  -31 
12  -5 
-55  -7 
-5  -3 
36  -28 
29  -1 
-31  -2 
10  25 
-4  17 
53  -35 
-26  32 
34  -5 
-28  7 
-1  52 
17  -74 
-8  45 
-2  -33 
-21  46 
22  54 
-1  3 
-27  9 
28  36 
0  -34 
-24  36 
16  -27 
-29  8 
7  27 
47  -14 
-18  9 
21  6 
6  7 
18  -1 
24  0 
-17  73 
-8  0 
16  11 
-24  21 
-39  -4 
-17  7 
27  58 
23  70 
29  -36 
-3  -22 
-2  12 
17  72 
6  16 
44  13 
20  35 
-7  31 
-12  -2 
30  7 
38  -19 
52  -13 
17  1 
40  25 
10  17 
30  41 
77  13 
31  55 
43  -22 
-5  16 
5  3 
31  -3 
-16  4 
24  32 
-61  7 
-26  51 
34  1 
9  -1 
-8  2 
18  7 
-25  -7 
-16  35 
-15  38 
-6  3 
-21  3 
3  19 
4  79 
-27  11 
36  3 
-8  -5 
-21  46 
8  -2 
-25  5 
9  28 
28  5 
3  43 
39  21 
41  -8 
12  -10 
24  50 
13  2 
43  -15 
41  39 
1  -34 
26  35 
4  -4 
10  -15 
29  55 
5  -24 
-21  12 
-14  4 
-3  65 
36  11 
30  -33 
11  -8 
-56  -7 
-4  1 
34  -25 
28  2 
-35  1 
9  20 
-6  18 
52  -36 
-24  32 
34  -3 
-31  4 
3  50 
17  -72 
-13  52 
-4  -34 
-21  45 
22  56 
2  2 
-27  15 
28  36 
0  -36 
-25  39 
16  -23 
-30  8 
12  29 
44  -9 
-18  9 
26  6 
2  5 
12  3 
19  2 
-14  71 
-13  -1 
14  10 
-24  22 
-40  -2 
-14  5 
26  62 
23  72 
28  -40 
1  -22 
-1  11 
21  69 
7  20 
45  8 
19  34 
-3  32 
-13  -2 
32  6 
36  -16 
49  -12 
17  2 
43  30 
9  15 
30  42 
74  15 
28  54 
45  -24 
-5  15 
2  5 
31  0 
-19  6 
25  29 
-62  7 
-24  53 
34  3 
8  1 
-11  3 
12  6 
-30  -8 
-17  29 
-14  40 
-9  2 
-19  1 
9  16 
5  81 
-28  10 
34  1 
-9  -5 
-26  50 
8  -2 
-25  5 
6  26 
27  7 
0  46 
35  22 
41  -10 
11  -13 
25  53 
10  3 
44  -14 
35  41 
0  -33 
26  35 
4  -5 
9  -18 
29  58 
11  -23 
-21  14 
-11  5 
-4  66 
37  10 
31  -34 
12  -13 
-56  -9 
-7  4 
34  -24 
30  8 
-34  -1 
8  25 
-5  16 
53  -35 
-26  31 
36  -3 
-42  -3 
2  49 
17  -72 
-9  52 
0  -39 
-21  46 
22  57 
2  2 
-25  17 
26  34 
5  -37 
-28  39 
15  -26 
-29  4 
10  25 
46  -8 
-16  12 
23  7 
3  6 
8  4 
15  -1 
-12  72 
-11  -10 
19  11 
-30  24 
-43  5 
-15  8 
23  58 
23  74 
26  -39 
2  -26 
1  12 
21  69 
7  18 
44  4 
20  35 
-2  32 
-13  1 
32  2 
36  -16 
50  -13 
16  3 
44  31 
9  14 
30  41 
75  15 
29  50 
43  -23 
-4  17 
6  0 
30  -3 
-20  6 
25  29 
-64  7 
-24  52 
35  2 
5  -2 
-12  5 
14  3 
-23  -8 
-17  29 
-15  40 
-9  -5 
-12  0 
6  17 
12  77 
-29  6 
32  7 
-9  -8 
-26  51 
12  4 
-25  5 
4  24 
27  6 
0  47 
37  21 
40  -9 
10  -11 
21  51 
13  4 
44  -14 
41  38 
-3  -35 
26  35 
2  -9 
10  -18 
35  61 
14  -22 
-20  15 
-10  5 
3  63 
37  10 
33  -35 
10  -12 
-59  -13 
-7  2 
36  -25 
34  8 
-32  -3 
8  18 
-5  18 
56  -35 
-28  30 
37  0 
-42  -3 
6  51 
18  -74 
-13  55 
-2  -36 
-21  46 
22  56 
2  2 
-26  17 
24  35 
3  -35 
-29  37 
15  -27 
-29  2 
11  27 
41  -10 
-13  7 
23  7 
2  4 
8  1 
16  -1 
-10  72 
-13  -10 
19  11 
-31  24 
-40  0 
-15  6 
23  61 
21  79 
29  -40 
4  -26 
3  10 
22  69 
1  21 
46  8 
16  41 
-4  34 
-15  1 
30  4 
37  -15 
51  -14 
17  4 
44  32 
8  14 
30  41 
74  15 
30  46 
43  -22 
-6  16 
5  1 
32  -5 
-15  6 
21  26 
-64  6 
-24  52 
36  3 
5  -2 
-13  -1 
14  3 
-23  -7 
-19  28 
-20  37 
-12  -4 
-10  2 
8  18 
12  77 
-28  6 
34  6 
-10  -8 
-26  51 
9  2 
-25  2 
2  25 
26  6 
-2  52 
38  28 
37  -8 
12  -15 
24  55 
16  2 
45  -17 
41  38 
0  -36 
29  34 
1  -10 
13  -15 
36  64 
16  -23 
-21  14 
-10  5 
2  62 
37  10 
33  -33 
12  -18 
-54  -9 
-13  6 
35  -24 
34  7 
-26  -8 
6  18 
-8  20 
59  -34 
-30  28 
38  1 
-45  -6 
8  48 
19  -77 
-14  55 
0  -39 
-20  46 
24  56 
2  6 
-26  19 
25  36 
3  -33 
-29  36 
16  -26 
-30  4 
9  28 
41  -9 
-17  10 
21  3 
0  -1 
9  -2 
16  -1 
-9  68 
-10  -13 
20  7 
-31  24 
-36  0 
-16  7 
21  61 
21  79 
28  -40 
2  -26 
3  12 
22  69 
0  23 
44  8 
15  37 
-4  36 
-13  0 
29  3 
37  -16 
49  -12 
13  4 
46  31 
8  14 
32  47 
71  15 
31  44 
41  -28 
-5  17 
5  -2 
31  -4 
-17  5 
22  25 
-62  6 
-23  50 
35  2 
2  2 
-13  -2 
9  3 
-25  -2 
-24  32 
-25  33 
-12  -4 
-9  2 
7  21 
9  79 
-29  6 
34  8 
-10  -8 
-28  49 
10  2 
-21  1 
1  26 
26  6 
-1  54 
36  28 
38  -8 
12  -14 
19  51 
18  -1 
48  -22 
40  43 
0  -39 
29  35 
1  -10 
10  -12 
32  62 
16  -25 
-17  21 
-8  10 
3  63 
36  11 
31  -33 
15  -19 
-57  -8 
-13  7 
37  -28 
36  7 
-31  -6 
7  19 
-9  17 
57  -32 
-28  21 
31  -2 
-45  -9 
3  46 
16  -79 
-14  55 
1  -39 
-21  46 
24  55 
2  6 
-26  18 
25  36 
-2  -33 
-34  34 
14  -23 
-32  2 
10  27 
47  -6 
-16  10 
20  7 
-8  0 
8  1 
16  0 
-13  72 
-13  -14 
17  6 
-31  24 
-38  -3 
-15  8 
21  58 
16  76 
25  -39 
5  -27 
3  10 
21  68 
-1  25 
44  4 
15  35 
-4  37 
-16  0 
31  -1 
41  -14 
51  -14 
11  7 
41  30 
8  12 
30  47 
71  12 
33  44 
35  -24 
-4  21 
3  -2 
32  -3 
-17  6 
26  26 
-61  6 
-23  52 
33  3 
3  0 
-15  -2 
7  6 
-25  -5 
-23  33 
-23  30 
-9  -1 
-11  4 
9  19 
11  78 
-28  4 
30  5 
-12  -6 
-28  50 
10  1 
-24  -1 
3  23 
25  8 
0  55 
39  30 
36  -8 
13  -14 
18  52 
17  3 
47  -19 
42  45 
-4  -40 
29  35 
1  -12 
9  -10 
31  63 
11  -27 
-21  21 
-6  12 
-2  67 
34  11 
31  -32 
16  -16 
-57  -9 
-9  4 
39  -26 
30  8 
-33  0 
8  17 
-9  17 
59  -35 
-29  25 
30  -5 
-48  -14 
2  47 
13  -79 
-12  58 
1  -42 
-18  42 
22  56 
8  3 
-25  17 
24  35 
-3  -35 
-31  34 
17  -22 
-32  5 
7  30 
50  -4 
-14  11 
23  7 
-10  2 
6  -2 
18  1 
-12  73 
-13  -13 
15  2 
-35  26 
-39  -4 
-14  8 
19  60 
12  75 
25  -39 
5  -29 
2  9 
17  68 
-2  26 
48  1 
15  33 
-6  39 
-13  -1 
33  5 
38  -14 
50  -13 
9  8 
42  34 
3  12 
29  47 
69  15 
27  46 
35  -25 
-1  20 
4  -3 
28  -2 
-18  2 
26  26 
-57  7 
-21  52 
31  6 
5  -2 
-17  0 
7  7 
-22  -4 
-22  32 
-24  32 
-9  -2 
-16  4 
10  22 
9  78 
-31  -1 
33  2 
-14  -5 
-30  49 
9  0 
-24  -6 
0  25 
25  9 
-1  54 
39  31 
37  -8 
11  -13 
17  53 
16  4 
44  -21 
38  48 
-2  -40 
31  35 
1  -12 
11  -8 
31  62 
8  -27 
-24  15 
-6  11 
-1  68 
35  11 
32  -32 
17  -15 
-55  -7 
-11  2 
40  -26 
28  3 
-36  0 
5  16 
-9  16 
60  -41 
-33  19 
30  -5 
-47  -14 
2  45 
10  -75 
-12  56 
0  -42 
-19  41 
22  57 
8  0 
-24  16 
24  35 
-4  -39 
-29  37 
16  -23 
-32  2 
10  28 
47  -2 
-11  11 
19  3 
-10  1 
8  1 
14  3 
-16  76 
-22  -15 
15  1 
-34  28 
-39  -2 
-15  6 
23  63 
13  74 
25  -41 
2  -29 
9  12 
19  65 
-1  26 
45  1 
15  33 
-5  37 
-13  -4 
32  7 
42  -13 
52  -14 
10  4 
42  34 
3  12 
33  45 
68  16 
28  48 
36  -23 
0  23 
3  -2 
27  -1 
-21  5 
26  26 
-58  5 
-21  47 
30  7 
4  0 
-16  1 
5  9 
-23  2 
-17  31 
-25  33 
-9  -4 
-15  6 
9  25 
4  76 
-29  -2 
30  5 
-16  -9 
-29  47 
7  -2 
-25  -5 
1  24 
22  6 
-5  56 
42  29 
36  -8 
9  -12 
14  51 
19  1 
42  -18 
36  51 
-3  -41 
32  35 
3  -11 
11  -8 
31  62 
9  -25 
-22  15 
-6  12 
1  69 
37  10 
32  -30 
18  -16 
-56  -15 
-5  1 
41  -25 
29  0 
-39  1 
3  21 
-10  15 
57  -39 
-33  20 
30  -8 
-50  -12 
1  46 
12  -73 
-10  57 
-9  -37 
-19  38 
18  53 
8  1 
-26  15 
27  31 
-5  -38 
-28  37 
18  -23 
-33  1 
12  29 
45  -4 
-9  13 
16  4 
-11  4 
9  -3 
14  -3 
-16  75 
-26  -17 
13  3 
-33  26 
-38  -4 
-16  4 
23  63 
15  77 
27  -44 
7  -30 
4  12 
17  65 
0  27 
45  1 
18  27 
-5  39 
-15  -2 
35  5 
42  -15 
50  -14 
7  6 
45  33 
1  8 
36  39 
67  19 
29  48 
44  -25 
1  21 
3  -2 
27  0 
-21  6 
22  29 
-58  7 
-19  46 
29  3 
7  -2 
-14  0 
4  7 
-23  2 
-19  32 
-25  33 
-13  -6 
-15  6 
9  25 
8  81 
-32  -2 
24  4 
-16  -8 
-30  48 
8  -3 
-21  -9 
5  19 
21  10 
-5  55 
42  34 
31  -7 
6  -19 
14  52 
21  -1 
42  -18 
38  48 
-5  -42 
35  37 
2  -16 
11  -9 
27  61 
12  -23 
-23  13 
-7  14 
5  69 
39  12 
33  -30 
16  -19 
-60  -14 
-5  2 
39  -26 
26  -6 
-35  0 
-1  20 
-9  16 
56  -36 
-35  21 
28  -6 
-46  -17 
3  46 
11  -74 
-11  59 
-12  -36 
-19  38 
16  53 
14  -2 
-24  12 
25  27 
-2  -34 
-23  32 
16  -23 
-33  3 
6  30 
46  -5 
-8  15 
12  0 
-10  2 
10  -3 
14  -3 
-16  76 
-26  -19 
12  9 
-36  28 
-38  -4 
-17  5 
23  63 
15  76 
31  -42 
4  -30 
1  16 
17  68 
2  26 
45  3 
18  27 
0  41 
-15  -2 
35  5 
44  -16 
46  -15 
8  4 
42  34 
3  10 
33  43 
64  20 
29  44 
43  -23 
2  22 
3  -2 
28  0 
-17  3 
25  29 
-58  6 
-20  47 
31  4 
2  -5 
-12  -2 
6  6 
-22  4 
-23  32 
-26  35 
-14  -5 
-17  7 
13  25 
10  82 
-31  -1 
24  5 
-16  -14 
-29  47 
11  -4 
-20  -5 
1  19 
22  9 
-3  58 
41  28 
26  -9 
5  -19 
14  51 
20  3 
41  -16 
38  48 
-6  -42 
35  35 
1  -14 
8  -6 
31  66 
13  -26 
-23  13 
-8  15 
3  72 
38  9 
32  -30 
16  -23 
-61  -14 
-9  2 
39  -26 
24  -9 
-33  -2 
-3  23 
-9  18 
52  -40 
-37  24 
29  -5 
-46  -17 
6  47 
7  -73 
-13  61 
-9  -32 
-19  38 
15  57 
15  -4 
-16  12 
27  26 
-1  -35 
-23  30 
18  -23 
-30  1 
5  31 
47  -4 
-9  15 
12  7 
-11  3 
8  -3 
13  1 
-15  76 
-31  -20 
12  9 
-35  26 
-38  -3 
-14  8 
21  63 
21  77 
30  -41 
2  -29 
2  16 
16  66 
2  25 
44  -1 
16  20 
-6  41 
-15  -1 
36  3 
44  -16 
51  -13 
7  12 
42  34 
1  10 
30  48 
65  18 
27  43 
45  -23 
0  24 
4  0 
31  -2 
-18  9 
25  29 
-58  5 
-24  47 
33  1 
-1  -6 
-12  -2 
6  7 
-24  -1 
-23  32 
-31  39 
-11  -5 
-13  6 
14  23 
7  85 
-33  -1 
22  6 
-15  -7 
-31  48 
11  -3 
-20  -5 
2  22 
21  12 
-2  59 
39  29 
28  -12 
7  -20 
12  50 
27  7 
38  -14 
31  46 
-5  -47 
34  38 
4  -13 
6  -5 
31  71 
13  -26 
-24  11 
-11  17 
3  71 
38  8 
29  -31 
11  -28 
-63  -16 
-7  5 
36  -26 
22  -9 
-29  -1 
-4  26 
-10  17 
52  -43 
-39  26 
28  -4 
-42  -19 
6  44 
6  -72 
-10  61 
-8  -31 
-20  40 
15  56 
16  -3 
-17  10 
29  27 
-1  -35 
-23  33 
17  -22 
-33  1 
1  28 
51  -5 
-9  16 
10  7 
-10  5 
7  -2 
10  2 
-15  76 
-32  -19 
13  4 
-38  27 
-36  -5 
-14  6 
20  63 
28  77 
35  -42 
1  -21 
2  17 
20  67 
1  23 
45  1 
15  22 
-4  41 
-17  1 
37  3 
41  -18 
54  -12 
4  15 
41  31 
10  7 
34  51 
67  18 
34  46 
49  -23 
-2  26 
5  1 
30  -3 
-18  11 
23  26 
-55  3 
-28  43 
37  -1 
2  -6 
-13  0 
6  8 
-24  -5 
-18  29 
-33  43 
-9  -4 
-14  6 
11  22 
10  82 
-33  1 
21  6 
-16  -10 
-26  43 
11  -2 
-19  -1 
3  21 
19  11 
3  63 
40  27 
31  -14 
10  -19 
17  50 
27  6 
41  -12 
32  50 
-3  -43 
35  33 
0  -16 
6  -6 
28  74 
12  -25 
-24  14 
-10  16 
2  73 
42  5 
27  -33 
11  -28 
-63  -15 
-7  3 
34  -25 
24  -7 
-32  1 
-4  26 
-10  15 
56  -37 
-42  27 
25  -2 
-44  -21 
8  44 
3  -70 
-8  62 
-3  -28 
-13  34 
16  57 
15  -5 
-19  10 
30  28 
-1  -35 
-23  33 
18  -23 
-41  2 
1  21 
51  -1 
-9  17 
9  8 
-8  6 
8  -2 
19  1 
-11  78 
-31  -17 
15  -2 
-36  24 
-35  -4 
-17  5 
16  62 
28  77 
36  -49 
2  -23 
3  18 
20  66 
3  27 
47  -1 
16  21 
-1  43 
-21  0 
31  4 
41  -14 
58  -14 
4  15 
44  32 
9  8 
31  52 
63  20 
28  52 
48  -19 
-1  31 
5  0 
24  -4 
-19  11 
23  26 
-55  6 
-30  47 
34  -5 
4  -7 
-15  -2 
5  9 
-25  2 
-21  32 
-31  43 
-9  -4 
-16  7 
9  24 
10  82 
-33  -2 
22  7 
-18  -9 
-28  46 
11  -2 
-26  -2 
3  21 
17  13 
6  66 
39  28 
31  -12 
8  -17 
19  53 
29  7 
43  -10 
34  48 
-4  -44 
36  37 
2  -17 
6  -6 
28  74 
12  -25 
-26  17 
-11  15 
-7  75 
42  2 
27  -33 
6  -25 
-64  -14 
-9  6 
35  -27 
23  -8 
-32  5 
-2  27 
-9  15 
60  -41 
-41  25 
28  0 
-40  -26 
9  45 
1  -67 
-8  62 
-7  -30 
-11  30 
17  61 
17  -5 
-19  8 
30  28 
-2  -36 
-24  32 
18  -23 
-44  3 
3  19 
41  1 
-9  17 
8  8 
-11  6 
7  -1 
13  5 
-13  81 
-30  -16 
15  -4 
-33  26 
-35  -4 
-17  3 
18  59 
27  74 
38  -51 
-1  -26 
3  18 
22  65 
6  27 
49  -1 
16  24 
4  44 
-24  1 
35  1 
40  -14 
56  -14 
3  12 
46  31 
10  7 
31  56 
65  21 
27  52 
49  -20 
1  31 
3  0 
24  -4 
-23  5 
22  25 
-58  7 
-31  48 
35  -5 
3  -7 
-17  -2 
4  11 
-27  5 
-29  29 
-22  46 
-9  -1 
-17  10 
9  23 
10  85 
-29  2 
24  4 
-22  -13 
-29  47 
12  -3 
-18  1 
5  18 
19  14 
7  58 
39  25 
30  -14 
11  -16 
16  54 
29  10 
45  -11 
31  46 
-3  -47 
34  38 
-1  -17 
4  -5 
27  70 
15  -24 
-25  17 
-12  12 
-4  72 
42  3 
25  -34 
6  -25 
-63  -12 
-12  4 
35  -27 
22  -6 
-31  7 
-1  26 
-12  16 
61  -42 
-44  24 
30  -1 
-38  -23 
10  44 
1  -70 
-8  60 
-4  -29 
-11  29 
21  59 
18  -3 
-19  8 
33  31 
1  -44 
-23  30 
19  -29 
-36  2 
5  23 
42  6 
-8  15 
4  8 
-11  4 
10  2 
23  6 
-16  79 
-27  -13 
14  -5 
-34  26 
-35  -4 
-18  4 
17  64 
26  81 
40  -53 
-2  -26 
0  14 
22  62 
7  26 
48  1 
16  22 
4  47 
-17  1 
37  1 
39  -15 
56  -20 
6  11 
43  31 
11  7 
29  56 
64  21 
26  55 
45  -21 
4  32 
0  1 
23  -7 
-23  5 
24  24 
-61  8 
-33  47 
34  -5 
2  -9 
-17  -2 
4  10 
-30  5 
-28  30 
-26  48 
-9  -3 
-16  11 
11  22 
12  85 
-26  3 
28  1 
-22  -14 
-28  49 
11  -4 
-16  0 
5  21 
21  13 
7  59 
38  27 
31  -14 
13  -16 
17  53 
29  8 
46  -14 
33  50 
-7  -48 
36  37 
-1  -17 
5  -4 
28  65 
10  -18 
-25  15 
-12  14 
-3  72 
41  3 
23  -33 
4  -25 
-63  -14 
-11  5 
35  -24 
23  -8 
-35  6 
-4  26 
-12  18 
61  -39 
-41  21 
31  -5 
-39  -25 
12  40 
3  -70 
-12  56 
-3  -30 
-10  27 
18  60 
15  -1 
-18  5 
34  31 
2  -43 
-29  32 
19  -29 
-37  6 
8  28 
41  10 
-7  16 
5  9 
-8  4 
5  -2 
22  9 
-11  84 
-28  -17 
14  -3 
-27  27 
-37  0 
-18  3 
17  60 
28  80 
40  -54 
-2  -28 
-1  14 
23  61 
6  25 
50  1 
14  18 
1  38 
-18  6 
38  -1 
40  -13 
59  -20 
3  9 
43  30 
6  11 
28  54 
68  18 
29  55 
47  -19 
1  30 
1  1 
18  -13 
-24  4 
23  26 
-61  7 
-33  47 
33  -6 
2  -11 
-19  -2 
2  8 
-34  5 
-29  31 
-24  52 
-9  -2 
-12  10 
10  26 
10  87 
-25  2 
28  3 
-22  -20 
-31  47 
11  -6 
-10  2 
6  21 
19  11 
9  64 
37  25 
28  -11 
13  -15 
16  50 
30  8 
46  -14 
29  48 
-3  -48 
33  36 
-1  -14 
4  -5 
29  71 
16  -20 
-25  16 
-12  16 
-3  73 
42  2 
23  -37 
2  -26 
-64  -23 
-8  3 
34  -23 
28  -8 
-40  6 
-4  26 
-12  20 
63  -42 
-42  21 
31  -5 
-40  -25 
11  42 
5  -71 
-11  60 
-3  -30 
-10  29 
17  61 
10  -8 
-19  6 
32  30 
1  -45 
-26  31 
23  -29 
-38  6 
11  26 
36  7 
-5  13 
6  8 
-7  2 
3  0 
21  9 
-7  84 
-30  -19 
15  -5 
-28  29 
-37  1 
-26  1 
16  61 
31  77 
42  -57 
4  -28 
-1  14 
30  65 
13  26 
47  -2 
17  17 
3  37 
-17  7 
32  -5 
41  -12 
56  -16 
2  9 
43  30 
8  14 
26  54 
72  20 
30  58 
51  -22 
-3  32 
-5  5 
15  -13 
-23  6 
22  25 
-56  7 
-33  47 
32  -5 
4  -16 
-21  0 
4  13 
-33  5 
-30  32 
-21  51 
-9  -3 
-12  8 
9  18 
13  85 
-25  -3 
28  7 
-13  -23 
-31  48 
12  -7 
-9  2 
6  20 
21  10 
16  61 
36  26 
27  -14 
11  -14 
16  52 
32  9 
46  -14 
30  45 
1  -48 
34  37 
0  -13 
4  -3 
27  72 
15  -18 
-25  16 
-12  16 
-5  74 
43  6 
18  -41 
4  -28 
-62  -23 
-10  1 
37  -27 
25  -4 
-36  9 
-2  26 
-8  22 
65  -38 
-39  18 
29  -5 
-38  -24 
9  44 
6  -72 
-12  60 
-7  -29 
-9  28 
17  64 
11  -8 
-21  5 
37  30 
3  -42 
-25  30 
26  -29 
-37  3 
13  24 
39  10 
-5  13 
5  9 
-7  -6 
5  1 
21  9 
-10  84 
-31  -18 
16  -5 
-28  30 
-33  -1 
-19  1 
13  62 
31  76 
36  -58 
3  -28 
-8  17 
33  63 
14  23 
47  -2 
19  14 
5  38 
-15  6 
31  -5 
46  -9 
56  -16 
5  11 
39  31 
8  14 
25  53 
76  17 
28  58 
50  -23 
-5  31 
-5  5 
16  -14 
-22  4 
20  27 
-57  5 
-35  46 
32  -5 
4  -16 
-25  -2 
4  14 
-31  4 
-31  34 
-18  46 
-9  -5 
-11  7 
7  18 
12  86 
-26  -2 
30  5 
-17  -20 
-30  49 
9  -5 
-10  1 
8  22 
18  9 
14  61 
38  26 
33  -16 
10  -13 
18  47 
32  9 
43  -13 
31  48 
0  -49 
34  39 
-3  -15 
4  -4 
30  66 
14  -28 
-25  16 
-12  11 
-1  74 
42  2 
16  -45 
4  -25 
-68  -30 
-9  -1 
37  -27 
25  -4 
-38  4 
-1  25 
-8  24 
66  -40 
-38  15 
31  -8 
-35  -19 
10  42 
6  -72 
-12  60 
-10  -27 
-10  28 
17  62 
12  -7 
-21  6 
35  34 
1  -44 
-26  31 
28  -32 
-37  3 
11  22 
37  10 
-5  17 
5  9 
-5  -5 
5  0 
23  12 
-9  86 
-33  -21 
19  2 
-26  30 
-33  3 
-19  -2 
17  61 
31  77 
39  -57 
3  -30 
-7  14 
34  63 
13  23 
49  -1 
16  12 
5  38 
-16  12 
31  -4 
44  -11 
56  -14 
5  11 
41  31 
11  16 
24  52 
75  15 
24  59 
54  -28 
-6  33 
-7  3 
19  -15 
-22  4 
21  23 
-56  7 
-34  48 
35  -7 
2  -15 
-23  0 
6  15 
-34  6 
-28  33 
-20  42 
-12  -4 
-10  6 
8  18 
13  85 
-24  -5 
32  9 
-17  -20 
-31  48 
8  -6 
-15  1 
7  20 
21  8 
10  64 
42  33 
29  -17 
9  -16 
19  51 
30  8 
41  -14 
29  47 
3  -50 
40  40 
-3  -17 
4  -5 
31  66 
14  -30 
-27  14 
-12  13 
0  75 
43  7 
13  -45 
-2  -28 
-68  -30 
-5  -2 
36  -24 
25  -5 
-36  4 
-1  28 
-16  25 
67  -41 
-42  17 
30  -3 
-36  -20 
10  45 
3  -74 
-11  62 
-11  -26 
-2  28 
16  70 
11  -9 
-22  7 
35  31 
-4  -43 
-26  31 
28  -28 
-38  2 
10  21 
37  12 
-3  18 
5  9 
-1  -6 
1  1 
23  13 
-6  81 
-36  -14 
19  3 
-27  32 
-33  7 
-19  -2 
14  57 
30  79 
38  -59 
1  -31 
-6  18 
31  62 
15  22 
48  0 
17  13 
3  38 
-18  9 
31  -2 
43  -11 
55  -15 
3  13 
41  30 
13  14 
19  51 
78  24 
25  66 
57  -28 
-6  31 
-10  2 
17  -14 
-24  1 
20  27 
-57  7 
-35  49 
35  -7 
-2  -14 
-28  0 
5  13 
-33  7 
-31  35 
-19  40 
-13  -5 
-10  9 
9  19 
11  86 
-23  -10 
29  8 
-14  -20 
-30  47 
10  -4 
-12  2 
11  17 
20  8 
15  62 
42  34 
30  -15 
12  -15 
20  54 
32  7 
44  -16 
30  48 
5  -52 
39  42 
-1  -19 
4  -5 
31  68 
14  -30 
-29  18 
-7  12 
2  76 
40  4 
16  -43 
-5  -23 
-65  -29 
-2  0 
35  -25 
25  -2 
-38  6 
-7  27 
-21  23 
65  -44 
-42  17 
28  -6 
-32  -22 
13  45 
1  -74 
-13  58 
-13  -21 
-1  25 
16  71 
11  -5 
-22  8 
32  30 
-7  -45 
-27  31 
26  -29 
-38  3 
10  21 
36  12 
-3  25 
4  10 
-3  -7 
1  -1 
23  10 
0  79 
-34  -14 
22  5 
-28  33 
-33  6 
-19  -2 
12  55 
30  79 
36  -60 
-4  -34 
-6  18 
33  61 
14  23 
47  0 
18  12 
9  40 
-18  9 
36  -1 
47  -10 
55  -15 
5  16 
47  33 
8  14 
19  51 
77  25 
24  68 
55  -24 
-5  30 
-13  0 
18  -13 
-20  0 
19  23 
-57  5 
-34  48 
35  -9 
-3  -12 
-25  4 
4  12 
-35  6 
-31  35 
-20  34 
-8  0 
-13  7 
8  21 
11  87 
-23  -10 
33  5 
-12  -22 
-30  47 
10  -3 
-15  -1 
7  16 
24  5 
12  62 
41  32 
32  -13 
9  -16 
22  57 
31  6 
43  -13 
30  48 
5  -52 
36  40 
0  -13 
4  -5 
31  69 
14  -29 
-31  20 
-6  10 
-3  73 
42  4 
18  -47 
-5  -27 
-64  -28 
-4  2 
37  -28 
25  -2 
-37  6 
-6  23 
-26  18 
62  -44 
-42  17 
25  -3 
-33  -19 
12  45 
-2  -74 
-10  52 
-13  -21 
3  23 
16  70 
11  -2 
-24  7 
32  30 
-5  -46 
-24  31 
28  -32 
-40  1 
10  22 
38  12 
-4  24 
4  13 
1  -10 
4  4 
22  14 
-3  81 
-36  -14 
22  6 
-29  33 
-31  8 
-19  -2 
11  56 
32  77 
37  -63 
-4  -34 
-5  15 
39  65 
8  23 
43  0 
16  17 
9  43 
-17  10 
39  -6 
52  -10 
57  -19 
5  16 
46  31 
11  16 
16  47 
77  25 
24  71 
54  -22 
-6  30 
-12  0 
18  -14 
-14  0 
19  23 
-59  6 
-33  46 
31  -9 
-3  -13 
-27  4 
1  10 
-36  6 
-34  35 
-24  35 
-6  3 
-8  4 
9  25 
10  88 
-23  -8 
34  1 
-13  -22 
-33  47 
8  -4 
-15  -2 
9  16 
26  6 
12  62 
44  30 
30  -13 
9  -17 
23  58 
33  3 
43  -16 
32  49 
6  -52 
36  36 
2  -13 
0  -5 
34  72 
16  -34 
-31  14 
-7  14 
-1  74 
42  2 
19  -49 
-8  -27 
-64  -28 
-2  -1 
37  -27 
23  -1 
-38  6 
-12  27 
-25  16 
61  -45 
-44  17 
29  0 
-37  -19 
11  46 
-3  -70 
-13  52 
-13  -21 
3  23 
16  71 
10  1 
-22  7 
32  26 
-9  -43 
-26  31 
30  -35 
-39  1 
13  20 
39  12 
-4  24 
3  12 
2  -11 
4  8 
24  12 
-8  80 
-36  -16 
20  7 
-29  32 
-32  9 
-19  -2 
12  55 
30  77 
40  -61 
-5  -38 
-5  15 
40  66 
10  22 
40  3 
15  19 
8  41 
-19  8 
40  -6 
52  -11 
56  -15 
4  15 
46  31 
8  14 
19  46 
76  20 
23  71 
57  -22 
-8  26 
-13  0 
16  -14 
-15  9 
19  23 
-57  4 
-34  48 
31  -4 
-2  -14 
-26  3 
0  14 
-33  7 
-35  36 
-24  36 
-5  5 
-8  5 
9  24 
10  85 
-23  -8 
29  1 
-10  -21 
-34  46 
8  -5 
-12  1 
9  15 
23  7 
17  65 
44  32 
34  -9 
13  -15 
33  62 
30  1 
42  -12 
31  48 
5  -52 
37  34 
5  -14 
2  -2 
36  72 
17  -32 
-35  18 
-5  16 
-1  74 
43  -1 
22  -46 
-9  -28 
-65  -27 
-4  2 
37  -27 
28  0 
-38  3 
-13  30 
-27  14 
59  -39 
-46  18 
29  -4 
-40  -21 
12  50 
-4  -70 
-12  52 
-13  -22 
3  23 
14  70 
8  -2 
-22  7 
29  28 
-11  -42 
-23  30 
31  -38 
-45  1 
9  22 
38  12 
-5  22 
2  9 
1  -10 
1  6 
23  12 
-4  84 
-36  -12 
19  5 
-29  31 
-34  15 
-19  1 
14  55 
32  75 
38  -61 
-1  -38 
-5  15 
43  66 
11  26 
29  3 
21  19 
7  39 
-18  5 
36  -3 
52  -11 
60  -13 
4  16 
50  28 
8  16 
14  48 
75  15 
23  71 
55  -24 
-7  27 
-13  -1 
16  -14 
-17  12 
16  24 
-56  3 
-35  49 
32  -3 
-2  -13 
-27  5 
0  15 
-33  4 
-36  35 
-24  34 
-5  5 
-10  5 
12  23 
10  87 
-22  -8 
28  2 
-8  -20 
-31  48 
8  -6 
-12  1 
11  15 
19  6 
18  63 
47  33 
33  -8 
14  -17 
37  62 
25  6 
43  -13 
30  49 
3  -50 
36  35 
6  -12 
3  -2 
39  71 
16  -33 
-35  18 
-7  16 
-1  74 
47  0 
26  -49 
-9  -28 
-66  -22 
3  3 
37  -27 
24  -1 
-38  5 
-8  35 
-27  17 
61  -39 
-43  18 
25  -6 
-44  -21 
14  52 
-8  -70 
-14  45 
-11  -22 
3  26 
16  72 
7  -2 
-23  8 
31  26 
-10  -36 
-26  31 
30  -34 
-42  1 
6  26 
37  10 
0  24 
2  9 
3  -11 
2  2 
24  11 
-5  83 
-39  -10 
18  6 
-30  32 
-36  12 
-20  3 
15  53 
30  77 
35  -61 
1  -42 
-6  10 
39  65 
9  24 
27  3 
22  16 
11  36 
-19  6 
38  -3 
54  -8 
57  -13 
4  15 
62  29 
11  17 
16  52 
77  18 
24  73 
56  -23 
-7  25 
-15  -2 
15  -15 
-17  12 
16  21 
-55  1 
-35  49 
32  -3 
-2  -8 
-23  2 
-1  14 
-30  1 
-40  35 
-26  38 
-4  6 
-8  2 
17  23 
14  87 
-19  -9 
31  5 
-7  -17 
-30  46 
8  -6 
-13  0 
11  16 
15  2 
18  61 
51  38 
32  -11 
11  -18 
39  61 
27  4 
46  -14 
33  50 
1  -52 
40  34 
6  -12 
2  -3 
39  71 
19  -35 
-38  21 
-7  15 
-1  72 
43  -2 
25  -52 
-11  -25 
-64  -20 
-2  6 
35  -25 
25  3 
-40  7 
-9  35 
-25  18 
61  -39 
-43  20 
25  -7 
-42  -16 
17  52 
-8  -76 
-13  47 
-12  -20 
2  22 
13  72 
7  -1 
-22  7 
31  26 
-10  -35 
-24  31 
34  -37 
-44  4 
9  24 
37  10 
3  27 
2  11 
1  -11 
2  6 
24  4 
-4  83 
-36  -10 
17  6 
-29  32 
-36  12 
-20  3 
15  56 
27  78 
35  -67 
1  -43 
-9  11 
39  63 
9  22 
29  8 
21  18 
11  39 
-19  6 
37  -3 
51  -8 
59  -13 
4  15 
63  29 
4  20 
16  50 
76  11 
28  74 
58  -21 
-7  21 
-15  -4 
16  -16 
-13  12 
21  19 
-51  3 
-36  46 
31  -5 
-1  -9 
-24  0 
-4  12 
-30  2 
-38  37 
-25  38 
-1  8 
-4  -1 
17  25 
9  84 
-17  -10 
32  4 
-3  -20 
-30  47 
14  -9 
-13  -1 
5  18 
18  4 
20  61 
48  40 
29  -12 
11  -18 
35  65 
32  3 
42  -13 
33  50 
1  -50 
39  34 
5  -14 
2  -6 
40  66 
19  -34 
-35  20 
-3  18 
-2  72 
43  -2 
22  -55 
-9  -23 
-70  -21 
-1  5 
35  -25 
28  2 
-40  7 
-11  35 
-29  18 
60  -37 
-41  21 
23  -8 
-40  -21 
17  52 
-3  -79 
-13  40 
-17  -17 
-1  23 
13  66 
6  -2 
-24  8 
32  30 
-13  -33 
-24  35 
34  -37 
-44  2 
8  24 
37  10 
2  26 
-1  12 
2  -11 
1  6 
20  4 
-8  78 
-37  -13 
16  6 
-26  35 
-36  12 
-13  6 
17  53 
29  76 
34  -61 
1  -39 
-6  12 
42  62 
7  24 
26  15 
21  18 
11  36 
-18  3 
36  -3 
43  -7 
60  -11 
4  15 
62  26 
7  20 
10  49 
75  13 
29  75 
58  -20 
-5  21 
-15  -5 
17  -19 
-9  11 
23  16 
-52  1 
-30  42 
32  -5 
-2  -13 
-25  -2 
-2  12 
-30  1 
-44  37 
-25  35 
-3  8 
-5  -4 
16  27 
10  85 
-16  -9 
33  3 
-3  -15 
-33  41 
12  -13 
-13  -2 
5  18 
18  -1 
14  58 
49  40 
32  -11 
11  -18 
35  65 
29  5 
43  -10 
37  53 
1  -52 
42  36 
5  -11 
2  -6 
34  67 
21  -38 
-38  20 
1  24 
-6  70 
43  -2 
20  -53 
-12  -24 
-72  -20 
-3  6 
36  -26 
25  6 
-42  6 
-14  37 
-29  16 
62  -36 
-39  21 
28  -6 
-42  -19 
19  51 
-1  -79 
-11  38 
-18  -15 
1  23 
12  63 
7  -1 
-27  5 
34  23 
-14  -32 
-26  35 
37  -38 
-44  1 
8  18 
37  10 
3  26 
2  11 
1  -10 
1  6 
24  5 
-6  81 
-33  -14 
16  6 
-25  39 
-35  13 
-16  6 
20  54 
31  77 
31  -62 
1  -42 
-9  12 
43  63 
10  27 
26  15 
20  20 
11  35 
-17  7 
39  -6 
45  -4 
63  -13 
3  13 
62  26 
2  22 
8  48 
76  13 
31  75 
59  -20 
-2  24 
-14  -5 
17  -20 
-12  14 
24  15 
-55  4 
-28  44 
30  -1 
-2  -13 
-25  -5 
-3  10 
-29  2 
-44  37 
-23  38 
-4  6 
-2  -2 
12  29 
9  84 
-15  -9 
34  12 
-3  -15 
-36  40 
9  -12 
-12  1 
7  18 
16  1 
14  59 
49  40 
32  -10 
15  -18 
35  65 
29  7 
43  -8 
34  50 
1  -52 
41  36 
2  -13 
2  -6 
28  62 
19  -37 
-32  17 
0  27 
-7  72 
45  -2 
19  -53 
-10  -24 
-79  -22 
-1  11 
37  -28 
26  8 
-41  5 
-16  36 
-29  16 
60  -37 
-40  18 
28  -8 
-43  -16 
16  52 
-5  -79 
-9  37 
-15  -14 
3  23 
9  63 
7  -7 
-30  8 
33  23 
-15  -31 
-25  33 
36  -36 
-40  1 
8  16 
34  11 
7  26 
3  10 
-2  -14 
1  6 
24  4 
1  81 
-29  -14 
19  6 
-25  36 
-38  9 
-19  10 
20  54 
32  73 
31  -62 
1  -41 
-11  15 
40  62 
7  27 
26  14 
20  19 
12  35 
-17  5 
38  -8 
45  -7 
62  -15 
4  12 
62  22 
3  26 
11  48 
74  19 
31  75 
55  -18 
4  24 
-12  -4 
15  -21 
-11  15 
29  7 
-55  3 
-31  44 
31  4 
1  -16 
-24  -4 
-5  15 
-32  0 
-43  37 
-22  37 
0  7 
-4  -8 
10  31 
13  85 
-17  -13 
31  13 
-1  -18 
-35  38 
9  -12 
-12  -2 
8  21 
9  5 
14  58 
51  39 
30  -7 
14  -19 
39  60 
30  1 
43  -10 
36  51 
2  -51 
38  35 
1  -12 
2  -6 
31  62 
17  -42 
-33  19 
-1  27 
-7  72 
44  0 
17  -52 
-13  -24 
-77  -22 
-1  11 
38  -28 
23  12 
-41  3 
-16  34 
-36  21 
57  -39 
-38  17 
30  -13 
-43  -14 
15  57 
-10  -78 
-8  35 
-14  -14 
3  23 
5  69 
5  0 
-28  9 
34  23 
-14  -30 
-25  36 
31  -37 
-43  0 
7  18 
37  13 
1  26 
2  11 
-4  -14 
2  6 
26  8 
2  80 
-29  -11 
18  6 
-24  37 
-39  10 
-22  7 
19  54 
31  70 
31  -62 
1  -42 
-11  14 
42  64 
7  26 
28  15 
21  20 
8  34 
-20  6 
40  -5 
44  -8 
63  -11 
3  10 
59  23 
-4  26 
12  50 
77  20 
31  76 
58  -21 
3  23 
-13  -2 
16  -17 
-8  15 
30  6 
-54  6 
-31  46 
34  1 
2  -12 
-24  -3 
-4  14 
-33  0 
-47  34 
-22  37 
0  7 
-5  -7 
11  32 
13  84 
-15  -14 
32  17 
1  -16 
-34  37 
6  -8 
-13  -4 
9  20 
13  5 
14  57 
48  36 
29  -5 
14  -17 
42  58 
29  -2 
41  -10 
37  50 
-1  -58 
36  36 
6  -9 
2  -6 
32  62 
17  -43 
-38  22 
-4  32 
-6  71 
46  0 
17  -52 
-13  -21 
-75  -22 
-2  12 
37  -28 
24  11 
-42  6 
-18  36 
-40  20 
55  -39 
-39  16 
30  -13 
-43  -15 
15  56 
-12  -79 
-9  38 
-17  -15 
1  21 
5  69 
3  1 
-26  12 
27  23 
-18  -31 
-25  35 
31  -34 
-43  4 
11  22 
34  15 
4  26 
3  12 
-3  -14 
2  7 
23  6 
4  80 
-31  -12 
18  7 
-22  34 
-39  8 
-21  6 
21  55 
22  71 
28  -55 
1  -40 
-10  17 
42  66 
7  26 
26  14 
20  19 
8  34 
-21  5 
39  -8 
43  -8 
65  -12 
5  9 
52  22 
-3  26 
10  49 
77  17 
31  75 
56  -23 
4  24 
-12  -4 
17  -15 
-9  12 
29  3 
-53  7 
-32  46 
39  1 
3  -15 
-26  -2 
-1  14 
-44  4 
-50  35 
-25  36 
-2  4 
-6  -9 
3  33 
10  83 
-14  -14 
30  17 
2  -18 
-32  38 
11  -12 
-16  -5 
10  22 
10  5 
11  62 
52  40 
29  -6 
16  -19 
39  63 
27  -4 
41  -9 
38  52 
-6  -57 
35  37 
2  -11 
4  -8 
31  66 
16  -40 
-38  26 
-4  31 
-5  65 
45  3 
19  -54 
-15  -22 
-77  -21 
-3  12 
37  -30 
28  12 
-41  5 
-18  36 
-45  22 
56  -37 
-38  17 
28  -17 
-40  -13 
16  56 
-10  -79 
-9  38 
-19  -18 
0  20 
6  68 
8  0 
-22  16 
24  23 
-17  -29 
-25  33 
36  -38 
-43  2 
13  25 
34  15 
7  23 
0  14 
1  -12 
1  6 
22  4 
10  78 
-37  -10 
18  6 
-23  33 
-37  7 
-24  12 
18  57 
22  74 
28  -55 
1  -39 
-9  17 
43  63 
10  28 
26  15 
21  18 
8  34 
-15  6 
39  -9 
44  -8 
66  -13 
1  9 
56  22 
-3  28 
14  52 
75  17 
32  75 
61  -24 
2  26 
-16  0 
16  -17 
-12  12 
26  4 
-55  6 
-28  50 
41  4 
4  -12 
-26  -4 
0  14 
-44  4 
-52  37 
-25  36 
-4  1 
-9  -7 
3  33 
13  83 
-10  -13 
27  18 
0  -21 
-26  39 
13  -13 
-15  -4 
8  20 
10  5 
10  62 
55  42 
31  -4 
15  -25 
42  62 
29  -4 
41  -5 
44  51 
-9  -54 
36  37 
2  -11 
4  -5 
32  64 
19  -38 
-38  27 
-3  33 
-5  65 
48  -2 
21  -54 
-15  -19 
-77  -23 
0  12 
30  -32 
27  10 
-41  6 
-13  32 
-41  20 
52  -40 
-39  18 
30  -19 
-38  -15 
16  54 
-11  -77 
-9  37 
-17  -14 
-3  24 
5  69 
9  0 
-17  12 
26  28 
-17  -29 
-26  31 
39  -37 
-42  6 
9  24 
36  15 
4  24 
4  16 
1  -12 
-2  4 
17  3 
14  78 
-37  -10 
17  6 
-25  34 
-42  7 
-23  10 
18  57 
24  73 
27  -59 
1  -39 
-9  12 
47  66 
7  23 
26  15 
25  18 
9  35 
-16  6 
35  -9 
