Created:September-13-2022 
Coverage:2 
N:20 
NUM-IONS:8 
NSTEPS:150000 
WRITE-PERIODICITY:100 
epsilon:1.71 
-52  -25 
-72  48 
10  142 
27  1 
69  53 
65  15 
-13  53 
-77  15 
-50  -28 
-74  41 
7  140 
31  -6 
65  53 
64  15 
-19  53 
-82  9 
-53  -25 
-73  39 
3  144 
40  -3 
60  52 
63  14 
-31  50 
-83  7 
-51  -30 
-70  42 
0  140 
42  -1 
63  52 
65  14 
-36  49 
-80  9 
-47  -35 
-75  44 
10  142 
42  1 
59  51 
66  10 
-34  52 
-78  7 
-40  -36 
-73  44 
7  141 
34  -1 
60  52 
70  11 
-35  51 
-78  7 
-45  -33 
-73  39 
10  142 
33  2 
62  51 
74  5 
-34  52 
-77  8 
-47  -29 
-72  41 
7  141 
34  1 
61  53 
73  6 
-32  51 
-64  10 
-53  -25 
-70  44 
8  143 
34  4 
62  53 
71  13 
-30  52 
-66  12 
-55  -28 
-69  43 
6  138 
28  6 
59  49 
68  17 
-26  51 
-64  12 
-57  -25 
-71  44 
9  139 
27  6 
65  54 
75  16 
-30  55 
-66  11 
-58  -27 
-65  44 
8  143 
26  0 
65  48 
70  17 
-26  49 
-72  11 
-64  -28 
-62  46 
7  142 
28  1 
64  46 
71  17 
-33  49 
-69  13 
-64  -29 
-59  54 
7  139 
23  1 
65  54 
77  16 
-31  53 
-61  14 
-67  -32 
-58  52 
9  144 
28  -5 
61  54 
74  11 
-25  55 
-68  13 
-73  -34 
-58  46 
5  146 
24  -2 
61  57 
67  15 
-27  62 
-62  13 
-69  -34 
-63  46 
4  146 
20  3 
60  55 
74  9 
-21  58 
-62  13 
-70  -36 
-63  47 
7  144 
22  1 
59  62 
79  18 
-19  57 
-58  12 
-73  -40 
-63  44 
8  145 
30  5 
62  59 
82  18 
-12  59 
-53  13 
-65  -36 
-66  44 
7  144 
26  3 
62  59 
89  16 
-14  60 
-54  10 
-67  -33 
-59  48 
8  142 
26  10 
64  57 
84  15 
-10  65 
-61  14 
-68  -30 
-51  44 
6  145 
29  6 
62  59 
83  14 
-11  65 
-63  13 
-70  -29 
-50  46 
5  148 
34  3 
60  56 
83  12 
-12  67 
-61  7 
-77  -36 
-50  44 
2  152 
40  10 
60  57 
82  13 
-10  72 
-68  10 
-78  -32 
-53  46 
2  150 
38  9 
62  59 
84  15 
-6  72 
-65  11 
-83  -34 
-61  47 
-7  151 
38  9 
68  66 
82  13 
-6  72 
-58  12 
-93  -34 
-62  41 
-12  148 
39  0 
70  66 
82  12 
-10  73 
-59  9 
-89  -25 
-71  39 
-13  149 
49  6 
71  66 
80  12 
-11  71 
-60  6 
-90  -23 
-68  40 
-10  144 
49  4 
74  65 
82  12 
-8  71 
-57  4 
-86  -16 
-72  35 
-10  146 
50  4 
78  65 
85  10 
-4  70 
-55  1 
-86  -16 
-70  33 
-11  146 
48  5 
87  63 
88  6 
-14  73 
-54  3 
-86  -17 
-66  31 
-6  144 
46  8 
93  68 
84  2 
-10  77 
-54  -3 
-81  -16 
-68  31 
-5  147 
53  6 
96  71 
90  -8 
-14  83 
-50  -4 
-83  -16 
-64  28 
-2  149 
54  4 
92  70 
82  -7 
-12  84 
-55  0 
-80  -17 
-62  29 
0  144 
59  5 
94  69 
83  -10 
-14  87 
-52  3 
-81  -18 
-64  31 
-6  147 
58  1 
85  66 
80  -10 
-15  91 
-54  9 
-81  -13 
-72  43 
-6  143 
60  -5 
87  56 
74  -9 
-10  88 
-48  17 
-78  -7 
-71  42 
-5  144 
61  -6 
87  55 
70  -12 
-9  86 
-54  15 
-77  -8 
-73  41 
-4  140 
67  2 
88  55 
69  -18 
-13  84 
-50  15 
-78  -8 
-67  48 
-7  138 
69  -1 
84  57 
66  -19 
-13  86 
-47  10 
-77  -8 
-72  43 
-5  138 
72  -3 
84  55 
70  -14 
-5  84 
-42  12 
-77  -6 
-66  39 
-14  141 
70  -3 
90  51 
70  -15 
-12  85 
-46  16 
-78  -15 
-65  36 
-18  140 
69  -1 
88  46 
67  -16 
-12  88 
-53  15 
-77  -23 
-69  37 
-19  142 
74  -4 
89  47 
66  -19 
-9  89 
-54  14 
-75  -34 
-63  36 
-21  141 
68  -7 
88  45 
70  -18 
-16  90 
-59  17 
-72  -29 
-63  30 
-29  146 
66  -8 
88  43 
69  -26 
-15  87 
-57  14 
-71  -29 
-64  32 
-31  142 
63  -4 
88  37 
72  -27 
-11  78 
-59  17 
-75  -28 
-71  29 
-32  141 
60  -4 
82  38 
73  -32 
-9  77 
-59  16 
-73  -31 
-69  37 
-34  145 
62  -7 
80  40 
79  -33 
-6  73 
-56  18 
-75  -26 
-68  36 
-30  144 
60  -2 
82  39 
82  -35 
-10  73 
-50  22 
-74  -23 
-71  34 
-26  151 
61  -4 
83  37 
75  -36 
-14  70 
-52  15 
-72  -15 
-74  32 
-25  151 
68  2 
79  34 
74  -37 
-10  62 
-52  15 
-71  -14 
-79  34 
-30  153 
74  7 
76  31 
82  -33 
-7  53 
-53  19 
-76  -11 
-80  32 
-27  148 
74  5 
74  29 
81  -35 
-6  52 
-51  17 
-73  -11 
-79  33 
-25  152 
74  3 
74  29 
81  -32 
-4  52 
-49  15 
-76  -18 
-77  34 
-28  156 
71  6 
70  35 
79  -40 
-9  53 
-49  17 
-73  -21 
-81  38 
-32  157 
73  6 
73  35 
81  -43 
-11  46 
-62  21 
-78  -17 
-79  37 
-28  153 
75  7 
71  35 
81  -46 
-14  50 
-61  22 
-73  -17 
-78  39 
-27  150 
75  10 
66  37 
80  -48 
-15  51 
-58  23 
-72  -18 
-77  35 
-31  153 
82  8 
65  31 
73  -52 
-16  57 
-55  19 
-71  -16 
-75  34 
-26  156 
79  7 
73  36 
74  -50 
-9  59 
-52  21 
-72  -13 
-78  38 
-20  160 
81  10 
65  40 
72  -48 
-7  58 
-54  22 
-75  -9 
-76  43 
-16  162 
78  9 
62  35 
70  -43 
-7  58 
-50  18 
-73  -1 
-79  44 
-10  162 
77  7 
59  31 
75  -40 
-3  58 
-52  14 
-70  -1 
-79  44 
-15  166 
76  11 
59  31 
77  -42 
-5  58 
-51  11 
-78  -2 
-86  43 
-14  166 
70  22 
50  33 
69  -38 
-10  67 
-54  7 
-76  -2 
-87  42 
-14  168 
70  24 
49  29 
62  -38 
-14  60 
-53  7 
-74  0 
-83  38 
-12  157 
67  34 
61  31 
62  -33 
-12  63 
-50  5 
-66  1 
-77  35 
-13  156 
64  35 
69  34 
58  -31 
-17  64 
-52  13 
-62  -5 
-72  37 
-3  158 
64  34 
64  35 
56  -32 
-21  60 
-51  11 
-62  -9 
-74  37 
-8  157 
60  36 
58  35 
59  -33 
-17  64 
-52  11 
-55  -6 
-75  41 
-13  157 
60  38 
53  39 
63  -30 
-21  60 
-50  11 
-56  -11 
-76  46 
-14  157 
64  33 
52  37 
62  -34 
-28  60 
-48  12 
-57  -17 
-75  46 
-11  159 
66  32 
57  36 
64  -31 
-27  58 
-44  13 
-59  -16 
-76  46 
-11  159 
65  31 
52  37 
68  -33 
-25  62 
-47  10 
-61  -18 
-76  48 
-8  158 
63  33 
43  39 
74  -39 
-24  60 
-44  11 
-58  -10 
-76  50 
-18  159 
66  43 
44  42 
74  -36 
-23  56 
-46  12 
-59  -6 
-74  47 
-20  164 
64  42 
46  41 
71  -37 
-28  56 
-52  6 
-58  -7 
-76  46 
-19  168 
62  39 
43  41 
76  -38 
-29  57 
-53  1 
-57  -8 
-78  39 
-22  166 
63  44 
39  40 
74  -39 
-32  57 
-58  -2 
-61  -12 
-74  37 
-25  167 
60  43 
43  41 
76  -42 
-41  60 
-56  -3 
-66  -14 
-78  34 
-24  162 
62  41 
49  44 
79  -38 
-38  60 
-54  -4 
-65  -21 
-82  29 
-31  165 
59  44 
43  40 
78  -40 
-40  69 
-53  -1 
-64  -20 
-78  28 
-36  166 
59  45 
45  40 
85  -36 
-44  68 
-56  2 
-67  -19 
-78  18 
-35  166 
54  39 
43  41 
90  -34 
-42  69 
-53  6 
-63  -22 
-78  16 
-37  164 
53  41 
39  42 
87  -37 
-38  70 
-55  4 
-59  -23 
-80  12 
-43  167 
48  46 
43  43 
87  -39 
-36  69 
-52  3 
-60  -25 
-87  11 
-44  165 
43  44 
46  40 
86  -39 
-36  69 
-54  -1 
-60  -24 
-87  8 
-46  170 
39  40 
53  38 
87  -37 
-36  69 
-53  0 
-60  -25 
-87  8 
-42  173 
45  41 
52  40 
81  -39 
-32  65 
-55  7 
-59  -23 
-80  7 
-42  172 
47  41 
54  41 
79  -40 
-31  64 
-55  14 
-64  -20 
-81  9 
-44  173 
48  35 
46  41 
88  -39 
-33  62 
-46  13 
-74  -15 
-78  6 
-44  173 
45  34 
40  42 
87  -40 
-34  61 
-46  10 
-74  -10 
-80  10 
-36  175 
48  35 
35  44 
89  -32 
-34  59 
-47  8 
-73  -11 
-80  9 
-36  177 
49  30 
41  49 
90  -28 
-40  56 
-52  5 
-70  -16 
-82  9 
-34  181 
52  37 
40  56 
86  -37 
-34  57 
-54  0 
-71  -22 
-78  10 
-25  180 
52  36 
40  56 
90  -34 
-35  64 
-55  -9 
-74  -20 
-71  8 
-25  179 
54  39 
39  58 
94  -37 
-33  61 
-53  -6 
-65  -21 
-63  6 
-27  175 
63  34 
45  53 
94  -33 
-35  58 
-46  -9 
-72  -25 
-56  0 
-32  177 
65  31 
46  54 
97  -36 
-36  57 
-42  -7 
-75  -28 
-57  0 
-35  184 
65  31 
50  57 
98  -34 
-36  57 
-43  -7 
-75  -27 
-51  -1 
-34  186 
61  34 
54  56 
102  -30 
-32  61 
-50  -8 
-77  -25 
-53  0 
-40  182 
68  33 
53  58 
103  -30 
-35  62 
-52  -3 
-72  -23 
-51  -1 
-36  177 
73  31 
53  58 
100  -30 
-34  60 
-54  1 
-66  -29 
-55  0 
-37  174 
78  33 
51  53 
102  -34 
-37  61 
-54  0 
-66  -27 
-47  -10 
-38  178 
81  33 
56  52 
101  -31 
-38  66 
-54  2 
-62  -34 
-45  -16 
-36  181 
77  34 
54  53 
103  -25 
-36  66 
-54  2 
-63  -34 
-46  -13 
-25  178 
78  29 
54  60 
105  -26 
-40  62 
-57  4 
-53  -41 
-46  -13 
-25  179 
82  31 
55  56 
107  -31 
-39  69 
-59  2 
-53  -37 
-55  -16 
-30  180 
80  32 
57  53 
107  -25 
-40  68 
-54  -8 
-54  -37 
-50  -22 
-33  183 
83  34 
54  53 
108  -23 
-50  66 
-60  -8 
-56  -40 
-54  -10 
-29  186 
83  37 
56  53 
108  -26 
-49  64 
-58  -1 
-50  -35 
-51  -6 
-28  184 
80  35 
57  58 
111  -25 
-48  71 
-60  -4 
-56  -37 
-54  -6 
-30  185 
81  34 
48  55 
108  -26 
-46  64 
-55  -6 
-55  -38 
-46  -10 
-30  192 
76  32 
55  59 
105  -33 
-56  69 
-58  -2 
-62  -40 
-50  -7 
-32  184 
68  26 
54  64 
110  -36 
-54  67 
-63  -6 
-62  -39 
-45  -5 
-31  184 
64  17 
54  65 
106  -33 
-49  66 
-66  -10 
-69  -43 
-53  -1 
-30  186 
70  16 
62  69 
108  -43 
-45  64 
-70  -7 
-67  -42 
-52  1 
-26  184 
69  10 
59  68 
110  -45 
-46  61 
-63  -7 
-67  -42 
-49  0 
-24  180 
66  14 
65  71 
116  -48 
-49  66 
-66  -10 
-66  -39 
-44  2 
-27  179 
67  15 
63  74 
116  -49 
-54  67 
-61  -12 
-69  -43 
-37  4 
-32  181 
67  22 
62  83 
113  -50 
-53  68 
-52  -7 
-71  -51 
-39  4 
-26  176 
73  22 
67  80 
114  -47 
-53  66 
-57  -8 
-70  -47 
-37  3 
-24  170 
79  18 
66  90 
113  -49 
-52  65 
-57  -7 
-71  -49 
-45  7 
-33  169 
83  14 
66  87 
109  -51 
-52  65 
-52  -3 
-70  -53 
-49  6 
-36  169 
88  14 
66  86 
114  -57 
-50  65 
-56  -5 
-70  -56 
-58  5 
-34  170 
90  15 
66  87 
114  -62 
-49  73 
-57  -8 
-72  -55 
-58  11 
-30  166 
97  16 
66  85 
114  -62 
-44  70 
-50  -8 
-76  -54 
-50  4 
-32  162 
100  12 
69  90 
111  -62 
-46  73 
-50  -9 
-74  -52 
-54  0 
-28  166 
95  10 
69  88 
109  -66 
-39  66 
-51  -9 
-71  -56 
-46  -1 
-27  173 
101  14 
68  94 
107  -65 
-38  66 
-41  -11 
-64  -60 
-43  -2 
-22  167 
98  12 
66  97 
114  -69 
-40  69 
-38  -15 
-61  -58 
-38  -1 
-20  163 
92  12 
69  102 
115  -65 
-38  61 
-46  -17 
-60  -57 
-31  -4 
-12  163 
93  13 
68  106 
116  -58 
-44  60 
-47  -20 
-60  -57 
-32  -5 
-10  166 
97  13 
71  106 
115  -53 
-42  61 
-42  -25 
-62  -59 
-32  -6 
-14  161 
92  13 
71  103 
108  -52 
-33  62 
-43  -24 
-62  -61 
-30  -7 
-15  164 
89  13 
69  107 
108  -45 
-31  62 
-47  -24 
-58  -61 
-34  -10 
-11  165 
83  14 
65  107 
101  -52 
-34  60 
-48  -24 
-58  -60 
-31  -15 
-13  164 
86  12 
66  100 
108  -52 
-30  53 
-49  -27 
-63  -62 
-27  -12 
-6  161 
88  21 
67  100 
104  -51 
-33  53 
-46  -28 
-67  -64 
-26  -17 
-6  159 
89  26 
67  102 
110  -49 
-29  49 
-46  -31 
-68  -63 
-29  -16 
-7  153 
90  32 
66  101 
108  -45 
-28  52 
-50  -27 
-70  -65 
-36  -11 
-6  149 
94  33 
67  101 
108  -46 
-28  52 
-47  -30 
-69  -63 
-32  -12 
-2  153 
101  34 
67  104 
108  -47 
-27  51 
-48  -28 
-56  -67 
-27  -14 
-8  152 
100  36 
66  110 
108  -39 
-30  56 
-46  -31 
-50  -65 
-32  -14 
-8  153 
107  35 
71  106 
107  -40 
-27  56 
-46  -28 
-50  -65 
-27  -12 
-6  151 
109  25 
70  104 
103  -39 
-30  57 
-45  -28 
-50  -63 
-30  -14 
-12  145 
105  26 
68  104 
95  -36 
-30  59 
-53  -25 
-47  -65 
-35  -12 
-15  144 
106  27 
66  105 
93  -34 
-26  61 
-52  -18 
-50  -65 
-33  -14 
-14  140 
109  25 
63  112 
95  -36 
-27  59 
-54  -10 
-54  -63 
-30  -14 
-12  142 
112  28 
64  115 
90  -38 
-26  61 
-53  -17 
-52  -65 
-31  -14 
-11  145 
102  19 
57  118 
85  -37 
-24  60 
-55  -18 
-54  -63 
-30  -15 
-11  146 
102  23 
59  121 
86  -36 
-22  61 
-53  -16 
-59  -66 
-29  -11 
-16  146 
102  29 
56  128 
94  -39 
-18  58 
-54  -11 
-58  -68 
-29  -11 
-21  149 
102  30 
56  131 
96  -38 
-20  55 
-48  -13 
-58  -67 
-33  -14 
-21  149 
101  33 
54  130 
94  -36 
-20  49 
-47  -22 
-63  -72 
-34  -20 
-27  150 
99  38 
53  140 
102  -34 
-20  53 
-46  -19 
-62  -74 
-31  -14 
-22  153 
103  44 
55  136 
100  -33 
-20  49 
-46  -24 
-66  -68 
-32  -14 
-28  150 
105  42 
49  139 
102  -30 
-18  48 
-43  -24 
-68  -63 
-30  -16 
-32  155 
98  49 
53  135 
97  -34 
-17  44 
-39  -20 
-72  -67 
-31  -15 
-33  160 
100  50 
55  136 
103  -36 
-18  46 
-44  -20 
-68  -68 
-35  -16 
-35  162 
97  47 
56  140 
99  -38 
-18  50 
-43  -28 
-65  -68 
-32  -18 
-29  162 
99  44 
57  134 
103  -40 
-22  49 
-43  -22 
-70  -58 
-34  -20 
-30  164 
97  47 
57  134 
100  -45 
-25  46 
-43  -24 
-74  -59 
-34  -25 
-31  166 
98  47 
59  129 
95  -41 
-21  47 
-46  -29 
-75  -60 
-29  -25 
-31  166 
91  49 
62  131 
88  -39 
-14  50 
-52  -25 
-73  -59 
-37  -28 
-31  165 
91  49 
62  128 
85  -36 
-15  45 
-57  -24 
-71  -58 
-39  -27 
-31  171 
95  51 
60  130 
91  -34 
-15  46 
-60  -24 
-72  -55 
-38  -27 
-31  170 
91  54 
65  122 
95  -33 
-15  47 
-59  -26 
-71  -56 
-40  -27 
-33  176 
91  53 
70  122 
96  -36 
-18  33 
-60  -30 
-61  -56 
-38  -32 
-35  180 
94  50 
69  122 
97  -34 
-23  33 
-60  -30 
-65  -58 
-36  -34 
-35  181 
96  51 
65  124 
93  -32 
-26  36 
-61  -36 
-67  -60 
-34  -34 
-37  181 
93  53 
65  122 
95  -30 
-28  37 
-57  -37 
-64  -60 
-26  -37 
-30  182 
94  54 
63  121 
94  -33 
-26  35 
-60  -39 
-65  -61 
-26  -33 
-35  182 
93  50 
68  118 
87  -34 
-32  36 
-61  -33 
-64  -58 
-22  -36 
-31  182 
90  51 
62  118 
88  -34 
-24  30 
-60  -28 
-66  -56 
-25  -36 
-35  181 
84  46 
59  113 
90  -35 
-21  29 
-60  -24 
-64  -58 
-38  -37 
-38  185 
90  45 
58  113 
88  -38 
-23  28 
-63  -24 
-63  -56 
-41  -33 
-38  193 
93  46 
54  113 
82  -33 
-28  30 
-67  -24 
-66  -49 
-45  -34 
-50  192 
86  43 
53  113 
83  -30 
-25  32 
-63  -26 
-73  -50 
-40  -31 
-46  193 
87  42 
56  112 
79  -32 
-24  40 
-63  -19 
-68  -46 
-40  -31 
-49  197 
88  43 
52  112 
78  -31 
-28  36 
-60  -17 
-64  -47 
-42  -34 
-51  191 
94  43 
43  115 
78  -29 
-23  36 
-55  -20 
-66  -48 
-47  -35 
-54  189 
95  44 
42  112 
77  -24 
-27  30 
-53  -16 
-67  -45 
-50  -27 
-57  181 
95  47 
39  113 
74  -29 
-29  37 
-52  -12 
-69  -37 
-52  -35 
-55  180 
87  46 
40  115 
74  -27 
-25  39 
-53  -12 
-69  -47 
-53  -41 
-52  183 
99  48 
42  108 
80  -30 
-21  42 
-54  -3 
-72  -47 
-55  -36 
-58  186 
95  47 
40  110 
79  -29 
-26  47 
-47  -2 
-74  -39 
-57  -39 
-64  188 
89  46 
40  104 
82  -28 
-25  47 
-43  -4 
-69  -43 
-53  -40 
-63  186 
87  42 
48  93 
84  -25 
-33  39 
-42  -7 
-66  -39 
-52  -45 
-61  188 
89  46 
42  93 
82  -22 
-34  41 
-39  -3 
-64  -38 
-54  -43 
-62  189 
85  46 
40  96 
82  -21 
-27  36 
-38  -3 
-65  -44 
-53  -43 
-61  185 
85  47 
41  94 
82  -12 
-28  41 
-38  -2 
-67  -42 
-55  -46 
-61  189 
90  45 
39  91 
82  -17 
-24  42 
-39  6 
-64  -38 
-55  -46 
-59  189 
88  47 
34  89 
88  -23 
-19  37 
-42  9 
-66  -33 
-54  -43 
-58  187 
89  43 
33  88 
88  -18 
-25  36 
-43  6 
-75  -34 
-54  -43 
-59  191 
89  42 
38  95 
87  -21 
-33  41 
-40  9 
-76  -34 
-57  -46 
-58  185 
89  39 
38  101 
88  -21 
-34  40 
-51  6 
-72  -33 
-54  -47 
-57  184 
87  41 
43  103 
81  -16 
-32  43 
-52  2 
-74  -37 
-59  -46 
-57  181 
89  42 
38  97 
79  -20 
-35  44 
-54  1 
-75  -38 
-56  -45 
-48  180 
92  44 
47  101 
80  -17 
-32  41 
-52  2 
-71  -36 
-57  -46 
-48  176 
94  44 
50  102 
87  -18 
-31  45 
-47  8 
-77  -36 
-58  -53 
-53  176 
97  48 
48  106 
83  -10 
-32  43 
-43  4 
-78  -35 
-59  -56 
-54  172 
100  49 
45  107 
87  -20 
-32  43 
-42  1 
-79  -26 
-62  -59 
-62  173 
97  49 
46  110 
91  -14 
-30  42 
-42  2 
-81  -22 
-58  -57 
-68  171 
102  45 
38  109 
93  -14 
-36  43 
-39  0 
-78  -17 
-60  -63 
-66  163 
99  48 
40  107 
84  -14 
-34  40 
-41  4 
-77  -26 
-61  -59 
-63  164 
98  49 
41  101 
87  -11 
-38  32 
-43  7 
-80  -25 
-59  -57 
-62  171 
98  49 
42  105 
86  -10 
-38  33 
-43  9 
-81  -22 
-63  -53 
-66  170 
99  48 
42  105 
85  -9 
-38  28 
-41  9 
-80  -22 
-60  -57 
-70  171 
103  50 
39  104 
87  -11 
-40  29 
-38  10 
-80  -25 
-58  -54 
-72  183 
95  47 
38  106 
85  -9 
-43  26 
-39  8 
-79  -27 
-61  -53 
-75  182 
93  46 
36  102 
82  -8 
-42  29 
-42  6 
-82  -28 
-58  -52 
-75  180 
85  47 
34  105 
80  -8 
-43  27 
-44  7 
-83  -26 
-66  -56 
-78  178 
90  52 
31  106 
72  -11 
-46  16 
-41  11 
-86  -28 
-67  -54 
-79  174 
88  50 
28  105 
72  -9 
-46  13 
-38  12 
-85  -28 
-66  -56 
-80  172 
90  52 
26  107 
73  -4 
-43  13 
-36  2 
-86  -30 
-66  -57 
-83  175 
86  57 
28  103 
71  -3 
-40  9 
-34  -2 
-87  -27 
-70  -47 
-80  172 
92  51 
24  109 
73  1 
-37  4 
-37  1 
-84  -30 
-72  -45 
-81  175 
96  48 
29  109 
71  -3 
-40  0 
-40  2 
-86  -29 
-66  -47 
-84  170 
97  47 
30  112 
73  -5 
-33  1 
-39  0 
-84  -28 
-67  -52 
-82  173 
99  48 
31  109 
76  -1 
-33  -1 
-41  9 
-90  -29 
-67  -52 
-86  171 
103  42 
27  106 
72  -7 
-33  -2 
-43  6 
-93  -25 
-68  -47 
-80  166 
99  42 
26  103 
72  -8 
-29  -1 
-41  9 
-83  -24 
-65  -49 
-81  169 
95  44 
26  101 
74  -9 
-24  -2 
-40  9 
-81  -23 
-65  -48 
-82  169 
90  51 
22  107 
68  -9 
-22  -7 
-39  6 
-76  -26 
-71  -49 
-82  169 
88  48 
22  107 
74  -8 
-27  -10 
-46  5 
-68  -23 
-70  -47 
-85  164 
94  52 
23  110 
75  -4 
-28  -7 
-50  -3 
-67  -22 
-67  -45 
-86  165 
94  49 
19  109 
75  -2 
-27  -7 
-48  -3 
-66  -19 
-70  -42 
-79  163 
94  51 
16  108 
72  -1 
-30  -8 
-55  2 
-63  -19 
-74  -40 
-82  161 
87  46 
14  107 
74  -4 
-33  -11 
-53  1 
-58  -21 
-73  -39 
-82  159 
88  45 
15  104 
66  0 
-23  -6 
-54  3 
-56  -23 
-73  -37 
-87  155 
87  41 
19  104 
68  -3 
-30  -8 
-55  4 
-54  -23 
-77  -39 
-91  156 
87  41 
19  102 
67  -1 
-28  -7 
-54  0 
-50  -26 
-77  -36 
-86  156 
89  45 
22  98 
65  4 
-31  -9 
-50  4 
-50  -28 
-78  -39 
-88  167 
84  46 
23  103 
60  0 
-33  -3 
-57  -5 
-46  -24 
-79  -38 
-91  165 
83  43 
20  100 
59  1 
-39  0 
-66  -5 
-45  -24 
-79  -36 
-91  166 
77  41 
19  100 
62  5 
-37  8 
-74  -4 
-50  -24 
-78  -47 
-85  163 
89  42 
21  101 
61  6 
-30  6 
-69  -6 
-47  -30 
-77  -48 
-84  162 
86  41 
27  102 
62  6 
-21  4 
-72  -5 
-47  -30 
-74  -46 
-91  165 
86  43 
29  94 
63  10 
-18  8 
-72  -7 
-47  -30 
-73  -45 
-90  173 
88  46 
27  94 
59  7 
-24  12 
-70  -16 
-49  -27 
-72  -44 
-97  176 
87  43 
27  89 
54  7 
-26  11 
-72  -9 
-47  -29 
-74  -43 
-99  177 
89  42 
24  89 
45  6 
-30  17 
-74  -10 
-45  -36 
-72  -49 
-99  177 
90  38 
26  92 
47  0 
-35  16 
-75  -13 
-46  -35 
-71  -49 
-100  176 
92  40 
24  95 
48  -7 
-27  21 
-75  -16 
-43  -36 
-71  -56 
-99  180 
93  36 
21  95 
54  -9 
-26  23 
-75  -16 
-42  -35 
-72  -54 
-93  180 
93  33 
22  96 
49  -6 
-26  25 
-75  -17 
-38  -33 
-71  -57 
-92  180 
92  32 
19  100 
46  -3 
-23  29 
-73  -20 
-38  -34 
-73  -54 
-95  181 
95  32 
19  98 
49  -6 
-18  32 
-70  -16 
-38  -32 
-72  -57 
-86  179 
90  27 
11  100 
53  -5 
-19  34 
-71  -16 
-46  -33 
-75  -59 
-85  179 
85  28 
13  95 
53  -10 
-22  35 
-74  -13 
-40  -31 
-74  -54 
-86  181 
86  30 
13  99 
56  -9 
-23  36 
-71  -10 
-43  -28 
-70  -56 
-85  176 
90  25 
14  103 
44  -11 
-23  33 
-72  -14 
-46  -28 
-75  -58 
-88  177 
89  25 
10  111 
45  -14 
-20  32 
-65  -13 
-46  -22 
-76  -58 
-98  173 
94  29 
9  110 
43  -23 
-20  32 
-64  -9 
-48  -23 
-76  -58 
-95  173 
90  31 
8  110 
38  -21 
-26  31 
-69  -7 
-49  -25 
-73  -61 
-95  171 
92  32 
9  114 
36  -20 
-26  33 
-72  -13 
-48  -29 
-73  -60 
-92  174 
94  29 
6  112 
26  -23 
-21  31 
-71  -14 
-44  -23 
-72  -59 
-87  170 
96  32 
6  116 
28  -26 
-21  31 
-73  -18 
-43  -25 
-76  -62 
-86  170 
94  29 
13  115 
16  -28 
-15  34 
-75  -20 
-45  -22 
-74  -59 
-78  171 
93  33 
14  114 
15  -28 
-14  32 
-79  -22 
-48  -20 
-76  -63 
-79  169 
92  33 
18  113 
15  -31 
-13  19 
-86  -21 
-52  -21 
-79  -66 
-83  164 
88  26 
15  112 
13  -29 
-12  14 
-84  -20 
-54  -17 
-78  -70 
-87  166 
98  29 
11  113 
12  -29 
-19  20 
-81  -20 
-53  -19 
-82  -71 
-81  169 
98  31 
9  113 
11  -25 
-21  24 
-88  -23 
-52  -27 
-88  -69 
-86  172 
97  33 
13  110 
16  -29 
-21  27 
-85  -24 
-60  -28 
-79  -67 
-88  173 
93  33 
16  112 
8  -29 
-25  27 
-83  -26 
-61  -29 
-79  -66 
-88  172 
96  31 
15  111 
7  -29 
-26  23 
-82  -27 
-62  -27 
-79  -66 
-84  170 
94  29 
13  113 
3  -25 
-33  26 
-80  -30 
-55  -27 
-79  -67 
-86  169 
85  34 
16  110 
1  -26 
-32  22 
-79  -31 
-51  -29 
-68  -61 
-84  170 
83  32 
18  113 
0  -24 
-33  24 
-76  -31 
-50  -25 
-66  -64 
-81  168 
85  34 
20  103 
0  -25 
-29  23 
-76  -34 
-50  -28 
-76  -65 
-80  170 
86  32 
19  100 
2  -22 
-27  19 
-80  -31 
-54  -34 
-79  -67 
-81  171 
84  28 
15  99 
1  -23 
-19  20 
-84  -32 
-51  -34 
-79  -63 
-83  167 
89  29 
12  100 
0  -24 
-15  20 
-87  -34 
-54  -39 
-74  -68 
-81  168 
94  25 
25  97 
-4  -29 
-13  19 
-91  -35 
-48  -40 
-75  -69 
-81  169 
96  22 
20  94 
-1  -29 
-8  13 
-86  -36 
-48  -44 
-74  -74 
-80  172 
95  19 
19  93 
-4  -32 
-7  13 
-86  -36 
-48  -36 
-75  -74 
-79  170 
98  26 
23  96 
-3  -30 
-8  12 
-86  -35 
-48  -28 
-72  -72 
-78  168 
102  27 
25  100 
-3  -26 
-7  16 
-86  -35 
-49  -31 
-66  -71 
-78  168 
105  19 
27  101 
-3  -24 
-9  13 
-89  -39 
-46  -30 
-69  -67 
-77  174 
109  14 
30  102 
-3  -27 
-1  17 
-78  -35 
-51  -29 
-65  -61 
-77  172 
114  13 
22  99 
-6  -36 
-4  20 
-83  -36 
-52  -34 
-71  -55 
-78  165 
116  11 
26  100 
-2  -34 
-4  19 
-89  -31 
-54  -30 
-75  -56 
-78  170 
114  19 
30  97 
-2  -34 
1  20 
-88  -29 
-48  -34 
-74  -61 
-79  168 
110  19 
33  99 
-6  -30 
4  21 
-91  -21 
-49  -34 
-74  -63 
-78  168 
113  16 
36  98 
-6  -30 
-1  22 
-90  -23 
-55  -34 
-72  -67 
-80  166 
113  16 
34  100 
-6  -29 
2  19 
-90  -18 
-54  -30 
-64  -70 
-90  167 
114  16 
32  101 
-7  -27 
5  22 
-101  -20 
-50  -35 
-66  -69 
-87  168 
113  18 
37  114 
-6  -27 
7  21 
-105  -28 
-51  -35 
-60  -64 
-80  170 
111  19 
36  120 
-6  -27 
7  22 
-110  -29 
-56  -34 
-60  -57 
-77  164 
102  19 
33  117 
-7  -30 
8  31 
-115  -28 
-51  -41 
-60  -56 
-78  166 
101  14 
33  119 
-8  -28 
5  28 
-113  -31 
-53  -37 
-58  -62 
-78  171 
102  12 
30  117 
-3  -28 
7  29 
-116  -27 
-55  -40 
-63  -56 
-81  168 
100  15 
35  119 
-8  -30 
6  30 
-115  -26 
-56  -34 
-70  -55 
-77  172 
103  15 
37  116 
-7  -30 
6  30 
-118  -32 
-50  -34 
-68  -63 
-81  168 
106  12 
35  116 
-4  -29 
7  29 
-118  -28 
-50  -34 
-70  -58 
-75  171 
101  9 
33  119 
1  -26 
0  23 
-118  -33 
-52  -34 
-79  -66 
-75  174 
102  13 
29  111 
1  -23 
1  20 
-121  -29 
-50  -38 
-78  -61 
-78  172 
99  8 
25  114 
1  -27 
0  23 
-123  -33 
-50  -38 
-82  -65 
-79  174 
102  3 
24  114 
3  -28 
0  27 
-122  -31 
-52  -32 
-77  -65 
-77  172 
110  2 
29  109 
12  -33 
-1  28 
-122  -28 
-53  -31 
-76  -65 
-80  170 
112  4 
28  107 
6  -33 
3  30 
-124  -28 
-51  -31 
-76  -67 
-79  171 
113  -2 
29  104 
7  -31 
2  25 
-127  -32 
-49  -31 
-75  -62 
-77  170 
113  -4 
26  100 
7  -38 
2  28 
-127  -32 
-45  -31 
-75  -60 
-78  170 
109  -6 
29  102 
3  -36 
2  26 
-126  -36 
-46  -31 
-72  -59 
-77  175 
109  2 
26  101 
3  -37 
4  29 
-126  -36 
-49  -27 
-70  -54 
-80  169 
112  0 
28  102 
4  -34 
10  31 
-126  -37 
-52  -33 
-69  -60 
-81  167 
109  -11 
29  99 
5  -36 
5  32 
-122  -34 
-52  -25 
-74  -57 
-77  174 
109  -14 
34  98 
6  -44 
5  31 
-117  -36 
-52  -25 
-73  -58 
-80  172 
106  -18 
34  99 
9  -46 
5  34 
-119  -38 
-47  -14 
-76  -63 
-78  173 
112  -24 
33  99 
5  -46 
11  37 
-115  -38 
-45  -13 
-75  -67 
-86  168 
109  -26 
35  102 
10  -55 
15  39 
-112  -40 
-41  -11 
-77  -66 
-87  168 
108  -24 
34  100 
6  -62 
15  39 
-108  -33 
-41  -16 
-81  -62 
-87  168 
104  -18 
34  101 
8  -58 
13  38 
-106  -27 
-36  -19 
-76  -58 
-80  172 
101  -20 
38  95 
9  -58 
12  40 
-106  -27 
-42  -19 
-67  -64 
-81  171 
101  -18 
34  92 
3  -57 
10  33 
-107  -29 
-46  -19 
-76  -65 
-82  165 
111  -18 
33  91 
8  -55 
9  31 
-108  -30 
-50  -23 
-75  -69 
-78  168 
113  -21 
33  93 
8  -55 
7  36 
-111  -26 
-49  -23 
-78  -68 
-86  167 
113  -24 
30  91 
8  -57 
2  30 
-110  -28 
-49  -26 
-78  -66 
-86  170 
115  -22 
32  90 
5  -53 
1  34 
-110  -24 
-50  -29 
-73  -64 
-86  170 
110  -28 
28  85 
15  -53 
7  34 
-112  -23 
-55  -34 
-71  -69 
-87  173 
114  -27 
29  86 
21  -54 
11  34 
-114  -20 
-52  -38 
-72  -67 
-89  169 
118  -27 
36  88 
20  -50 
8  35 
-110  -14 
-55  -33 
-73  -73 
-85  167 
119  -32 
30  93 
23  -46 
10  34 
-111  -11 
-51  -36 
-72  -64 
-81  164 
119  -31 
34  93 
25  -46 
17  34 
-114  -10 
-51  -38 
-78  -62 
-86  165 
122  -34 
40  92 
25  -49 
14  41 
-116  -19 
-44  -38 
-81  -58 
-79  163 
119  -31 
41  90 
25  -47 
12  40 
-124  -20 
-50  -36 
-80  -60 
-76  155 
118  -27 
39  91 
27  -45 
9  39 
-127  -24 
-51  -35 
-81  -62 
-72  151 
113  -28 
39  91 
34  -48 
15  37 
-126  -24 
-55  -34 
-80  -63 
-74  149 
109  -30 
33  86 
22  -52 
15  41 
-127  -24 
-52  -34 
-80  -65 
-76  142 
106  -30 
33  88 
18  -54 
17  44 
-130  -27 
-50  -33 
-82  -71 
-84  148 
107  -31 
30  93 
17  -53 
18  47 
-134  -33 
-51  -30 
-78  -70 
-82  146 
106  -36 
36  92 
14  -53 
15  46 
-129  -34 
-47  -32 
-80  -71 
-83  147 
108  -32 
28  97 
16  -56 
14  43 
-133  -36 
-46  -33 
-77  -65 
-89  149 
110  -35 
26  101 
14  -55 
12  45 
-134  -43 
-46  -31 
-77  -65 
-91  145 
105  -34 
24  103 
16  -53 
17  47 
-132  -45 
-47  -30 
-76  -67 
-93  149 
110  -29 
25  106 
16  -53 
19  49 
-129  -45 
-41  -29 
-77  -66 
-101  144 
110  -25 
27  104 
9  -55 
20  52 
-127  -49 
-40  -28 
-77  -65 
-92  141 
110  -29 
37  104 
10  -54 
20  62 
-123  -46 
-41  -32 
-74  -65 
-94  140 
112  -27 
34  101 
5  -58 
13  56 
-123  -47 
-39  -31 
-71  -69 
-95  141 
113  -30 
30  95 
7  -60 
12  59 
-126  -51 
-40  -36 
-67  -69 
-98  139 
109  -30 
23  95 
5  -58 
5  60 
-126  -49 
-46  -37 
-65  -63 
-101  138 
108  -32 
21  93 
1  -57 
2  60 
-124  -48 
-44  -38 
-67  -69 
-99  138 
106  -30 
24  97 
6  -59 
6  60 
-119  -49 
-52  -35 
-72  -65 
-100  136 
107  -31 
20  98 
7  -58 
6  59 
-118  -50 
-46  -37 
-75  -69 
-98  138 
114  -31 
18  99 
7  -57 
7  61 
-114  -58 
-42  -36 
-76  -63 
-96  142 
112  -29 
16  102 
1  -51 
14  56 
-115  -56 
-43  -39 
-79  -63 
-93  144 
116  -30 
13  99 
4  -58 
11  57 
-109  -54 
-45  -36 
-81  -64 
-95  144 
122  -30 
13  99 
1  -51 
12  52 
-114  -53 
-47  -32 
-76  -63 
-93  140 
123  -30 
14  99 
2  -50 
14  50 
-116  -51 
-44  -28 
-80  -64 
-95  144 
126  -28 
12  93 
1  -46 
15  49 
-112  -55 
-49  -25 
-75  -67 
-100  140 
129  -26 
4  95 
1  -43 
16  52 
-112  -52 
-46  -24 
-72  -66 
-100  140 
124  -23 
4  102 
1  -45 
19  60 
-113  -54 
-48  -23 
-67  -67 
-100  135 
123  -26 
3  101 
1  -40 
23  64 
-111  -56 
-46  -21 
-63  -73 
-103  136 
125  -29 
5  103 
-2  -40 
19  62 
-115  -53 
-47  -20 
-61  -71 
-103  133 
125  -29 
3  103 
0  -44 
21  57 
-113  -54 
-43  -22 
-58  -76 
-98  139 
125  -29 
9  105 
-1  -42 
31  55 
-110  -55 
-54  -20 
-61  -73 
-89  135 
130  -29 
8  108 
1  -38 
36  51 
-110  -55 
-55  -29 
-54  -77 
-88  130 
135  -28 
9  106 
7  -37 
36  50 
-114  -65 
-54  -23 
-53  -76 
-89  129 
135  -24 
15  104 
7  -30 
40  56 
-112  -64 
-55  -26 
-53  -71 
-87  130 
130  -22 
20  110 
10  -29 
42  52 
-110  -63 
-62  -31 
-55  -69 
-86  132 
136  -20 
20  112 
5  -34 
43  56 
-112  -67 
-64  -32 
-55  -67 
-93  129 
135  -21 
20  112 
8  -29 
44  57 
-117  -64 
-64  -32 
-60  -71 
-95  122 
135  -18 
21  113 
12  -29 
42  53 
-118  -61 
-63  -34 
-67  -74 
-95  126 
132  -27 
20  117 
13  -29 
43  52 
-113  -57 
-68  -29 
-65  -76 
-94  127 
132  -24 
23  110 
11  -27 
41  53 
-111  -61 
-66  -29 
-66  -75 
-99  120 
136  -20 
22  105 
16  -30 
44  54 
-113  -65 
-66  -27 
-60  -77 
-103  121 
136  -24 
19  109 
12  -28 
48  54 
-117  -59 
-67  -27 
-57  -76 
-100  120 
137  -25 
20  109 
12  -29 
50  53 
-123  -56 
-68  -29 
-60  -80 
-96  122 
138  -27 
25  104 
17  -24 
53  51 
-127  -56 
-65  -24 
-68  -85 
-94  123 
137  -26 
24  108 
20  -31 
54  47 
-132  -59 
-65  -21 
-71  -89 
-104  122 
136  -30 
29  110 
21  -30 
54  49 
-132  -58 
-67  -21 
-66  -81 
-106  125 
133  -24 
30  112 
17  -26 
52  53 
-134  -53 
-70  -18 
-62  -84 
-103  124 
132  -28 
33  116 
21  -29 
54  50 
-137  -60 
-72  -19 
-58  -77 
-103  126 
130  -27 
36  120 
24  -23 
50  52 
-133  -58 
-77  -16 
-61  -79 
-103  126 
134  -29 
34  127 
27  -16 
48  53 
-129  -59 
-70  -18 
-63  -82 
-105  124 
132  -29 
42  123 
28  -14 
44  55 
-123  -64 
-74  -19 
-63  -82 
-107  128 
132  -29 
42  120 
28  -17 
46  52 
-118  -67 
-73  -25 
-60  -82 
-110  122 
129  -29 
42  118 
27  -16 
46  57 
-116  -65 
-70  -28 
-59  -82 
-117  120 
132  -23 
40  117 
35  -21 
42  52 
-115  -67 
-71  -36 
-61  -82 
-117  123 
129  -26 
41  120 
34  -19 
43  50 
-112  -72 
-71  -34 
-56  -82 
-121  128 
123  -26 
43  123 
34  -19 
42  52 
-111  -70 
-66  -33 
-55  -81 
-118  130 
133  -25 
44  122 
36  -21 
41  58 
-111  -66 
-63  -34 
-54  -83 
-119  120 
130  -23 
45  120 
32  -23 
40  58 
-113  -67 
-59  -36 
-55  -89 
-124  119 
133  -25 
46  122 
31  -23 
34  59 
-113  -65 
-58  -34 
-54  -88 
-133  120 
135  -33 
45  120 
35  -21 
37  61 
-112  -67 
-57  -30 
-55  -89 
-136  115 
134  -35 
50  126 
33  -23 
38  61 
-102  -69 
-58  -30 
-54  -88 
-133  122 
135  -36 
52  127 
32  -25 
46  63 
-104  -70 
-53  -25 
-57  -86 
-134  121 
139  -32 
58  129 
33  -19 
49  64 
-109  -71 
-53  -19 
-51  -89 
-132  126 
139  -36 
54  124 
34  -19 
49  58 
-110  -74 
-57  -19 
-48  -90 
-132  126 
137  -39 
54  124 
36  -20 
52  60 
-114  -71 
-57  -20 
-46  -91 
-126  127 
142  -37 
55  127 
33  -21 
52  65 
-111  -75 
-59  -18 
-49  -91 
-124  124 
137  -33 
54  127 
25  -26 
53  66 
-112  -75 
-60  -17 
-44  -90 
-123  126 
136  -32 
54  133 
26  -25 
48  66 
-111  -72 
-58  -22 
-49  -91 
-135  126 
134  -34 
54  136 
25  -27 
48  61 
-110  -68 
-60  -24 
-49  -91 
-134  124 
129  -41 
50  137 
28  -30 
47  62 
-111  -69 
-58  -21 
-48  -90 
-134  120 
132  -44 
49  138 
30  -25 
53  56 
-107  -72 
-55  -25 
-42  -87 
-130  122 
132  -41 
49  142 
30  -25 
53  55 
-108  -69 
-55  -26 
-44  -89 
-136  126 
136  -40 
53  146 
35  -21 
48  51 
-111  -71 
-58  -27 
-37  -96 
-136  133 
132  -44 
44  142 
33  -21 
44  46 
-110  -68 
-61  -29 
-35  -96 
-137  134 
131  -54 
47  139 
31  -23 
44  46 
-113  -71 
-59  -23 
-31  -94 
-140  133 
128  -52 
46  141 
30  -23 
46  45 
-115  -73 
-59  -23 
-32  -99 
-140  135 
128  -52 
48  146 
33  -25 
47  44 
-116  -71 
-61  -32 
-36  -98 
-142  138 
127  -61 
40  136 
28  -21 
49  44 
-115  -73 
-64  -36 
-34  -102 
-141  138 
128  -52 
40  135 
24  -17 
47  43 
-112  -69 
-60  -40 
-31  -101 
-154  137 
119  -52 
45  134 
29  -13 
46  47 
-114  -74 
-59  -39 
-30  -94 
-156  140 
124  -51 
43  135 
24  -14 
50  51 
-111  -76 
-60  -38 
-29  -94 
-152  141 
117  -53 
47  135 
25  -13 
56  50 
-116  -74 
-60  -40 
-31  -95 
-153  135 
113  -54 
46  132 
34  -11 
55  52 
-116  -74 
-61  -36 
-32  -95 
-159  133 
115  -56 
48  133 
35  -13 
55  51 
-113  -71 
-63  -31 
-34  -99 
-157  134 
110  -55 
47  141 
37  -13 
61  54 
-115  -76 
-62  -36 
-27  -105 
-154  132 
108  -52 
52  140 
42  -14 
61  53 
-115  -80 
-57  -39 
-25  -101 
-150  133 
108  -55 
52  136 
42  -16 
63  52 
-110  -76 
-52  -40 
-25  -104 
-152  133 
104  -58 
52  136 
39  -18 
59  51 
-107  -78 
-51  -34 
-30  -103 
-155  140 
98  -59 
54  132 
41  -18 
59  47 
-107  -74 
-52  -34 
-26  -99 
-158  138 
93  -62 
46  132 
40  -17 
55  52 
-105  -82 
-53  -36 
-28  -108 
-156  137 
90  -67 
52  137 
37  -14 
54  49 
-111  -78 
-54  -37 
-35  -107 
-148  132 
88  -67 
45  132 
33  -12 
62  47 
-113  -77 
-56  -31 
-25  -101 
-150  132 
85  -67 
50  131 
31  -10 
61  52 
-121  -80 
-55  -32 
-19  -100 
-150  135 
90  -63 
55  127 
36  -10 
61  53 
-123  -82 
-54  -30 
-26  -99 
-154  143 
87  -69 
50  127 
32  -10 
66  52 
-127  -79 
-52  -29 
-25  -96 
-157  141 
89  -69 
46  120 
34  -11 
65  52 
-122  -81 
-55  -26 
-24  -96 
-150  146 
85  -74 
39  125 
36  -9 
66  50 
-114  -77 
-55  -26 
-23  -96 
-153  149 
91  -73 
34  123 
37  -6 
66  52 
-115  -79 
-54  -28 
-21  -93 
-155  147 
88  -72 
36  128 
36  -10 
64  49 
-107  -80 
-53  -34 
-21  -91 
-151  148 
90  -75 
38  126 
25  -7 
65  46 
-107  -74 
-51  -35 
-18  -92 
-153  155 
90  -74 
39  128 
24  -5 
65  46 
-110  -80 
-50  -36 
-20  -91 
-154  157 
86  -80 
39  128 
24  -5 
74  52 
-101  -83 
-55  -38 
-20  -90 
-155  153 
83  -79 
40  126 
19  -6 
70  44 
-100  -88 
-53  -37 
-20  -91 
-157  152 
82  -73 
42  128 
22  -7 
67  46 
-100  -88 
-51  -36 
-21  -89 
-163  149 
80  -70 
37  127 
22  -15 
68  53 
-100  -88 
-43  -36 
-23  -84 
-157  150 
79  -72 
31  129 
22  -15 
71  54 
-101  -91 
-44  -33 
-20  -93 
-157  150 
77  -72 
24  129 
14  -17 
75  52 
-101  -92 
-44  -33 
-29  -94 
-158  148 
81  -66 
30  133 
15  -13 
73  48 
-98  -90 
-44  -32 
-31  -93 
-161  149 
82  -67 
29  135 
15  -16 
80  43 
-100  -91 
-41  -36 
-35  -93 
-163  147 
79  -66 
25  131 
13  -14 
77  46 
-102  -89 
-38  -32 
-30  -88 
-162  146 
75  -64 
24  129 
7  -17 
74  45 
-103  -93 
-41  -32 
-26  -89 
-158  143 
75  -63 
23  130 
8  -15 
74  44 
-100  -96 
-40  -30 
-27  -90 
-157  135 
73  -64 
24  126 
8  -15 
74  43 
-100  -96 
-40  -34 
-26  -90 
-160  133 
72  -63 
25  127 
7  -19 
74  47 
-98  -92 
-42  -34 
-24  -88 
-166  133 
70  -65 
28  131 
9  -18 
74  45 
-100  -88 
-47  -35 
-27  -89 
-166  129 
68  -66 
30  125 
7  -16 
74  43 
-103  -86 
-42  -35 
-23  -93 
-170  133 
63  -68 
33  126 
8  -15 
78  39 
-104  -88 
-46  -37 
-21  -93 
-165  132 
59  -72 
29  128 
4  -20 
81  40 
-97  -86 
-46  -35 
-20  -90 
-164  130 
56  -68 
24  126 
8  -17 
79  42 
-95  -87 
-44  -32 
-19  -91 
-165  132 
53  -69 
31  121 
5  -18 
75  36 
-97  -86 
-41  -31 
-20  -90 
-166  131 
58  -71 
27  119 
5  -18 
74  39 
-101  -93 
-44  -32 
-24  -90 
-168  130 
55  -73 
29  122 
5  -18 
74  41 
-103  -93 
-46  -36 
-26  -87 
-168  133 
49  -78 
25  127 
8  -25 
65  40 
-106  -90 
-44  -36 
-21  -87 
-173  131 
51  -83 
28  125 
10  -25 
76  37 
-106  -91 
-41  -31 
-20  -88 
-176  126 
57  -80 
24  123 
14  -24 
72  30 
-96  -85 
-39  -31 
-20  -87 
-177  129 
58  -79 
26  123 
14  -24 
72  31 
-95  -86 
-38  -35 
-24  -88 
-172  128 
59  -73 
27  120 
12  -24 
73  33 
-98  -90 
-38  -36 
-25  -90 
-171  130 
62  -72 
24  122 
11  -27 
84  35 
-97  -96 
-39  -31 
-28  -87 
-175  134 
62  -72 
25  127 
9  -29 
84  33 
-101  -92 
-43  -32 
-28  -89 
-179  134 
60  -75 
30  124 
4  -32 
90  27 
-99  -91 
-42  -34 
-26  -85 
-179  134 
54  -76 
28  125 
9  -31 
94  19 
-104  -87 
-48  -30 
-26  -91 
-180  136 
48  -75 
25  128 
5  -33 
96  22 
-107  -89 
-52  -27 
-29  -87 
-184  139 
53  -62 
24  126 
8  -32 
92  20 
-113  -83 
-47  -25 
-31  -91 
-189  137 
52  -67 
25  126 
9  -30 
96  22 
-107  -90 
-46  -19 
-27  -87 
-189  137 
52  -69 
27  123 
16  -28 
94  27 
-101  -89 
-50  -23 
-26  -91 
-195  133 
55  -67 
29  126 
12  -28 
94  23 
-101  -91 
-50  -20 
-28  -90 
-194  141 
57  -64 
34  124 
11  -31 
95  24 
-100  -91 
-45  -25 
-31  -86 
-188  140 
57  -64 
30  127 
14  -34 
102  23 
-101  -93 
-48  -20 
-32  -90 
-187  142 
55  -68 
30  125 
19  -29 
104  21 
-102  -94 
-41  -19 
-32  -88 
-184  142 
64  -63 
25  127 
17  -26 
101  31 
-102  -97 
-39  -18 
-32  -83 
-186  145 
68  -61 
31  126 
10  -25 
101  34 
-106  -96 
-40  -11 
-35  -89 
-186  143 
64  -63 
30  125 
11  -27 
101  33 
-102  -91 
-35  -14 
-31  -84 
-195  142 
62  -61 
29  122 
18  -33 
92  36 
-97  -88 
-35  -18 
-33  -91 
-189  147 
60  -65 
24  122 
17  -35 
87  40 
-93  -84 
-33  -21 
-29  -94 
-187  145 
61  -63 
23  121 
10  -32 
94  29 
-97  -85 
-38  -28 
-30  -88 
-192  148 
61  -67 
15  127 
12  -41 
92  30 
-95  -87 
-40  -28 
-30  -83 
-190  145 
65  -66 
15  124 
13  -41 
93  36 
-92  -87 
-40  -28 
-32  -87 
-195  146 
62  -67 
20  126 
11  -39 
87  42 
-86  -96 
-40  -28 
-31  -91 
-193  147 
61  -66 
15  126 
7  -41 
96  40 
-88  -103 
-42  -27 
-34  -90 
-185  147 
60  -65 
7  115 
8  -37 
91  35 
-93  -112 
-43  -26 
-34  -88 
-182  149 
59  -69 
13  116 
7  -39 
91  29 
-91  -111 
-40  -28 
-34  -88 
-182  149 
57  -64 
9  110 
5  -34 
94  36 
-89  -105 
-38  -27 
-36  -86 
-178  143 
56  -64 
14  110 
5  -36 
93  36 
-94  -110 
-40  -20 
-34  -82 
-173  142 
57  -64 
13  108 
10  -38 
85  40 
-93  -114 
-38  -22 
-33  -79 
-175  144 
59  -62 
21  102 
6  -38 
79  40 
-87  -112 
-41  -20 
-26  -79 
-173  144 
61  -63 
16  102 
-3  -33 
84  42 
-86  -107 
-38  -14 
-26  -75 
-174  139 
61  -67 
17  104 
-2  -36 
80  43 
-91  -106 
-42  -14 
-18  -70 
-170  133 
62  -68 
20  103 
2  -34 
80  42 
-92  -104 
-45  -13 
-18  -70 
-173  135 
63  -66 
19  98 
-1  -33 
80  40 
-93  -97 
-48  -18 
-19  -71 
-176  137 
66  -68 
20  96 
-2  -34 
81  40 
-101  -103 
-45  -21 
-22  -71 
-179  140 
63  -65 
22  93 
-1  -31 
78  42 
-99  -107 
-52  -25 
-21  -71 
-180  141 
66  -68 
26  95 
0  -32 
74  45 
-99  -106 
-50  -25 
-29  -67 
-182  142 
63  -68 
20  92 
2  -33 
75  47 
-95  -108 
-47  -21 
-32  -69 
-178  143 
62  -68 
20  92 
3  -30 
75  44 
-90  -109 
-46  -21 
-35  -74 
-176  142 
60  -67 
25  95 
-1  -33 
76  48 
-88  -110 
-45  -24 
-36  -74 
-172  141 
61  -65 
27  101 
-6  -36 
77  44 
-88  -109 
-53  -16 
-34  -70 
-172  141 
63  -63 
20  103 
-4  -38 
78  40 
-86  -107 
-55  -26 
-33  -65 
-171  146 
67  -61 
16  100 
-6  -39 
71  43 
-93  -109 
-52  -27 
-34  -68 
-175  140 
74  -57 
17  98 
-13  -40 
66  43 
-96  -114 
-52  -27 
-38  -70 
-173  144 
78  -54 
13  95 
-13  -37 
67  39 
-90  -116 
-51  -23 
-44  -74 
-173  141 
79  -55 
13  98 
-12  -32 
65  44 
-96  -118 
-53  -25 
-38  -70 
-170  146 
75  -53 
13  98 
-7  -29 
69  44 
-94  -119 
-52  -26 
-41  -80 
-176  141 
76  -50 
13  98 
-12  -35 
73  46 
-93  -123 
-52  -27 
-40  -70 
-175  142 
75  -48 
7  104 
-16  -34 
69  47 
-93  -125 
-54  -30 
-40  -70 
-172  142 
73  -50 
0  100 
-16  -31 
69  45 
-87  -122 
-58  -28 
-40  -73 
-168  140 
75  -48 
2  99 
-14  -40 
71  46 
-83  -125 
-62  -31 
-42  -74 
-166  141 
70  -43 
2  98 
-10  -36 
71  46 
-88  -135 
-59  -31 
-43  -74 
-172  143 
67  -42 
2  98 
-10  -38 
65  44 
-86  -135 
-57  -30 
-41  -75 
-174  143 
66  -48 
4  101 
-13  -36 
61  43 
-86  -133 
-62  -31 
-46  -71 
-167  135 
73  -44 
11  100 
-17  -37 
60  43 
-86  -133 
-62  -34 
-50  -67 
-175  142 
73  -45 
9  97 
-13  -39 
61  42 
-83  -133 
-63  -27 
-48  -63 
-172  141 
73  -41 
11  93 
-16  -37 
60  37 
-82  -134 
-64  -30 
-50  -65 
-173  139 
74  -41 
8  90 
-15  -40 
60  36 
-86  -135 
-68  -30 
-47  -72 
-171  142 
75  -41 
8  91 
-9  -40 
61  38 
-92  -135 
-71  -29 
-47  -72 
-172  146 
72  -43 
6  87 
-5  -41 
60  36 
-90  -136 
-71  -24 
-45  -80 
-171  144 
72  -50 
7  80 
-7  -44 
57  38 
-91  -141 
-73  -24 
-44  -78 
-167  138 
73  -44 
17  76 
-5  -41 
53  39 
-89  -145 
-67  -22 
-47  -78 
-168  136 
76  -40 
16  71 
-13  -37 
50  46 
-88  -143 
-70  -25 
-46  -79 
-170  138 
72  -44 
9  70 
-10  -38 
54  44 
-89  -146 
-70  -23 
-47  -82 
-170  133 
68  -43 
6  75 
-15  -38 
50  44 
-84  -150 
-66  -25 
-46  -79 
-172  130 
71  -43 
11  73 
-19  -32 
46  43 
-87  -149 
-61  -20 
-51  -82 
-176  126 
76  -38 
14  72 
-17  -30 
47  51 
-83  -147 
-61  -20 
-47  -84 
-174  130 
74  -35 
10  71 
-19  -31 
50  44 
-86  -147 
-57  -17 
-46  -84 
-173  126 
69  -34 
8  73 
-19  -30 
51  47 
-79  -146 
-63  -11 
-43  -85 
-173  122 
68  -37 
5  69 
-21  -32 
44  48 
-79  -147 
-61  -13 
-44  -87 
-177  122 
65  -38 
9  69 
-19  -38 
47  46 
-78  -148 
-62  -11 
-44  -90 
-182  124 
66  -33 
5  67 
-18  -38 
46  43 
-72  -145 
-59  -6 
-43  -84 
-186  123 
64  -38 
9  70 
-16  -43 
49  45 
-76  -148 
-57  -6 
-50  -88 
-186  125 
65  -46 
11  69 
-19  -42 
50  42 
-81  -152 
-55  -7 
-50  -87 
-190  124 
64  -45 
10  65 
-21  -40 
45  42 
-81  -152 
-65  -4 
-57  -80 
-187  122 
63  -43 
4  62 
-18  -41 
49  42 
-81  -153 
-71  -5 
-60  -70 
-187  126 
64  -46 
-1  64 
-20  -44 
54  36 
-84  -156 
-64  -12 
-59  -67 
-187  128 
66  -48 
-1  71 
-19  -36 
50  37 
-79  -160 
-65  -14 
-57  -65 
-187  128 
66  -48 
1  74 
-18  -37 
52  37 
-74  -160 
-66  -11 
-50  -68 
-190  124 
66  -48 
1  76 
-21  -38 
53  38 
-72  -159 
-66  -11 
-53  -71 
-194  130 
65  -46 
0  75 
-16  -43 
54  39 
-66  -159 
-64  -9 
-52  -65 
-193  126 
72  -43 
3  72 
-20  -44 
54  43 
-71  -156 
-64  -10 
-46  -61 
-192  122 
76  -42 
0  72 
-20  -45 
54  43 
-74  -150 
-61  -12 
-46  -61 
-185  124 
72  -41 
4  75 
-20  -45 
54  43 
-75  -153 
-60  -11 
-50  -62 
-186  125 
74  -44 
3  74 
-14  -48 
57  44 
-72  -155 
-60  -7 
-56  -66 
-190  126 
70  -49 
5  74 
-15  -45 
56  40 
-81  -158 
-56  -5 
-58  -68 
-196  123 
73  -49 
8  74 
-21  -42 
51  46 
-84  -160 
-56  -3 
-61  -67 
-188  117 
75  -48 
9  74 
-22  -31 
47  44 
-92  -154 
-57  -6 
-63  -67 
-189  123 
75  -44 
11  75 
-23  -25 
48  34 
-95  -151 
-55  -7 
-60  -70 
-192  122 
73  -41 
15  76 
-26  -25 
55  38 
-93  -145 
-60  -9 
-63  -74 
-195  124 
76  -38 
12  80 
-30  -27 
49  39 
-93  -136 
-63  -6 
-61  -71 
-200  124 
74  -39 
7  86 
-25  -24 
52  37 
-95  -133 
-68  -4 
-63  -76 
-196  129 
68  -40 
5  81 
-25  -21 
50  35 
-95  -134 
-67  -4 
-66  -75 
-194  125 
66  -30 
4  77 
-25  -24 
50  31 
-92  -132 
-70  -7 
-63  -76 
-200  129 
68  -27 
6  77 
-27  -21 
57  34 
-91  -130 
-67  -9 
-72  -74 
-199  129 
67  -18 
7  75 
-25  -18 
62  38 
-90  -129 
-68  -8 
-76  -71 
-199  129 
68  -15 
5  73 
-27  -22 
59  42 
-92  -129 
-72  -10 
-69  -74 
-204  130 
67  -17 
1  74 
-29  -23 
60  36 
-90  -129 
-72  -12 
-79  -77 
-208  131 
66  -20 
3  74 
-38  -27 
61  40 
-92  -127 
-70  -8 
-79  -74 
-211  133 
67  -19 
4  81 
-36  -34 
61  40 
-87  -123 
-62  -9 
-77  -77 
-218  134 
73  -20 
9  79 
-34  -28 
58  43 
-92  -129 
-64  -14 
-72  -78 
-211  134 
68  -26 
5  84 
-27  -27 
55  44 
-90  -129 
-63  -14 
-70  -75 
-211  135 
68  -25 
-1  84 
-26  -29 
54  43 
-94  -130 
-54  -17 
-74  -80 
-212  134 
73  -29 
-2  81 
-18  -32 
48  44 
-95  -134 
-52  -14 
-73  -78 
-214  125 
73  -32 
-1  82 
-21  -31 
47  43 
-98  -126 
-55  -13 
-68  -83 
-214  127 
73  -34 
-6  76 
-19  -34 
46  44 
-99  -127 
-51  -11 
-70  -89 
-210  125 
74  -37 
-7  76 
-14  -44 
43  43 
-99  -126 
-54  -8 
-73  -85 
-205  126 
70  -36 
-4  72 
-16  -45 
39  47 
-96  -123 
-52  -6 
-66  -91 
-211  124 
62  -41 
-2  73 
-25  -49 
39  41 
-88  -130 
-54  -2 
-68  -90 
-213  126 
58  -41 
-5  69 
-29  -47 
40  44 
-96  -126 
-54  -3 
-76  -78 
-214  126 
60  -33 
-7  68 
-35  -51 
39  40 
-97  -123 
-53  3 
-73  -75 
-208  124 
61  -31 
-9  73 
-38  -53 
43  44 
-91  -126 
-51  -1 
-72  -74 
-206  132 
66  -28 
-4  71 
-34  -51 
48  43 
-88  -128 
-55  4 
-71  -78 
-210  132 
69  -31 
-2  73 
-38  -48 
49  46 
-84  -129 
-51  6 
-72  -77 
-215  133 
67  -25 
-1  74 
-46  -51 
47  46 
-81  -132 
-49  9 
-73  -77 
-212  135 
68  -23 
-3  76 
-46  -49 
45  47 
-78  -135 
-49  13 
-78  -73 
-213  130 
68  -26 
-7  79 
-48  -50 
50  53 
-77  -140 
-46  13 
-81  -71 
-222  129 
73  -30 
-8  80 
-52  -38 
53  53 
-75  -138 
-46  13 
-79  -70 
-227  122 
77  -25 
-10  79 
-50  -33 
56  50 
-68  -144 
-46  13 
-75  -74 
-228  113 
72  -24 
-13  79 
-56  -31 
54  50 
-61  -142 
-48  12 
-75  -73 
-226  111 
71  -23 
-15  88 
-56  -39 
54  53 
-60  -139 
-42  17 
-70  -76 
-227  111 
66  -23 
-13  89 
-51  -40 
54  51 
-66  -139 
-40  16 
-75  -78 
-227  108 
70  -20 
-13  89 
-49  -43 
52  53 
-62  -139 
-39  14 
-76  -78 
-227  113 
70  -27 
-10  95 
-48  -44 
48  54 
-66  -142 
-39  13 
-75  -76 
-231  106 
70  -26 
-8  96 
-44  -48 
43  64 
-66  -139 
-43  6 
-72  -72 
-236  106 
65  -34 
-15  93 
-47  -50 
49  64 
-69  -137 
-47  8 
-70  -74 
-239  110 
62  -34 
-18  90 
-46  -48 
55  64 
-67  -141 
-41  4 
-71  -76 
-243  104 
63  -30 
-20  86 
-46  -47 
50  66 
-66  -139 
-41  4 
-70  -76 
-244  108 
62  -30 
-19  87 
-45  -51 
52  72 
-68  -143 
-43  8 
-70  -75 
-244  110 
61  -38 
-17  84 
-50  -48 
52  72 
-64  -141 
-37  3 
-68  -74 
-244  110 
63  -36 
-24  87 
-50  -49 
49  69 
-62  -139 
-40  1 
-66  -73 
-247  111 
61  -32 
-22  85 
-50  -47 
46  70 
-58  -132 
-37  0 
-66  -77 
-247  110 
62  -42 
-22  89 
-49  -47 
53  65 
-58  -137 
-31  -13 
-66  -75 
-244  110 
57  -42 
-16  89 
-50  -47 
57  67 
-66  -136 
-28  -16 
-66  -75 
-246  113 
63  -40 
-13  90 
-52  -49 
56  67 
-66  -137 
-21  -15 
-71  -71 
-246  110 
57  -39 
-18  92 
-51  -46 
48  65 
-63  -136 
-27  -12 
-76  -60 
-249  109 
54  -47 
-12  95 
-54  -48 
53  66 
-58  -134 
-30  -15 
-74  -59 
-254  110 
45  -47 
-15  95 
-52  -49 
49  66 
-60  -130 
-34  -12 
-66  -61 
-251  114 
48  -47 
-13  100 
-52  -52 
53  69 
-59  -129 
-33  -16 
-66  -61 
-255  113 
51  -56 
-10  102 
-53  -50 
55  72 
-56  -132 
-38  -17 
-74  -62 
-253  115 
50  -56 
-14  100 
-52  -49 
54  71 
-52  -135 
-34  -19 
-73  -58 
-255  113 
47  -56 
-12  103 
-47  -58 
51  73 
-51  -134 
-35  -18 
-75  -53 
-255  113 
55  -65 
-13  101 
-48  -61 
54  76 
-51  -136 
-35  -16 
-72  -46 
-256  115 
54  -64 
-10  97 
-46  -59 
54  72 
-51  -129 
-34  -18 
-73  -37 
-255  118 
52  -64 
-14  90 
-44  -53 
52  70 
-52  -135 
-32  -12 
-74  -39 
-247  126 
58  -63 
-13  89 
-44  -52 
50  72 
-53  -125 
-35  -13 
-68  -40 
-246  124 
56  -70 
-15  91 
-45  -53 
51  77 
-47  -124 
-30  -5 
-74  -40 
-250  124 
53  -72 
-21  88 
-46  -53 
52  75 
-46  -124 
-27  -1 
-65  -44 
-261  120 
54  -71 
-21  91 
-48  -54 
47  84 
-46  -127 
-28  0 
-67  -45 
-260  123 
56  -70 
-24  93 
-46  -53 
47  84 
-56  -125 
-32  1 
-67  -43 
-258  121 
63  -70 
-23  96 
-55  -60 
50  85 
-60  -124 
-37  4 
-72  -44 
-262  121 
61  -71 
-23  94 
-57  -66 
44  83 
-59  -120 
-36  1 
-72  -43 
-259  122 
61  -71 
-25  90 
-55  -67 
50  82 
-54  -122 
-36  0 
-76  -47 
-264  128 
59  -69 
-18  93 
-50  -65 
44  82 
-52  -120 
-35  7 
-72  -38 
-263  126 
60  -71 
-19  94 
-46  -70 
40  83 
-48  -126 
-34  7 
-75  -38 
-261  122 
56  -73 
-23  93 
-45  -71 
41  82 
-39  -130 
-32  8 
-74  -41 
-253  124 
51  -83 
-28  90 
-44  -69 
41  84 
-34  -132 
-31  10 
-76  -43 
-259  123 
49  -74 
-24  90 
-44  -62 
40  83 
-35  -133 
-34  13 
-73  -45 
-256  117 
57  -74 
-28  91 
-45  -61 
46  77 
-30  -129 
-30  2 
-75  -49 
-257  115 
56  -72 
-24  92 
-54  -57 
48  81 
-26  -127 
-26  4 
-76  -51 
-255  111 
57  -67 
-29  89 
-53  -59 
50  85 
-20  -130 
-25  4 
-74  -50 
-259  113 
59  -71 
-26  89 
-54  -59 
49  93 
-24  -133 
-21  8 
-69  -45 
-252  113 
59  -73 
-28  90 
-53  -59 
52  93 
-26  -133 
-21  7 
-67  -45 
-259  122 
59  -76 
-30  94 
-61  -60 
54  92 
-25  -134 
-18  11 
-67  -42 
-258  123 
61  -78 
-34  92 
-51  -66 
55  87 
-24  -134 
-17  12 
-65  -45 
-268  116 
58  -78 
-32  97 
-49  -67 
60  90 
-24  -137 
-21  8 
-66  -47 
-265  116 
57  -79 
-29  93 
-50  -67 
60  89 
-27  -141 
-16  3 
-68  -48 
-262  105 
58  -79 
-26  93 
-50  -68 
56  97 
-27  -145 
-19  2 
-67  -52 
-257  112 
61  -87 
-24  90 
-48  -63 
56  100 
-32  -143 
-18  10 
-66  -57 
-255  113 
65  -86 
-30  92 
-50  -58 
53  95 
-32  -139 
-20  9 
-63  -59 
-249  115 
65  -87 
-32  95 
-56  -58 
52  96 
-30  -128 
-21  8 
-60  -60 
-245  118 
63  -88 
-37  95 
-54  -57 
55  97 
-27  -129 
-21  7 
-60  -60 
-245  117 
59  -91 
-34  100 
-56  -58 
53  99 
-32  -125 
-16  9 
-60  -61 
-246  115 
58  -94 
-38  108 
-53  -57 
50  99 
-33  -131 
-12  11 
-58  -61 
-250  113 
55  -96 
-38  108 
-51  -55 
47  104 
-34  -130 
-14  10 
-56  -63 
-251  114 
58  -94 
-40  110 
-48  -47 
53  101 
-33  -132 
-10  11 
-56  -62 
-252  113 
62  -100 
-38  110 
-45  -48 
47  99 
-30  -127 
-11  10 
-61  -62 
-255  109 
51  -105 
-38  105 
-44  -50 
49  106 
-32  -126 
-13  13 
-57  -65 
-246  104 
54  -111 
-39  100 
-41  -46 
45  107 
-29  -123 
-12  15 
-59  -63 
-255  100 
52  -109 
-39  102 
-38  -47 
45  107 
-25  -124 
-12  15 
-60  -70 
-252  97 
53  -107 
-38  107 
-37  -45 
52  113 
-24  -128 
-10  13 
-60  -71 
-244  97 
54  -111 
-41  107 
-32  -47 
54  110 
-27  -130 
-8  13 
-62  -71 
-248  101 
53  -112 
-39  101 
-35  -46 
54  113 
-24  -130 
-6  11 
-63  -73 
-246  101 
54  -116 
-33  101 
-32  -49 
53  110 
-29  -123 
-9  9 
-58  -70 
-246  100 
54  -114 
-35  100 
-33  -51 
50  112 
-26  -119 
-11  15 
-60  -68 
-247  95 
55  -113 
-40  100 
-40  -57 
47  113 
-27  -121 
-12  17 
-58  -61 
-250  97 
60  -111 
-33  102 
-38  -57 
48  113 
-27  -123 
-12  17 
-61  -58 
-247  98 
62  -113 
-39  103 
-38  -57 
46  112 
-21  -120 
-15  13 
-64  -52 
-247  99 
67  -113 
-39  100 
-38  -55 
43  115 
-20  -117 
-14  12 
-66  -57 
-248  97 
68  -117 
-44  100 
-38  -52 
48  113 
-20  -110 
-14  12 
-67  -54 
-242  91 
66  -113 
-45  100 
-41  -49 
55  122 
-18  -115 
-14  10 
-60  -54 
-238  85 
69  -118 
-47  98 
-40  -50 
51  117 
-18  -112 
-13  17 
-62  -51 
-238  86 
62  -121 
-44  102 
-41  -51 
45  122 
-14  -110 
-12  13 
-61  -51 
-238  87 
63  -125 
-41  100 
-38  -47 
45  124 
-16  -105 
-4  20 
-68  -49 
-240  80 
64  -123 
-35  94 
-37  -45 
45  121 
-12  -107 
1  22 
-64  -48 
-241  82 
60  -124 
-25  92 
-30  -40 
49  114 
-10  -105 
1  22 
-69  -50 
-242  81 
61  -123 
-25  92 
-23  -42 
44  117 
-11  -107 
7  24 
-65  -48 
-238  79 
61  -123 
-26  89 
-19  -38 
45  119 
-6  -108 
9  24 
-63  -44 
-237  84 
61  -120 
-32  93 
-23  -34 
48  123 
-11  -111 
14  21 
-68  -47 
-238  81 
57  -119 
-25  99 
-21  -33 
48  128 
-12  -117 
19  11 
-65  -47 
-229  82 
59  -119 
-30  102 
-25  -36 
49  130 
-9  -116 
16  11 
-71  -50 
-234  83 
59  -120 
-30  102 
-21  -36 
50  124 
-15  -126 
14  11 
-66  -48 
-230  79 
61  -120 
-34  98 
-18  -32 
52  132 
-10  -124 
18  13 
-66  -51 
-231  94 
53  -120 
-32  104 
-18  -33 
50  131 
-7  -124 
18  12 
-65  -50 
-237  94 
48  -114 
-31  102 
-17  -30 
52  133 
-7  -124 
13  11 
-71  -51 
-239  97 
47  -113 
-31  99 
-18  -33 
44  135 
-8  -124 
8  11 
-71  -51 
-240  103 
47  -111 
-34  100 
-19  -41 
40  136 
-10  -128 
7  8 
-69  -54 
-244  102 
44  -114 
-35  100 
-20  -48 
40  135 
-8  -130 
8  8 
-72  -61 
-249  95 
43  -110 
-25  97 
-21  -52 
38  133 
-7  -132 
7  2 
-81  -58 
-252  93 
42  -108 
-26  97 
-22  -51 
34  131 
-9  -127 
7  3 
-82  -59 
-254  100 
40  -110 
-25  98 
-30  -45 
32  132 
-13  -129 
7  -3 
-78  -60 
-252  97 
43  -110 
-28  100 
-24  -41 
36  130 
-8  -136 
9  -1 
-79  -62 
-247  91 
41  -111 
-33  100 
-23  -44 
28  135 
-10  -136 
10  2 
-73  -65 
-248  95 
40  -114 
-32  103 
-27  -42 
30  137 
-9  -134 
7  10 
-69  -71 
-249  97 
36  -112 
-31  102 
-36  -38 
33  133 
-16  -131 
10  13 
-68  -70 
-252  101 
40  -118 
-29  106 
-30  -36 
23  134 
-10  -129 
9  16 
-69  -71 
-252  102 
34  -117 
-32  114 
-29  -43 
25  133 
-16  -134 
6  17 
-61  -69 
-251  102 
34  -116 
-32  117 
-27  -44 
25  133 
-16  -139 
13  16 
-61  -69 
-254  104 
37  -116 
-26  110 
-32  -43 
23  134 
-3  -142 
14  21 
-65  -68 
-251  102 
38  -111 
-26  112 
-35  -49 
25  133 
-4  -143 
19  17 
-68  -69 
-252  103 
49  -110 
-24  110 
-38  -52 
26  130 
-1  -142 
24  22 
-66  -71 
-251  110 
50  -109 
-18  106 
-38  -59 
23  134 
-1  -140 
26  27 
-72  -69 
-252  108 
46  -114 
-18  105 
-41  -59 
19  134 
-2  -139 
25  22 
-74  -63 
-246  111 
49  -113 
-20  100 
-41  -60 
23  135 
-4  -138 
25  18 
-75  -66 
-244  112 
53  -114 
-23  98 
-50  -60 
31  141 
-7  -144 
20  21 
-74  -67 
-252  106 
46  -113 
-26  101 
-53  -56 
27  139 
-5  -148 
27  21 
-71  -66 
-256  106 
40  -120 
-26  100 
-53  -56 
29  139 
-3  -144 
25  22 
-68  -64 
-256  106 
36  -120 
-27  99 
-54  -50 
38  141 
-7  -152 
18  22 
-66  -59 
-254  107 
35  -124 
-33  99 
-56  -52 
46  137 
-6  -151 
24  21 
-63  -62 
-255  107 
41  -123 
-34  100 
-51  -56 
46  143 
-6  -148 
26  12 
-72  -58 
-260  100 
42  -121 
-33  101 
-50  -52 
42  143 
-10  -148 
26  17 
-76  -63 
-253  101 
43  -117 
-32  95 
-50  -54 
43  144 
-4  -149 
24  21 
-72  -66 
-258  101 
41  -120 
-34  95 
-53  -59 
40  146 
-8  -144 
22  21 
-70  -69 
-257  104 
41  -122 
-37  97 
-55  -60 
39  148 
-7  -142 
20  20 
-70  -65 
-260  103 
40  -125 
-36  98 
-52  -63 
41  149 
-10  -141 
14  16 
-70  -69 
-259  102 
45  -126 
-38  93 
-52  -65 
37  147 
-13  -145 
17  21 
-74  -63 
-261  102 
36  -129 
-35  94 
-52  -63 
42  143 
-15  -145 
21  17 
-69  -67 
-260  109 
37  -127 
-38  92 
-56  -65 
42  147 
-18  -142 
21  14 
-75  -74 
-266  112 
35  -128 
-40  93 
-57  -66 
48  142 
-20  -145 
26  15 
-72  -79 
-264  112 
33  -129 
-40  92 
-54  -68 
44  149 
-20  -145 
22  17 
-71  -72 
-266  111 
31  -127 
-37  94 
-58  -68 
44  149 
-18  -147 
24  17 
-67  -72 
-266  111 
28  -132 
-33  95 
-56  -71 
49  146 
-18  -142 
26  8 
-66  -69 
-277  115 
30  -136 
-36  102 
-55  -70 
47  149 
-21  -142 
28  6 
-68  -68 
-280  117 
26  -133 
-36  102 
-48  -70 
42  143 
-23  -147 
34  3 
-66  -67 
-280  115 
31  -134 
-33  102 
-46  -68 
42  146 
-20  -148 
31  6 
-68  -65 
-279  120 
30  -136 
-35  101 
-41  -67 
42  143 
-18  -147 
36  8 
-69  -58 
-278  119 
28  -140 
-37  103 
-45  -68 
40  142 
-20  -151 
43  3 
-73  -56 
-273  121 
29  -134 
-38  103 
-45  -64 
40  140 
-14  -156 
38  2 
-72  -55 
-272  117 
29  -135 
-35  106 
-54  -63 
41  140 
-11  -158 
40  2 
-68  -48 
-280  116 
28  -135 
-31  111 
-54  -64 
41  138 
-12  -159 
39  2 
-64  -52 
-279  113 
28  -135 
-27  108 
-53  -54 
38  137 
-11  -155 
39  2 
-58  -55 
-278  113 
26  -133 
-27  108 
-51  -54 
33  135 
-7  -155 
39  0 
-51  -49 
-277  115 
25  -134 
-34  107 
-52  -58 
30  137 
-8  -154 
36  2 
-51  -50 
-277  120 
22  -130 
-27  113 
-57  -59 
32  133 
-14  -153 
36  2 
-51  -49 
-287  119 
22  -130 
-19  113 
-66  -55 
29  136 
-11  -156 
36  2 
-50  -44 
-288  116 
24  -134 
-18  114 
-65  -59 
35  136 
-13  -152 
32  -1 
-53  -38 
-289  115 
26  -133 
-26  111 
-68  -65 
35  136 
-12  -152 
35  -2 
-58  -32 
-292  115 
22  -135 
-30  115 
-64  -58 
32  140 
-9  -154 
27  1 
-61  -32 
-291  119 
23  -136 
-32  117 
-63  -56 
34  143 
-4  -153 
28  3 
-61  -29 
-288  120 
22  -133 
-32  111 
-66  -53 
33  146 
-3  -156 
30  4 
-62  -27 
-289  117 
17  -133 
-30  115 
-72  -52 
31  146 
4  -151 
26  1 
-63  -24 
-286  119 
20  -130 
-29  121 
-69  -54 
30  145 
11  -147 
21  -3 
-61  -33 
-286  116 
18  -127 
-31  122 
-71  -51 
38  135 
10  -147 
21  -11 
-60  -30 
-289  117 
22  -128 
-35  122 
-70  -49 
36  140 
9  -155 
17  -13 
-58  -32 
-284  120 
22  -130 
-33  121 
-72  -49 
30  135 
8  -155 
14  -8 
-59  -31 
-285  120 
20  -131 
-27  116 
-66  -44 
27  141 
14  -155 
10  -8 
-59  -40 
-286  116 
17  -133 
-29  117 
-70  -49 
26  147 
14  -157 
5  -7 
-54  -39 
-283  116 
19  -133 
-30  126 
-71  -56 
25  149 
7  -151 
8  -6 
-53  -36 
-289  117 
19  -136 
-34  127 
-63  -55 
24  149 
6  -148 
6  -11 
-55  -40 
-285  116 
22  -132 
-33  130 
-64  -54 
30  146 
6  -139 
6  -8 
-55  -38 
-288  110 
22  -133 
-34  129 
-67  -54 
35  147 
7  -139 
1  -6 
-57  -37 
-284  110 
22  -133 
-26  127 
-65  -53 
34  146 
9  -146 
-1  -11 
-58  -39 
-289  109 
23  -137 
-24  132 
-62  -56 
37  144 
11  -146 
-2  -13 
-64  -32 
-292  110 
28  -138 
-22  133 
-57  -57 
35  144 
16  -150 
-11  -15 
-76  -34 
-295  107 
34  -141 
-25  132 
-59  -62 
34  143 
16  -148 
-5  -18 
-76  -32 
-293  104 
36  -140 
-24  132 
-53  -59 
39  144 
12  -148 
-6  -19 
-69  -34 
-295  102 
34  -144 
-19  134 
-52  -59 
38  141 
9  -150 
-6  -21 
-68  -35 
-293  104 
33  -145 
-13  135 
-58  -57 
38  139 
4  -151 
-8  -20 
-66  -35 
-292  105 
34  -141 
-11  130 
-61  -58 
43  144 
13  -154 
-3  -17 
-68  -40 
-287  113 
35  -140 
-11  129 
-52  -60 
42  146 
14  -156 
-7  -14 
-72  -38 
-291  110 
30  -143 
-8  126 
-53  -59 
37  144 
16  -158 
-7  -14 
-79  -38 
-293  98 
30  -143 
-6  127 
-55  -52 
37  144 
17  -159 
3  -12 
-81  -38 
-292  100 
28  -133 
-9  126 
-50  -48 
34  139 
13  -161 
4  -14 
-80  -45 
-299  103 
27  -134 
-12  125 
-49  -45 
33  138 
9  -161 
10  -8 
-77  -46 
-300  103 
26  -133 
-6  125 
-56  -54 
36  140 
11  -166 
8  -9 
-74  -49 
-302  106 
29  -130 
-10  125 
-53  -51 
32  140 
9  -169 
4  -11 
-74  -48 
-293  101 
25  -133 
-13  127 
-55  -51 
34  139 
6  -171 
14  -17 
-72  -43 
-299  108 
28  -139 
-10  125 
-56  -51 
35  139 
6  -173 
14  -17 
-74  -37 
-299  102 
31  -136 
-13  122 
-52  -55 
29  145 
7  -177 
19  -15 
-76  -37 
-303  101 
28  -132 
-11  122 
-52  -54 
27  146 
2  -181 
17  -13 
-74  -40 
-301  101 
24  -134 
-8  112 
-58  -58 
29  151 
5  -180 
15  -22 
-75  -38 
-298  100 
35  -133 
-6  112 
-48  -60 
34  149 
5  -185 
17  -22 
-72  -38 
-294  102 
27  -131 
-6  110 
-53  -60 
38  153 
0  -185 
15  -19 
-74  -40 
-291  102 
35  -133 
-11  110 
-50  -60 
43  150 
2  -181 
9  -21 
-73  -40 
-296  97 
37  -136 
-21  104 
-48  -63 
39  149 
1  -178 
10  -15 
-74  -44 
-295  102 
33  -139 
-19  109 
-46  -60 
40  148 
-1  -182 
9  -15 
-80  -45 
-295  107 
25  -136 
-19  103 
-48  -60 
40  143 
2  -184 
13  -14 
-81  -44 
-294  111 
33  -127 
-12  101 
-45  -61 
30  142 
3  -185 
14  -13 
-80  -51 
-294  110 
37  -132 
-8  96 
-45  -65 
26  141 
6  -188 
14  -16 
-77  -57 
-290  105 
42  -132 
-12  97 
-47  -64 
26  143 
5  -189 
13  -14 
-73  -60 
-286  109 
42  -130 
-9  94 
-50  -63 
27  142 
6  -192 
10  -15 
-70  -56 
-287  111 
39  -133 
-12  95 
-58  -59 
30  146 
5  -193 
9  -15 
-69  -56 
-286  112 
40  -130 
-12  94 
-54  -62 
29  150 
11  -194 
14  -13 
-66  -61 
-288  117 
40  -131 
-7  95 
-54  -56 
36  153 
5  -193 
14  -13 
-71  -62 
-284  111 
37  -134 
-14  94 
-49  -53 
26  155 
6  -194 
14  -21 
-71  -66 
-277  112 
32  -135 
-8  100 
-51  -56 
25  162 
6  -188 
12  -20 
-73  -60 
-277  104 
30  -135 
-5  96 
-48  -47 
28  162 
3  -186 
14  -19 
-71  -51 
-277  104 
29  -135 
-5  99 
-48  -47 
28  161 
6  -188 
13  -12 
-69  -51 
-278  106 
30  -134 
-6  100 
-53  -47 
20  160 
5  -187 
14  -13 
-70  -54 
-281  107 
32  -140 
-7  95 
-47  -44 
22  166 
-2  -178 
14  -17 
-74  -63 
-282  106 
37  -147 
-5  95 
-49  -45 
21  165 
0  -177 
15  -17 
-72  -66 
-281  105 
34  -150 
-3  96 
-51  -50 
19  158 
-1  -180 
15  -20 
-71  -61 
-278  98 
34  -151 
5  93 
-51  -49 
21  157 
3  -177 
4  -18 
-73  -59 
-281  104 
34  -147 
5  100 
-54  -37 
24  159 
7  -178 
3  -19 
-74  -56 
-286  103 
35  -156 
6  100 
-50  -38 
24  155 
6  -174 
1  -18 
-70  -58 
-282  106 
38  -151 
-1  100 
-49  -38 
25  154 
4  -174 
3  -16 
-67  -65 
-287  108 
38  -154 
-1  98 
-56  -31 
30  162 
5  -173 
-1  -16 
-69  -63 
-285  104 
34  -153 
0  96 
-51  -36 
32  162 
7  -174 
3  -8 
-67  -61 
-286  105 
38  -154 
7  96 
-53  -41 
27  160 
11  -174 
0  -4 
-67  -61 
-285  108 
42  -154 
3  94 
-57  -39 
35  156 
3  -176 
3  -5 
-66  -64 
-284  112 
40  -150 
4  94 
-61  -38 
36  157 
13  -174 
2  -10 
-70  -61 
-286  112 
42  -148 
6  94 
-59  -42 
32  155 
15  -174 
6  -10 
-71  -56 
-283  116 
39  -151 
7  91 
-70  -45 
28  157 
14  -176 
11  -15 
-76  -58 
-282  117 
34  -156 
14  90 
-70  -45 
33  150 
14  -173 
14  -16 
-73  -58 
-274  121 
33  -154 
14  91 
-77  -39 
36  150 
14  -173 
17  -16 
-66  -61 
-269  115 
28  -155 
14  90 
-78  -42 
34  152 
22  -173 
18  -13 
-63  -62 
-272  108 
33  -152 
13  91 
-76  -43 
36  152 
20  -171 
12  -7 
-69  -65 
-276  115 
33  -154 
18  93 
-72  -47 
35  143 
24  -177 
13  -7 
-70  -65 
-275  113 
34  -155 
20  95 
-73  -45 
34  144 
28  -179 
14  -9 
-65  -68 
-275  112 
37  -153 
21  97 
-66  -48 
34  139 
28  -179 
13  -7 
-68  -69 
-274  112 
35  -153 
21  103 
-68  -50 
30  135 
29  -178 
10  -7 
-64  -68 
-274  114 
36  -152 
17  104 
-67  -44 
33  135 
25  -178 
10  -16 
-72  -75 
-277  112 
34  -155 
17  106 
-65  -44 
33  136 
22  -171 
16  -12 
-72  -82 
-282  109 
37  -152 
16  103 
-64  -40 
33  136 
14  -174 
17  -13 
-67  -84 
-283  105 
42  -153 
15  96 
-75  -40 
39  129 
13  -174 
24  -12 
-65  -81 
-281  108 
40  -151 
17  98 
-73  -38 
39  129 
15  -176 
27  -11 
-67  -84 
-278  109 
38  -149 
15  99 
-72  -45 
41  121 
16  -173 
22  -14 
-65  -81 
-285  111 
32  -150 
14  96 
-71  -49 
37  118 
10  -175 
20  -10 
-70  -87 
-282  113 
32  -148 
12  100 
-72  -47 
30  117 
7  -178 
19  -13 
-68  -83 
-285  112 
31  -154 
16  96 
-66  -39 
34  116 
6  -173 
20  -20 
-70  -87 
-282  113 
31  -154 
21  103 
-65  -41 
33  119 
5  -171 
6  -20 
-68  -88 
-282  111 
37  -154 
20  113 
-65  -41 
36  120 
9  -175 
9  -16 
-70  -88 
-285  116 
37  -154 
21  114 
-70  -45 
33  118 
9  -175 
5  -14 
-73  -85 
-289  117 
40  -150 
14  118 
-74  -43 
21  120 
9  -175 
2  -15 
-78  -78 
-291  119 
34  -156 
13  126 
-77  -39 
14  118 
5  -173 
2  -13 
-79  -80 
-287  117 
37  -156 
9  122 
-75  -38 
15  118 
8  -168 
2  -17 
-78  -79 
-287  116 
32  -153 
9  126 
-81  -40 
10  113 
2  -168 
-3  -14 
-77  -81 
-283  118 
30  -155 
11  126 
-81  -38 
12  112 
-1  -166 
0  -11 
-69  -79 
-283  118 
28  -156 
15  119 
-81  -38 
11  109 
-5  -168 
-3  -4 
-73  -75 
-279  121 
28  -155 
10  115 
-79  -42 
13  113 
-2  -167 
-2  -5 
-67  -77 
-282  122 
26  -153 
8  117 
-79  -43 
8  114 
-4  -169 
-5  -4 
-63  -67 
-281  122 
27  -150 
11  115 
-79  -49 
8  108 
-6  -169 
-9  -3 
-66  -69 
-277  120 
24  -150 
10  113 
-82  -47 
10  105 
-3  -174 
-14  -2 
-66  -71 
-271  119 
27  -158 
14  111 
-83  -44 
10  104 
2  -170 
-11  -1 
-73  -78 
-270  117 
34  -161 
17  114 
-86  -44 
5  104 
-3  -174 
-10  -3 
-72  -72 
-268  110 
32  -160 
17  114 
-84  -42 
4  106 
-2  -174 
-9  -5 
-74  -69 
-264  106 
35  -165 
8  115 
-84  -42 
7  110 
-7  -174 
-12  -5 
-74  -68 
-261  109 
36  -169 
8  110 
-89  -39 
9  114 
-3  -171 
-10  -3 
-73  -65 
-263  108 
36  -168 
9  106 
-89  -34 
12  112 
2  -170 
-5  -8 
-80  -68 
-261  107 
32  -169 
5  104 
-93  -41 
13  110 
-2  -167 
-4  -9 
-78  -68 
-266  104 
37  -162 
10  104 
-98  -42 
15  109 
3  -168 
-4  -8 
-78  -68 
-264  102 
33  -161 
8  108 
-102  -35 
13  113 
0  -168 
-8  -7 
-85  -68 
-265  99 
23  -157 
11  106 
-97  -28 
5  106 
-5  -167 
-7  -7 
-83  -67 
-267  99 
26  -157 
10  111 
-103  -36 
8  106 
-7  -169 
-3  -8 
-86  -64 
-264  102 
27  -159 
8  108 
-110  -33 
12  113 
-5  -171 
-6  -8 
-83  -62 
-267  106 
27  -156 
8  103 
-115  -40 
13  111 
-5  -173 
-6  -9 
-86  -61 
-265  104 
25  -153 
4  102 
-114  -40 
6  112 
-16  -171 
-7  -7 
-87  -62 
-262  104 
29  -154 
3  103 
-110  -34 
4  115 
-10  -169 
-6  -8 
-86  -59 
-258  108 
32  -149 
1  113 
-109  -27 
0  116 
-11  -174 
-5  -8 
-85  -61 
-264  112 
31  -151 
-3  106 
-112  -32 
1  121 
-7  -172 
-7  -7 
-92  -57 
-267  108 
33  -150 
-2  109 
-116  -34 
5  122 
-7  -174 
-2  -7 
-96  -58 
-266  104 
32  -148 
-1  108 
-115  -36 
-3  118 
-7  -174 
3  -8 
-92  -58 
-273  99 
35  -149 
-1  111 
-120  -44 
-1  118 
-5  -176 
1  -6 
-94  -57 
-278  103 
29  -146 
1  115 
-123  -46 
2  119 
-5  -177 
-1  -13 
-93  -53 
-279  114 
23  -146 
1  117 
-126  -50 
-3  116 
-4  -178 
2  -13 
-84  -52 
-280  112 
21  -147 
1  117 
-126  -49 
-9  117 
0  -177 
6  -23 
-85  -56 
-278  113 
25  -146 
8  115 
-130  -47 
1  117 
0  -177 
7  -21 
-86  -56 
-281  109 
25  -153 
0  115 
-126  -51 
3  115 
1  -176 
5  -20 
-86  -53 
-278  107 
26  -153 
-7  116 
-128  -46 
2  110 
-2  -174 
-1  -20 
-86  -55 
-281  108 
30  -155 
-10  115 
-127  -50 
-10  113 
-1  -176 
3  -19 
-91  -64 
-282  113 
27  -151 
-5  117 
-130  -47 
-12  114 
2  -174 
8  -18 
-86  -65 
-284  109 
29  -146 
-14  121 
-132  -43 
-13  109 
8  -177 
11  -19 
-84  -62 
-279  106 
33  -145 
-15  114 
-133  -42 
-17  115 
3  -179 
21  -23 
-83  -62 
-279  109 
28  -139 
-17  114 
-138  -41 
-16  117 
0  -179 
26  -17 
-83  -65 
-281  109 
25  -138 
-15  113 
-139  -43 
-12  117 
1  -180 
28  -18 
-88  -70 
-280  109 
19  -135 
-18  118 
-138  -41 
-15  120 
-1  -178 
30  -18 
-86  -68 
-281  108 
17  -136 
-14  122 
-141  -36 
-18  118 
-6  -169 
25  -16 
-86  -68 
-284  111 
21  -131 
-19  122 
-138  -37 
-21  120 
-8  -163 
27  -25 
-88  -67 
-280  110 
19  -126 
-15  121 
-133  -30 
-20  121 
-7  -165 
25  -34 
-87  -70 
-278  108 
21  -121 
-19  122 
-132  -26 
-18  123 
-8  -163 
27  -36 
-84  -69 
-279  110 
24  -123 
-11  119 
-137  -28 
-18  126 
-5  -159 
31  -34 
-81  -69 
-283  104 
26  -128 
-6  116 
-142  -31 
-18  125 
-6  -159 
29  -35 
-82  -71 
-289  101 
25  -129 
-4  118 
-145  -33 
-17  130 
-5  -158 
27  -41 
-78  -74 
-289  106 
22  -130 
-5  117 
-146  -36 
-19  133 
-2  -161 
26  -37 
-83  -74 
-296  106 
21  -131 
-7  116 
-143  -33 
-21  133 
0  -160 
28  -38 
-85  -76 
-292  108 
22  -133 
-14  110 
-147  -32 
-18  128 
1  -163 
34  -51 
-84  -80 
-294  106 
23  -137 
-15  106 
-147  -35 
-25  131 
0  -168 
32  -48 
-87  -85 
-291  109 
22  -130 
-12  102 
-145  -36 
-30  131 
-3  -166 
34  -48 
-84  -78 
-289  113 
20  -133 
-9  106 
-143  -34 
-32  131 
0  -171 
34  -48 
-84  -89 
-285  110 
25  -137 
-13  103 
-143  -34 
-30  125 
3  -170 
35  -42 
-87  -89 
-283  107 
22  -137 
-11  104 
-138  -32 
-30  133 
2  -167 
30  -35 
-88  -90 
-292  103 
22  -134 
-16  106 
-141  -31 
-24  130 
2  -168 
27  -34 
-90  -89 
-292  106 
22  -130 
-14  110 
-141  -32 
-28  133 
0  -176 
27  -31 
-95  -89 
-295  104 
22  -130 
-7  108 
-140  -30 
-29  129 
-3  -173 
27  -37 
-89  -87 
-295  100 
23  -137 
-12  112 
-140  -30 
-28  133 
-6  -175 
20  -37 
-87  -89 
-292  103 
23  -146 
-7  110 
-140  -40 
-32  133 
-8  -173 
22  -31 
-93  -81 
-298  100 
25  -146 
-4  112 
-139  -39 
-36  135 
-6  -176 
22  -30 
-96  -83 
-293  93 
27  -145 
-6  112 
-132  -45 
-35  134 
-5  -176 
21  -30 
-93  -80 
-297  95 
24  -143 
-12  115 
-129  -47 
-35  134 
-15  -172 
22  -30 
-97  -79 
-297  92 
21  -143 
-9  115 
-128  -48 
-38  133 
-14  -178 
19  -32 
-97  -77 
-295  93 
22  -141 
-11  109 
-127  -50 
-43  134 
-13  -179 
15  -34 
-101  -80 
-294  92 
22  -135 
-11  109 
-129  -51 
-48  137 
-13  -179 
19  -33 
-91  -76 
-303  89 
24  -134 
-11  113 
-126  -48 
-48  136 
-5  -178 
19  -32 
-92  -74 
-301  89 
27  -131 
-12  114 
-126  -45 
-47  135 
-6  -182 
15  -33 
-89  -74 
-300  89 
25  -129 
-15  113 
-128  -50 
-53  135 
-8  -180 
22  -30 
-93  -81 
-298  88 
25  -129 
-17  112 
-127  -41 
-56  129 
-11  -178 
14  -33 
-95  -78 
-295  86 
21  -133 
-19  110 
-132  -46 
-59  126 
-13  -174 
17  -34 
-93  -74 
-290  91 
22  -130 
-22  111 
-132  -37 
-61  131 
-15  -173 
20  -36 
-92  -75 
-293  95 
19  -131 
-21  118 
-133  -39 
-63  133 
-9  -174 
15  -36 
-91  -75 
-290  96 
16  -132 
-21  122 
-133  -40 
-68  133 
-2  -176 
10  -43 
-86  -69 
-286  93 
23  -130 
-23  118 
-131  -34 
-71  136 
-6  -185 
3  -45 
-85  -68 
-285  90 
25  -138 
-26  121 
-132  -37 
-76  133 
-8  -180 
1  -46 
-86  -68 
-284  91 
21  -138 
-27  119 
-132  -39 
-68  133 
-11  -181 
5  -46 
-87  -72 
-277  90 
14  -136 
-24  117 
-131  -38 
-70  124 
-7  -181 
3  -45 
-87  -70 
-278  87 
19  -136 
-19  117 
-131  -34 
-76  126 
-8  -179 
9  -38 
-85  -61 
-278  86 
12  -135 
-19  114 
-130  -35 
-75  126 
-3  -182 
7  -34 
-92  -57 
-279  93 
14  -137 
-19  116 
-132  -35 
-76  135 
-9  -183 
8  -34 
-95  -58 
-281  100 
20  -137 
-18  118 
-133  -38 
-74  137 
-5  -184 
6  -33 
-85  -61 
-282  100 
22  -134 
-18  119 
-135  -33 
-68  140 
-10  -183 
6  -33 
-86  -64 
-283  98 
16  -134 
-10  121 
-133  -34 
-64  142 
-6  -191 
10  -36 
-86  -63 
-284  97 
8  -133 
-9  117 
-133  -39 
-67  139 
-3  -186 
13  -34 
-77  -70 
-289  99 
6  -133 
-7  116 
-135  -36 
-64  142 
-10  -188 
16  -29 
-83  -71 
-290  97 
6  -141 
-9  109 
-127  -38 
-67  138 
-12  -186 
14  -28 
-87  -67 
-286  93 
6  -144 
-9  109 
-122  -34 
-67  136 
-9  -185 
12  -28 
-92  -73 
-295  84 
11  -140 
-1  111 
-124  -32 
-66  136 
-9  -185 
12  -29 
-88  -76 
-295  82 
15  -141 
2  108 
-125  -28 
-65  136 
-17  -186 
13  -32 
-97  -80 
-297  83 
12  -135 
2  105 
-125  -30 
-65  137 
-16  -185 
13  -32 
-99  -72 
-296  83 
12  -136 
-4  100 
-127  -29 
-66  143 
-15  -187 
15  -33 
-101  -71 
-290  79 
6  -140 
-7  101 
-131  -30 
-64  140 
-13  -185 
17  -36 
-107  -74 
-292  81 
5  -140 
-18  103 
-125  -36 
-66  139 
-11  -192 
17  -36 
-112  -74 
-293  79 
0  -144 
-16  95 
-124  -33 
-64  140 
-14  -188 
17  -36 
-113  -76 
-295  81 
4  -145 
-18  93 
-126  -37 
-63  138 
-15  -187 
15  -34 
-109  -74 
-293  84 
3  -146 
-17  84 
-125  -33 
-65  139 
-13  -178 
7  -34 
-107  -74 
-301  82 
6  -144 
-18  88 
-131  -36 
-70  137 
-13  -176 
6  -36 
-109  -67 
-308  81 
7  -141 
-18  92 
-131  -36 
-67  139 
-13  -176 
6  -39 
-104  -67 
-307  86 
5  -136 
-22  89 
-136  -36 
-70  137 
-10  -178 
0  -30 
-104  -67 
-298  86 
7  -136 
-17  92 
-137  -36 
-70  135 
-9  -173 
-1  -31 
-106  -68 
-299  87 
10  -138 
-20  97 
-134  -43 
-68  133 
-6  -177 
-3  -26 
-108  -67 
-298  88 
18  -139 
-24  90 
-138  -42 
-70  131 
-5  -173 
-5  -30 
-108  -68 
-298  85 
25  -145 
-26  91 
-133  -39 
-75  134 
-5  -173 
-12  -29 
-110  -67 
-307  86 
24  -145 
-29  94 
-134  -38 
-71  134 
-4  -180 
-11  -34 
-108  -70 
-306  83 
23  -147 
-35  94 
-133  -39 
-66  129 
-1  -180 
-14  -28 
-107  -69 
-303  84 
22  -147 
-40  96 
-125  -41 
-66  130 
-2  -181 
-9  -23 
-106  -68 
-306  87 
23  -145 
-44  98 
-127  -45 
-64  131 
-5  -179 
-8  -23 
-106  -64 
-300  89 
21  -147 
-40  100 
-124  -40 
-70  126 
-7  -178 
-8  -20 
-108  -63 
-299  82 
23  -148 
-47  100 
-121  -42 
-72  124 
-7  -184 
-14  -19 
-109  -61 
-298  73 
26  -148 
-46  99 
-120  -44 
-70  132 
-9  -183 
-12  -12 
-110  -65 
-297  70 
21  -146 
-50  97 
-116  -43 
-74  137 
-6  -184 
-11  -15 
-112  -69 
-297  72 
12  -150 
-46  98 
-117  -39 
-78  139 
-15  -185 
-13  -13 
-113  -81 
-300  69 
14  -161 
-53  94 
-120  -44 
-73  142 
-14  -183 
-15  -16 
-111  -76 
-302  71 
10  -165 
-60  92 
-120  -40 
-71  145 
-8  -184 
-12  -18 
-111  -74 
-306  69 
14  -164 
-61  88 
-117  -37 
-68  152 
-13  -179 
-10  -27 
-115  -74 
-306  72 
15  -161 
-57  88 
-124  -36 
-65  152 
-12  -179 
-12  -26 
-113  -74 
-307  71 
15  -161 
-61  89 
-120  -34 
-58  153 
-14  -173 
-5  -22 
-115  -73 
-312  71 
13  -165 
-61  87 
-113  -31 
-64  150 
-15  -174 
-8  -24 
-108  -70 
-314  70 
13  -165 
-59  89 
-112  -29 
-66  151 
-15  -176 
-9  -23 
-104  -73 
-305  72 
19  -162 
-58  90 
-109  -27 
-66  151 
-14  -171 
-11  -21 
-101  -72 
-305  72 
18  -161 
-63  93 
-109  -27 
-68  153 
-17  -177 
-13  -16 
-103  -74 
-305  73 
25  -166 
-62  92 
-112  -25 
-68  160 
-20  -172 
-14  -20 
-101  -71 
-306  69 
17  -166 
-72  90 
-117  -26 
-68  156 
-17  -170 
-12  -20 
-105  -76 
-308  73 
16  -164 
-66  94 
-118  -28 
-67  166 
-19  -174 
-14  -21 
-112  -75 
-314  75 
18  -160 
-64  91 
-110  -28 
-72  162 
-18  -167 
-12  -25 
-102  -76 
-312  73 
19  -158 
-63  87 
-113  -25 
-70  162 
-21  -163 
-12  -27 
-94  -72 
-310  75 
19  -162 
-61  91 
-114  -25 
-71  162 
-20  -165 
-12  -17 
-92  -69 
-315  73 
26  -163 
-63  88 
-113  -27 
-71  166 
-12  -167 
-15  -14 
-91  -76 
-311  70 
20  -160 
-72  93 
-111  -31 
-70  165 
-10  -169 
-17  -19 
-93  -74 
-312  63 
20  -165 
-74  92 
-111  -34 
-73  163 
-5  -173 
-15  -18 
-96  -72 
-313  68 
24  -163 
-77  94 
-112  -27 
-77  164 
-5  -173 
-10  -15 
-90  -69 
-310  62 
26  -157 
-77  95 
-111  -29 
-78  171 
0  -170 
-7  -7 
-88  -69 
-303  58 
22  -157 
-76  89 
-111  -30 
-79  169 
3  -168 
-11  -9 
-89  -65 
-303  56 
19  -163 
-76  89 
-104  -20 
-79  169 
0  -168 
-12  1 
-88  -64 
-306  53 
19  -162 
-74  92 
-103  -24 
-80  170 
4  -163 
-10  2 
-86  -61 
-307  56 
21  -163 
-69  93 
-112  -26 
-79  169 
8  -165 
-15  2 
-93  -59 
-307  58 
19  -162 
-69  100 
-116  -23 
-79  173 
13  -169 
-5  -4 
-97  -56 
-302  58 
20  -157 
-70  97 
-115  -27 
-80  175 
12  -170 
-8  0 
-96  -57 
-300  60 
18  -154 
-72  91 
-113  -20 
-80  183 
17  -171 
-5  -4 
-92  -58 
-297  64 
16  -154 
-69  95 
-104  -20 
-89  177 
16  -178 
-10  -3 
-95  -60 
-297  61 
22  -152 
-70  92 
-105  -23 
-94  177 
17  -182 
-7  -1 
-93  -58 
-299  60 
21  -151 
-70  92 
-105  -21 
-86  176 
17  -184 
-3  -2 
-93  -56 
-304  60 
18  -151 
-71  84 
-105  -24 
-88  177 
18  -187 
-1  -2 
-94  -55 
-309  57 
18  -151 
-71  87 
-99  -31 
-91  168 
26  -188 
1  0 
-95  -48 
-310  51 
23  -146 
-66  81 
-104  -32 
-88  173 
30  -196 
3  -6 
-95  -49 
-307  59 
28  -147 
-64  80 
-113  -36 
-87  171 
27  -191 
-5  -7 
-93  -54 
-311  59 
34  -151 
-63  78 
-114  -39 
-91  169 
27  -191 
-8  -13 
-92  -57 
-313  62 
31  -145 
-60  75 
-112  -35 
-87  173 
27  -194 
-5  -16 
-93  -57 
-317  64 
35  -151 
-60  76 
-109  -36 
-93  169 
22  -192 
-4  -12 
-93  -58 
-318  65 
29  -146 
-57  74 
-106  -37 
-96  169 
14  -194 
3  -7 
-93  -61 
-321  68 
26  -145 
-55  73 
-101  -36 
-93  169 
19  -195 
3  -6 
-99  -42 
-318  67 
33  -138 
-58  72 
-100  -30 
-96  162 
18  -194 
5  -9 
-96  -43 
-317  70 
32  -143 
-62  73 
-97  -25 
-93  164 
21  -191 
5  -8 
-100  -40 
-320  70 
26  -146 
-66  70 
-99  -31 
-96  162 
19  -191 
4  -6 
-96  -45 
-321  67 
29  -150 
-67  68 
-97  -40 
-92  156 
21  -191 
0  -8 
-92  -43 
-319  68 
24  -154 
-66  72 
-91  -38 
-95  154 
19  -196 
0  -10 
-92  -41 
-317  75 
31  -151 
-69  73 
-83  -36 
-94  148 
17  -195 
2  -17 
-95  -38 
-314  72 
39  -153 
-66  72 
-83  -36 
-94  150 
14  -195 
3  -16 
-86  -37 
-316  70 
43  -148 
-72  74 
-78  -37 
-94  140 
15  -196 
3  -19 
-91  -38 
-323  67 
43  -145 
-72  75 
-79  -40 
-91  135 
22  -195 
8  -23 
-93  -40 
-322  67 
48  -145 
-77  84 
-80  -45 
-92  131 
22  -193 
7  -20 
-92  -46 
-321  62 
47  -152 
-78  78 
-79  -43 
-91  131 
22  -195 
5  -20 
-88  -49 
-322  60 
45  -154 
-79  78 
-78  -44 
-91  126 
22  -192 
14  -16 
-87  -47 
-317  61 
51  -158 
-79  82 
-75  -38 
-94  120 
19  -192 
17  -14 
-86  -50 
-311  66 
45  -160 
-81  84 
-79  -38 
-101  120 
20  -190 
22  -12 
-86  -48 
-314  63 
43  -157 
-83  84 
-79  -38 
-99  118 
19  -191 
21  -20 
-88  -50 
-308  64 
44  -157 
-78  86 
-82  -39 
-99  117 
17  -196 
21  -18 
-87  -47 
-312  71 
43  -157 
-78  81 
-87  -44 
-94  117 
18  -191 
22  -22 
-86  -50 
-313  70 
46  -153 
-75  80 
-88  -44 
-92  115 
20  -191 
8  -27 
-85  -48 
-313  66 
48  -152 
-66  78 
-87  -38 
-95  114 
23  -188 
11  -25 
-86  -47 
-314  63 
47  -151 
-69  80 
-79  -43 
-99  114 
23  -186 
14  -28 
-86  -50 
-311  59 
51  -145 
-73  89 
-79  -47 
-98  110 
17  -184 
14  -31 
-88  -47 
-313  57 
43  -146 
-71  89 
-79  -43 
-101  109 
18  -185 
12  -30 
-93  -46 
-310  60 
48  -144 
-67  88 
-80  -44 
-102  109 
13  -190 
12  -30 
-89  -45 
-305  59 
46  -140 
-67  88 
-80  -42 
-102  106 
10  -188 
15  -28 
-91  -41 
-300  60 
47  -141 
-68  86 
-76  -43 
-106  113 
9  -190 
12  -24 
-94  -43 
-296  55 
46  -137 
-66  91 
-80  -45 
-102  113 
3  -186 
10  -25 
-95  -45 
-301  57 
45  -140 
-63  86 
-83  -42 
-95  113 
4  -187 
15  -27 
-96  -46 
-303  55 
53  -149 
-61  82 
-88  -44 
-94  112 
14  -191 
10  -29 
-98  -48 
-303  54 
54  -149 
-65  76 
-94  -37 
-87  110 
12  -190 
10  -25 
-99  -47 
-303  53 
61  -151 
-65  76 
-89  -38 
-89  109 
16  -190 
17  -34 
-89  -45 
-303  53 
63  -157 
-65  76 
-100  -40 
-85  112 
18  -187 
20  -40 
-84  -50 
-308  50 
62  -160 
-65  79 
-107  -40 
-90  115 
18  -187 
20  -40 
-88  -49 
-309  49 
74  -160 
-67  76 
-106  -41 
-93  118 
15  -181 
20  -40 
-86  -50 
-311  46 
68  -156 
-71  70 
-107  -42 
-95  120 
13  -181 
15  -44 
-85  -49 
-313  48 
68  -155 
-66  67 
-107  -44 
-96  123 
9  -191 
13  -41 
-86  -48 
-311  47 
70  -154 
-65  64 
-107  -44 
-96  122 
11  -196 
11  -40 
-73  -44 
-308  44 
65  -153 
-66  63 
-104  -42 
-101  120 
7  -197 
2  -37 
-75  -37 
-315  46 
67  -156 
-69  66 
-108  -40 
-100  120 
7  -201 
5  -38 
-75  -36 
-315  46 
69  -155 
-71  68 
-114  -39 
-98  118 
4  -199 
-4  -42 
-70  -34 
-310  44 
72  -155 
-72  68 
-108  -40 
-101  118 
5  -200 
-9  -43 
-68  -33 
-311  45 
71  -154 
-71  67 
-113  -37 
-101  120 
8  -195 
-10  -43 
-74  -28 
-311  44 
69  -155 
-70  71 
-116  -31 
-99  120 
5  -189 
-10  -43 
-82  -22 
-312  46 
66  -153 
-72  74 
-118  -30 
-97  123 
1  -183 
-8  -44 
-78  -22 
-310  44 
69  -155 
-68  72 
-120  -30 
-96  117 
7  -177 
-3  -44 
-79  -19 
-304  43 
69  -150 
-73  75 
-119  -34 
-98  112 
14  -177 
-8  -48 
-77  -16 
-304  37 
70  -149 
-72  74 
-118  -34 
-102  109 
9  -181 
-8  -49 
-78  -14 
-304  32 
72  -150 
-67  75 
-123  -34 
-101  107 
12  -183 
-14  -48 
-77  -16 
-304  30 
71  -151 
-69  77 
-121  -36 
-106  111 
11  -185 
